1.368523947894573212e-02
1.368523947894573212e-02
1.075268816202878952e-02
1.075268816202878952e-02
2.052786014974117279e-02
2.346041053533554077e-02
1.368523947894573212e-02
1.759530790150165558e-02
1.857282593846321106e-02
1.173020526766777039e-02
1.661778986454010010e-02
1.857282593846321106e-02
1.955034211277961731e-02
1.564027369022369385e-02
1.564027369022369385e-02
1.661778986454010010e-02
5.865102633833885193e-03
2.737047895789146423e-02
1.466275658458471298e-02
1.759530790150165558e-02
2.248289436101913452e-02
1.466275658458471298e-02
1.368523947894573212e-02
1.955034211277961731e-02
1.075268816202878952e-02
1.857282407581806183e-02
2.052785828709602356e-02
1.564027369022369385e-02
1.857282593846321106e-02
2.150537446141242981e-02
1.857282593846321106e-02
1.564027369022369385e-02
1.173020526766777039e-02
1.466275658458471298e-02
1.270772237330675125e-02
1.564027369022369385e-02
1.564027369022369385e-02
2.248289436101913452e-02
2.150537446141242981e-02
1.759530790150165558e-02
1.368523947894573212e-02
2.150537632405757904e-02
2.052785828709602356e-02
1.368523947894573212e-02
1.759530603885650635e-02
1.661778986454010010e-02
1.955034211277961731e-02
1.759530790150165558e-02
2.346041053533554077e-02
1.661778986454010010e-02
2.150537632405757904e-02
2.443792670965194702e-02
2.443792670965194702e-02
2.639296278357505798e-02
3.128054738044738770e-02
3.519061207771301270e-02
2.834799513220787048e-02
3.225806355476379395e-02
3.421309962868690491e-02
4.203323647379875183e-02
4.789833724498748779e-02
4.105572029948234558e-02
4.985337704420089722e-02
5.376343801617622375e-02
6.353861093521118164e-02
5.865102633833885193e-02
7.135874778032302856e-02
8.406647294759750366e-02
8.895406126976013184e-02
8.895405381917953491e-02
1.006842553615570068e-01
9.286412596702575684e-02
9.677419066429138184e-02
1.163245290517807007e-01
1.124144718050956726e-01
1.358748674392700195e-01
1.378299146890640259e-01
1.368523985147476196e-01
1.378299146890640259e-01
1.368523985147476196e-01
1.388074308633804321e-01
1.642228662967681885e-01
1.593353003263473511e-01
1.691104620695114136e-01
1.593352854251861572e-01
1.554252058267593384e-01
1.876832693815231323e-01
2.072336375713348389e-01
1.857282817363739014e-01
2.052785903215408325e-01
2.013685405254364014e-01
2.238514125347137451e-01
2.248289287090301514e-01
2.326490879058837891e-01
2.434017658233642578e-01
2.619745731353759766e-01
2.600195705890655518e-01
2.561094760894775391e-01
2.619745731353759766e-01
2.766373157501220703e-01
2.825024425983428955e-01
2.688172161579132080e-01
2.952101528644561768e-01
3.352883756160736084e-01
3.235581517219543457e-01
3.313783109188079834e-01
3.225806355476379395e-01
3.284457325935363770e-01
3.313782811164855957e-01
3.607038259506225586e-01
3.499511182308197021e-01
3.450635075569152832e-01
3.626588582992553711e-01
3.812316656112670898e-01
3.616813123226165771e-01
3.646138906478881836e-01
3.626588284969329834e-01
3.900293111801147461e-01
3.988270163536071777e-01
3.949169516563415527e-01
4.046921133995056152e-01
3.988269865512847900e-01
3.870967328548431396e-01
4.213098883628845215e-01
4.310850501060485840e-01
4.183773398399353027e-01
4.261974692344665527e-01
4.389051795005798340e-01
4.330400824546813965e-01
4.252199530601501465e-01
4.437927901744842529e-01
4.193548560142517090e-01
4.643206298351287842e-01
4.418377280235290527e-01
4.437927603721618652e-01
4.467253386974334717e-01
4.613880813121795654e-01
4.838709533214569092e-01
4.965786933898925781e-01
4.789834022521972656e-01
4.643206596374511719e-01
4.740958213806152344e-01
4.770283699035644531e-01
4.809384346008300781e-01
4.926686286926269531e-01
5.034213066101074219e-01
5.141739845275878906e-01
5.073313713073730469e-01
5.190615653991699219e-01
5.073313713073730469e-01
4.985337257385253906e-01
4.965786933898925781e-01
5.180840492248535156e-01
5.073313713073730469e-01
5.190615653991699219e-01
5.219941139221191406e-01
5.161290168762207031e-01
5.122189521789550781e-01
5.288367271423339844e-01
5.278592109680175781e-01
5.092864036560058594e-01
5.327467918395996094e-01
5.395894050598144531e-01
5.307917594909667969e-01
5.483871102333068848e-01
5.415444374084472656e-01
5.493646264076232910e-01
5.552297234535217285e-01
5.395894050598144531e-01
5.513195991516113281e-01
5.503420829772949219e-01
5.522971749305725098e-01
5.581622719764709473e-01
5.483870506286621094e-01
5.503421425819396973e-01
5.630498528480529785e-01
5.444769859313964844e-01
5.689149498939514160e-01
5.522971749305725098e-01
5.943303704261779785e-01
5.366568565368652344e-01
5.659824013710021973e-01
5.659824013710021973e-01
5.542522072792053223e-01
5.816226601600646973e-01
5.552297234535217285e-01
5.943303704261779785e-01
5.855327248573303223e-01
5.806451439857482910e-01
5.747800469398498535e-01
5.796676278114318848e-01
5.757575631141662598e-01
5.855327248573303223e-01
5.982404351234436035e-01
5.796676278114318848e-01
5.982404351234436035e-01
6.050830483436584473e-01
6.060605645179748535e-01
5.874877572059631348e-01
5.855327248573303223e-01
