1.564027369022369385e-02
2.052785828709602356e-02
1.368523947894573212e-02
1.466275658458471298e-02
1.857282407581806183e-02
1.955034211277961731e-02
2.150537446141242981e-02
1.466275658458471298e-02
7.820136845111846924e-03
1.368523947894573212e-02
1.857282593846321106e-02
1.466275658458471298e-02
1.270772237330675125e-02
9.775171056389808655e-03
1.270772237330675125e-02
2.150537446141242981e-02
1.466275658458471298e-02
1.661778986454010010e-02
1.270772237330675125e-02
1.661778986454010010e-02
2.150537632405757904e-02
2.150537446141242981e-02
1.857282407581806183e-02
8.797653950750827789e-03
1.368523947894573212e-02
1.466275658458471298e-02
1.270772237330675125e-02
1.759530603885650635e-02
1.466275658458471298e-02
1.564027369022369385e-02
1.466275658458471298e-02
2.052785828709602356e-02
2.052786014974117279e-02
1.368523947894573212e-02
1.759530790150165558e-02
1.661778986454010010e-02
1.466275658458471298e-02
1.075268816202878952e-02
1.857282593846321106e-02
2.150537818670272827e-02
1.564027369022369385e-02
1.759530603885650635e-02
8.797653950750827789e-03
1.661778986454010010e-02
2.639296092092990875e-02
1.759530790150165558e-02
1.368523947894573212e-02
2.150537632405757904e-02
1.270772237330675125e-02
1.661778986454010010e-02
2.150537632405757904e-02
1.466275658458471298e-02
1.564027369022369385e-02
1.857282407581806183e-02
2.443792670965194702e-02
1.955034211277961731e-02
1.075268816202878952e-02
2.346041239798069000e-02
2.150537632405757904e-02
2.052785828709602356e-02
1.955034211277961731e-02
2.346041053533554077e-02
1.661778986454010010e-02
2.248289249837398529e-02
1.466275658458471298e-02
2.932551503181457520e-02
2.248289436101913452e-02
2.737047895789146423e-02
1.955034211277961731e-02
1.270772237330675125e-02
2.541544288396835327e-02
2.834799513220787048e-02
2.541544288396835327e-02
2.737047895789146423e-02
3.421310335397720337e-02
3.519061580300331116e-02
4.203323647379875183e-02
4.301075264811515808e-02
5.376344174146652222e-02
5.376344174146652222e-02
6.158357858657836914e-02
5.571847409009933472e-02
7.624633610248565674e-02
8.015640079975128174e-02
8.406646549701690674e-02
9.286412596702575684e-02
1.045943349599838257e-01
1.143695041537284851e-01
1.075268834829330444e-01
1.456500440835952759e-01
1.368523985147476196e-01
1.407624632120132446e-01
1.573802530765533447e-01
1.573802381753921509e-01
1.867057532072067261e-01
1.935483962297439575e-01
1.769305914640426636e-01
2.052786052227020264e-01
2.062561213970184326e-01
2.209188640117645264e-01
2.238514423370361328e-01
2.590420246124267578e-01
2.473118305206298828e-01
2.453567981719970703e-01
2.531769275665283203e-01
2.707722485065460205e-01
2.649071514606475830e-01
3.079178631305694580e-01
3.020527660846710205e-01
3.108504116535186768e-01
3.108504116535186768e-01
3.304007649421691895e-01
3.216031193733215332e-01
3.255131840705871582e-01
3.294232487678527832e-01
3.509286344051361084e-01
3.274681866168975830e-01
3.714565038681030273e-01
3.558162152767181396e-01
3.538611531257629395e-01
3.763440847396850586e-01
3.655914068222045898e-01
3.890518546104431152e-01
4.066470861434936523e-01
4.252199530601501465e-01
4.183773398399353027e-01
4.203323721885681152e-01
3.929618895053863525e-01
4.261974394321441650e-01
4.369501471519470215e-01
4.379276931285858154e-01
4.349951446056365967e-01
4.477028846740722656e-01
4.486803412437438965e-01
4.281525015830993652e-01
4.389051795005798340e-01
4.623655974864959717e-01
4.340175986289978027e-01
4.643206596374511719e-01
4.809384346008300781e-01
4.897360801696777344e-01
4.721407890319824219e-01
4.613881111145019531e-01
4.828934371471405029e-01
4.789834022521972656e-01
4.809384346008300781e-01
4.946236610412597656e-01
4.789834022521972656e-01
4.995112419128417969e-01
4.946236610412597656e-01
5.200390815734863281e-01
4.936461448669433594e-01
4.985337257385253906e-01
5.004887580871582031e-01
5.122189521789550781e-01
5.024437904357910156e-01
5.141739845275878906e-01
5.053763389587402344e-01
5.141739845275878906e-01
5.112414360046386719e-01
5.171065330505371094e-01
5.278592109680175781e-01
5.239491462707519531e-01
5.395894050598144531e-01
5.317692756652832031e-01
5.268816947937011719e-01
5.356793403625488281e-01
5.278592109680175781e-01
5.386118888854980469e-01
5.444769859313964844e-01
5.474095344543457031e-01
5.425219535827636719e-01
5.444770455360412598e-01
5.464320182800292969e-01
5.874877572059631348e-01
5.532746911048889160e-01
5.767350792884826660e-01
5.640273094177246094e-01
5.640273690223693848e-01
5.581622719764709473e-01
5.708699822425842285e-01
5.601173043251037598e-01
5.513195991516113281e-01
5.513196587562561035e-01
5.532746315002441406e-01
5.826001763343811035e-01
5.718474388122558594e-01
5.689149498939514160e-01
5.855327248573303223e-01
5.718474984169006348e-01
5.738025307655334473e-01
5.747800469398498535e-01
5.767350792884826660e-01
5.962854027748107910e-01
5.816226601600646973e-01
5.884652733802795410e-01
5.884652137756347656e-01
5.767350196838378906e-01
5.913978219032287598e-01
5.972629189491271973e-01
