1.564027369022369385e-02
1.368523947894573212e-02
2.639296278357505798e-02
2.150537818670272827e-02
1.270772237330675125e-02
1.270772237330675125e-02
1.173020526766777039e-02
1.759530790150165558e-02
1.564027369022369385e-02
1.955034211277961731e-02
2.052785828709602356e-02
1.759530603885650635e-02
1.173020526766777039e-02
2.346041053533554077e-02
1.661778986454010010e-02
2.150537446141242981e-02
1.564027369022369385e-02
1.564027369022369385e-02
1.661778986454010010e-02
2.248289249837398529e-02
1.564027369022369385e-02
1.368523947894573212e-02
1.466275658458471298e-02
1.857282407581806183e-02
1.661778986454010010e-02
1.857282407581806183e-02
1.661778986454010010e-02
1.368523947894573212e-02
1.955034211277961731e-02
1.661778986454010010e-02
1.466275658458471298e-02
2.346040867269039154e-02
1.368523947894573212e-02
1.759530603885650635e-02
2.443792670965194702e-02
1.368523947894573212e-02
1.857282593846321106e-02
1.759530790150165558e-02
1.564027369022369385e-02
1.173020526766777039e-02
1.857282593846321106e-02
1.661778986454010010e-02
2.052786014974117279e-02
2.932551316916942596e-02
2.150537632405757904e-02
1.661778986454010010e-02
2.737047895789146423e-02
1.857282593846321106e-02
2.346041053533554077e-02
1.955034211277961731e-02
2.248289436101913452e-02
2.052785828709602356e-02
2.639296278357505798e-02
2.541544474661350250e-02
3.421309962868690491e-02
2.737047895789146423e-02
2.443792670965194702e-02
3.128054738044738770e-02
3.812316432595252991e-02
5.083088949322700500e-02
4.594330117106437683e-02
5.669599026441574097e-02
6.647116690874099731e-02
6.842619925737380981e-02
6.940371543169021606e-02
8.993156999349594116e-02
8.504398912191390991e-02
9.872923791408538818e-02
9.677419066429138184e-02
1.045943275094032288e-01
1.221896409988403320e-01
1.378299146890640259e-01
1.085043996572494507e-01
1.319648027420043945e-01
1.260997056961059570e-01
1.622678488492965698e-01
1.564027369022369385e-01
1.593352854251861572e-01
1.710654944181442261e-01
1.730205118656158447e-01
1.769305914640426636e-01
2.140762507915496826e-01
2.091886699199676514e-01
2.082111537456512451e-01
2.404692173004150391e-01
2.218963801860809326e-01
2.091886550188064575e-01
2.541544437408447266e-01
2.707722187042236328e-01
2.473118156194686890e-01
2.619745731353759766e-01
2.981427013874053955e-01
2.961876690387725830e-01
2.707722485065460205e-01
3.088954091072082520e-01
3.333333134651184082e-01
3.186705708503723145e-01
3.245356678962707520e-01
3.313782811164855957e-01
3.362658619880676270e-01
3.577712178230285645e-01
3.607038259506225586e-01
3.773216009140014648e-01
3.714565038681030273e-01
3.763440847396850586e-01
3.919843733310699463e-01
4.046920537948608398e-01
4.115347266197204590e-01
3.988269865512847900e-01
3.958944082260131836e-01
4.183773398399353027e-01
3.998045325279235840e-01
4.203323125839233398e-01
4.242424666881561279e-01
3.978495001792907715e-01
4.134897589683532715e-01
4.496578574180603027e-01
4.418377578258514404e-01
4.447703063488006592e-01
4.652981460094451904e-01
4.789833724498748779e-01
4.780058562755584717e-01
4.545454680919647217e-01
4.721407592296600342e-01
4.740957915782928467e-01
4.838709831237792969e-01
4.740958213806152344e-01
4.731183052062988281e-01
4.956011772155761719e-01
4.868035316467285156e-01
4.652981460094451904e-01
4.985337257385253906e-01
4.897360801696777344e-01
5.004887580871582031e-01
5.171065330505371094e-01
4.956011772155761719e-01
5.112414360046386719e-01
5.073313713073730469e-01
5.063538551330566406e-01
5.043988227844238281e-01
5.307917594909667969e-01
5.268816947937011719e-01
5.298142433166503906e-01
5.141739845275878906e-01
5.239491462707519531e-01
5.405669212341308594e-01
5.454545021057128906e-01
5.474095940589904785e-01
5.307918190956115723e-01
5.327467918395996094e-01
5.552296638488769531e-01
5.669599175453186035e-01
5.278592109680175781e-01
5.366568565368652344e-01
5.708699822425842285e-01
5.591397881507873535e-01
5.522971153259277344e-01
5.552297234535217285e-01
5.669599175453186035e-01
5.747800469398498535e-01
5.659824013710021973e-01
5.601173043251037598e-01
5.620723366737365723e-01
5.786901116371154785e-01
5.845552086830139160e-01
5.679373741149902344e-01
5.591397881507873535e-01
5.806451439857482910e-01
5.982404351234436035e-01
5.874877572059631348e-01
5.806451439857482910e-01
5.943303704261779785e-01
5.865102410316467285e-01
5.913978219032287598e-01
5.962854027748107910e-01
5.923753380775451660e-01
6.011729836463928223e-01
6.089931130409240723e-01
6.041055321693420410e-01
5.992179512977600098e-01
6.031280159950256348e-01
6.158357262611389160e-01
6.099706292152404785e-01
6.050830483436584473e-01
5.816226601600646973e-01
6.070380806922912598e-01
6.060605645179748535e-01
6.138807535171508789e-01
6.158357262611389160e-01
5.972629189491271973e-01
6.168132424354553223e-01
6.099706292152404785e-01
6.246333718299865723e-01
6.334310173988342285e-01
6.432061791419982910e-01
6.304984688758850098e-01
6.246334314346313477e-01
6.383185982704162598e-01
6.324535012245178223e-01
6.373411417007446289e-01
