2.950098276138305664e+00
5.391834974288940430e+00
7.822563886642456055e+00
1.022827529907226562e+01
1.267901897430419922e+01
1.516078424453735352e+01
1.759651803970336914e+01
2.005126309394836426e+01
2.248799657821655273e+01
2.496675920486450195e+01
2.739948940277099609e+01
2.985123324394226074e+01
3.230197644233703613e+01
3.477573609352111816e+01
3.725550150871276855e+01
3.977929568290710449e+01
4.224204707145690918e+01
4.468279743194580078e+01
4.715854477882385254e+01
4.962830138206481934e+01
5.216910839080810547e+01
5.462685728073120117e+01
5.711562657356262207e+01
5.958138084411621094e+01
6.208516240119934082e+01
6.456792759895324707e+01
6.707070803642272949e+01
6.954046463966369629e+01
7.204224467277526855e+01
7.456103563308715820e+01
7.705080676078796387e+01
7.956459546089172363e+01
8.204936265945434570e+01
8.451913475990295410e+01
8.699388003349304199e+01
8.946263575553894043e+01
9.193239283561706543e+01
9.439814591407775879e+01
9.687190628051757812e+01
9.939169836044311523e+01
1.018764665126800537e+02
1.043492255210876465e+02
1.068389954566955566e+02
1.093147563934326172e+02
1.117995243072509766e+02
1.142582736015319824e+02
1.168441123962402344e+02
1.193308815956115723e+02
1.218306591510772705e+02
1.243194296360015869e+02
1.267911887168884277e+02
1.292939677238464355e+02
1.318057546615600586e+02
1.342955260276794434e+02
1.368063123226165771e+02
1.392790713310241699e+02
1.417528305053710938e+02
1.442626154422760010e+02
1.467493844032287598e+02
1.492291491031646729e+02
1.517019073963165283e+02
1.542186973094940186e+02
1.567014772891998291e+02
1.591872458457946777e+02
1.616559884548187256e+02
1.641337502002716064e+02
1.666125133037567139e+02
1.691423130035400391e+02
1.716370878219604492e+02
1.741208536624908447e+02
1.766496529579162598e+02
1.791154067516326904e+02
1.815701527595520020e+02
1.840419106483459473e+02
1.865627038478851318e+02
1.890254559516906738e+02
1.915292365550994873e+02
1.940160202980041504e+02
1.964727532863616943e+02
1.989815375804901123e+02
2.014562983512878418e+02
2.039570767879486084e+02
2.064358401298522949e+02
2.088995926380157471e+02
2.113903639316558838e+02
2.138431100845336914e+02
2.163158683776855469e+02
2.188026373386383057e+02
2.212653884887695312e+02
2.237561600208282471e+02
2.262499349117279053e+02
2.287226929664611816e+02
2.312014567852020264e+02
2.336792187690734863e+02
2.361659877300262451e+02
2.385877103805541992e+02
2.410534644126892090e+02
2.435452370643615723e+02
2.460330064296722412e+02
2.485137703418731689e+02
2.510275585651397705e+02
2.535003173351287842e+02
2.559600679874420166e+02
2.584328267574310303e+02
2.608955781459808350e+02
2.633883512020111084e+02
2.658601093292236328e+02
2.684949841499328613e+02
2.709767484664916992e+02
2.734685213565826416e+02
2.759122593402862549e+02
2.783830170631408691e+02
2.809078135490417480e+02
2.833725666999816895e+02
2.858723444938659668e+02
2.883200855255126953e+02
2.907788341045379639e+02
2.932455885410308838e+02
2.956973335742950439e+02
2.981060464382171631e+02
3.005798060894012451e+02
3.030775823593139648e+02
3.055323429107666016e+02
3.079810707569122314e+02
3.104258098602294922e+02
3.128785543441772461e+02
3.153583185672760010e+02
3.178110623359680176e+02
3.202768173217773438e+02
3.226885321140289307e+02
3.251442794799804688e+02
3.276130349636077881e+02
3.301788597106933594e+02
3.326656284332275391e+02
3.351443922519683838e+02
3.376221549510955811e+02
3.401039197444915771e+02
3.425576658248901367e+02
3.450224187374114990e+02
3.474751775264739990e+02
3.499128968715667725e+02
3.523466281890869141e+02
3.548023750782012939e+02
3.572481148242950439e+02
3.596888513565063477e+02
3.621906304359436035e+02
3.646023459434509277e+02
3.670681002140045166e+02
3.695038323402404785e+02
3.719775919914245605e+02
3.744263486862182617e+02
3.768950898647308350e+02
3.793678493499755859e+02
3.817895722389221191e+02
3.842363119125366211e+02
3.866990633010864258e+02
3.891438026428222656e+02
3.915795357227325439e+02
3.940282909870147705e+02
3.964479982852935791e+02
3.989007427692413330e+02
4.013715002536773682e+02
4.038352530002593994e+02
4.063100132942199707e+02
4.087407419681549072e+02
4.111704704761505127e+02
4.136342225074768066e+02
4.161900413036346436e+02
4.186367809772491455e+02
4.210575037002563477e+02
4.234752230644226074e+02
4.259600064754486084e+02
4.284027280807495117e+02
4.308534724712371826e+02
4.332801969051361084e+02
4.357499537467956543e+02
4.382527344226837158e+02
4.407314972877502441e+02
4.431772382259368896e+02
4.456299819946289062e+02
4.482188231945037842e+02
4.506815755367279053e+02
4.531393234729766846e+02
4.556771285533905029e+02
4.581799237728118896e+02
4.606446626186370850e+02
4.631064136028289795e+02
4.655841755867004395e+02
4.680058979988098145e+02
4.704656476974487305e+02
4.729163916110992432e+02
4.753881652355194092e+02
4.778008658885955811e+02
4.802105801105499268e+02
4.826773340702056885e+02
4.851270766258239746e+02
4.875778198242187500e+02
4.899835312366485596e+02
4.924342749118804932e+02
4.948700075149536133e+02
