1.247947290539741516e-02
1.543513871729373932e-02
2.003284171223640442e-02
1.510673295706510544e-02
2.068965509533882141e-02
1.576354540884494781e-02
1.444991771131753922e-02
1.707717590034008026e-02
1.543513871729373932e-02
1.871921122074127197e-02
1.937602646648883820e-02
1.576354540884494781e-02
1.609195396304130554e-02
1.707717403769493103e-02
1.839080452919006348e-02
1.871921122074127197e-02
1.412151195108890533e-02
1.642036065459251404e-02
1.543513871729373932e-02
1.444991771131753922e-02
1.707717590034008026e-02
1.477832347154617310e-02
1.477832347154617310e-02
1.904761791229248047e-02
1.642036065459251404e-02
1.871921122074127197e-02
1.674876920878887177e-02
1.740558259189128876e-02
1.510673295706510544e-02
1.773399114608764648e-02
1.806239783763885498e-02
1.642036065459251404e-02
1.806239597499370575e-02
2.036124840378761292e-02
1.773399114608764648e-02
1.609195396304130554e-02
1.839080452919006348e-02
1.839080452919006348e-02
1.937602460384368896e-02
2.266009710729122162e-02
1.674876734614372253e-02
2.331691235303878784e-02
2.167487703263759613e-02
2.003283798694610596e-02
2.134646847844123840e-02
2.266009896993637085e-02
2.791461534798145294e-02
2.955665066838264465e-02
3.809523582458496094e-02
4.597701132297515869e-02
5.714285746216773987e-02
6.436781585216522217e-02
7.159277796745300293e-02
7.980295270681381226e-02
8.834154158830642700e-02
8.899835497140884399e-02
9.852216392755508423e-02
1.159277409315109253e-01
1.284072101116180420e-01
1.520525515079498291e-01
1.500820964574813843e-01
1.658456325531005859e-01
1.816091835498809814e-01
1.983579695224761963e-01
2.236453145742416382e-01
2.315270900726318359e-01
2.308702766895294189e-01
2.476190328598022461e-01
2.591133117675781250e-01
2.709359526634216309e-01
2.827585935592651367e-01
2.883415520191192627e-01
2.991789579391479492e-01
3.139573037624359131e-01
3.172413706779479980e-01
3.159277439117431641e-01
3.316912651062011719e-01
3.467980027198791504e-01
3.582922816276550293e-01
3.645319938659667969e-01
3.707717657089233398e-01
3.733989894390106201e-01
3.661740422248840332e-01
3.796387016773223877e-01
3.980295360088348389e-01
3.967159092426300049e-01
3.977011442184448242e-01
4.091953635215759277e-01
4.062397181987762451e-01
4.134646952152252197e-01
4.229884743690490723e-01
4.305418133735656738e-01
4.288997948169708252e-01
4.288998246192932129e-01
4.269293546676635742e-01
4.610837101936340332e-01
4.459769725799560547e-01
4.453201591968536377e-01
4.660097956657409668e-01
4.482758343219757080e-01
4.584564268589019775e-01
4.712643325328826904e-01
4.768472611904144287e-01
4.666666388511657715e-01
4.784893095493316650e-01
4.729063510894775391e-01
4.771756827831268311e-01
4.935960173606872559e-01
4.860426783561706543e-01
4.817733466625213623e-01
4.988505542278289795e-01
4.932675957679748535e-01
4.945812821388244629e-01
4.958948791027069092e-01
5.133004784584045410e-01
5.034482479095458984e-01
5.113300085067749023e-01
5.014777779579162598e-01
5.093595385551452637e-01
5.139572620391845703e-01
5.182265639305114746e-01
5.113300085067749023e-01
5.323480963706970215e-01
5.188834071159362793e-01
5.211822390556335449e-01
5.435138940811157227e-01
5.343185067176818848e-01
5.366173386573791504e-01
5.362889766693115234e-01
5.349752902984619141e-01
5.339900851249694824e-01
5.385878086090087891e-01
5.500820875167846680e-01
5.546797513961791992e-01
5.612478256225585938e-01
5.458127260208129883e-01
5.513956546783447266e-01
5.510672926902770996e-01
5.632183551788330078e-01
5.589490532875061035e-01
5.481115579605102539e-01
5.619046688079833984e-01
5.707716941833496094e-01
5.665023922920227051e-01
5.717568993568420410e-01
5.635467171669006348e-01
5.697864890098571777e-01
5.681444406509399414e-01
5.714284777641296387e-01
5.793102979660034180e-01
5.688012838363647461e-01
5.717568993568420410e-01
5.674875974655151367e-01
5.842363834381103516e-01
5.802955031394958496e-01
5.898192524909973145e-01
5.878488421440124512e-01
5.878489613533020020e-01
5.868636965751647949e-01
5.711000561714172363e-01
5.773398280143737793e-01
5.809522867202758789e-01
5.908045768737792969e-01
5.871920585632324219e-01
5.842363834381103516e-01
5.924465060234069824e-01
5.990146994590759277e-01
5.937601923942565918e-01
6.009851694107055664e-01
5.967158079147338867e-01
6.075533032417297363e-01
5.875204801559448242e-01
5.980294942855834961e-01
5.921181440353393555e-01
6.003283262252807617e-01
6.075533628463745117e-01
6.022987961769104004e-01
5.911329388618469238e-01
6.059113144874572754e-01
5.954022407531738281e-01
6.108373403549194336e-01
5.999999642372131348e-01
6.098521351814270020e-01
6.049260497093200684e-01
6.098520755767822266e-01
6.065680384635925293e-01
6.045976281166076660e-01
6.137930154800415039e-01
6.111657619476318359e-01
6.249588727951049805e-01
6.078817248344421387e-01
6.114941835403442383e-01
6.164202690124511719e-01
6.269292831420898438e-01
6.262725591659545898e-01
6.187192201614379883e-01
6.210179328918457031e-01
6.118226051330566406e-01
6.252872943878173828e-01
6.311986446380615234e-01
