1.379310339689254761e-02
1.444991771131753922e-02
1.576354727149009705e-02
1.642036065459251404e-02
2.068965509533882141e-02
1.806239783763885498e-02
1.740558259189128876e-02
1.806239597499370575e-02
1.740558259189128876e-02
1.642036251723766327e-02
1.609195396304130554e-02
1.642036065459251404e-02
1.379310432821512222e-02
1.937602460384368896e-02
1.937602646648883820e-02
1.477832533419132233e-02
1.609195396304130554e-02
1.642036065459251404e-02
2.003284171223640442e-02
1.609195396304130554e-02
1.444991771131753922e-02
1.477832533419132233e-02
1.379310339689254761e-02
1.740558259189128876e-02
1.642036065459251404e-02
1.576354727149009705e-02
1.904761977493762970e-02
1.806239783763885498e-02
1.642036065459251404e-02
1.576354727149009705e-02
1.773398928344249725e-02
1.477832533419132233e-02
1.839080266654491425e-02
1.707717590034008026e-02
1.871921122074127197e-02
1.642036065459251404e-02
1.937602460384368896e-02
1.707717590034008026e-02
1.707717590034008026e-02
1.642036065459251404e-02
1.740558259189128876e-02
2.134646847844123840e-02
1.609195396304130554e-02
1.609195396304130554e-02
1.444991771131753922e-02
1.871921308338642120e-02
1.839080452919006348e-02
2.003283984959125519e-02
1.970443315804004669e-02
2.528735622763633728e-02
2.627257816493511200e-02
2.758620306849479675e-02
3.316912800073623657e-02
4.170771688222885132e-02
5.057470872998237610e-02
5.615763366222381592e-02
6.535303592681884766e-02
6.798028945922851562e-02
8.866995573043823242e-02
1.044335067272186279e-01
1.257799565792083740e-01
1.402298808097839355e-01
1.592774987220764160e-01
1.812807768583297729e-01
1.760262548923492432e-01
2.065681517124176025e-01
2.203612476587295532e-01
2.331691235303878784e-01
2.420361191034317017e-01
2.564860582351684570e-01
2.656814455986022949e-01
2.676518559455871582e-01
3.057471215724945068e-01
2.962233126163482666e-01
3.080459833145141602e-01
3.116584420204162598e-01
3.372741937637329102e-01
3.399014770984649658e-01
3.362889885902404785e-01
3.602627217769622803e-01
3.550081849098205566e-01
3.665024340152740479e-01
3.704433441162109375e-01
3.789819180965423584e-01
3.825943768024444580e-01
3.911329507827758789e-01
3.954022526741027832e-01
3.911330103874206543e-01
4.039408266544342041e-01
4.216748476028442383e-01
4.203611910343170166e-01
4.226600527763366699e-01
4.259441494941711426e-01
4.275861978530883789e-01
4.380951821804046631e-01
4.341543316841125488e-01
4.459769725799560547e-01
4.594416618347167969e-01
4.430212974548339844e-01
4.587849080562591553e-01
4.650245904922485352e-01
4.486042559146881104e-01
4.673234522342681885e-01
4.653529822826385498e-01
4.745484292507171631e-01
4.748767912387847900e-01
4.837438166141510010e-01
4.830870032310485840e-01
4.804597496986389160e-01
4.968801438808441162e-01
4.883415102958679199e-01
4.949097037315368652e-01
5.047618746757507324e-01
5.047618746757507324e-01
5.231527090072631836e-01
5.096879601478576660e-01
5.211822390556335449e-01
5.116584300994873047e-01
5.293924212455749512e-01
5.257799625396728516e-01
5.231526494026184082e-01
5.251231193542480469e-01
5.303776264190673828e-01
5.313627719879150391e-01
5.343185067176818848e-01
5.310344696044921875e-01
5.339900851249694824e-01
5.330049395561218262e-01
5.477831959724426270e-01
5.435139536857604980e-01
5.477831363677978516e-01
5.418718457221984863e-01
5.642035603523254395e-01
5.494252443313598633e-01
5.642035603523254395e-01
5.576354265213012695e-01
5.527093410491943359e-01
5.563217401504516602e-01
5.530377626419067383e-01
5.658456683158874512e-01
5.628899335861206055e-01
5.632183551788330078e-01
5.802955627441406250e-01
5.756978392601013184e-01
5.678160190582275391e-01
5.740557909011840820e-01
5.628899335861206055e-01
5.904761552810668945e-01
5.865352749824523926e-01
5.865352749824523926e-01
5.885057449340820312e-01
5.931033492088317871e-01
5.891624689102172852e-01
5.812807083129882812e-01
5.839079618453979492e-01
5.825943350791931152e-01
5.970442891120910645e-01
5.786534547805786133e-01
6.003283858299255371e-01
5.973726511001586914e-01
5.990147590637207031e-01
6.006567478179931641e-01
6.114941835403442383e-01
5.904761552810668945e-01
6.105089783668518066e-01
6.052544116973876953e-01
6.022987365722656250e-01
6.065680980682373047e-01
6.105089783668518066e-01
6.121510267257690430e-01
6.068964004516601562e-01
6.019703745841979980e-01
6.131362318992614746e-01
6.128078699111938477e-01
6.022987961769104004e-01
6.065680980682373047e-01
6.206895709037780762e-01
6.160919070243835449e-01
6.151066422462463379e-01
6.249589323997497559e-01
6.210179924964904785e-01
6.282429695129394531e-01
6.328406929969787598e-01
6.177339553833007812e-01
6.266009211540222168e-01
6.141214966773986816e-01
6.344826817512512207e-01
6.164202690124511719e-01
6.371099352836608887e-01
6.325122714042663574e-01
6.229884028434753418e-01
6.203612089157104492e-01
6.266009211540222168e-01
6.397371888160705566e-01
6.233168840408325195e-01
6.400656104087829590e-01
6.371099352836608887e-01
6.449916958808898926e-01
6.338258981704711914e-01
6.288997530937194824e-01
