1.806239783763885498e-02
2.003284171223640442e-02
1.576354540884494781e-02
1.510673295706510544e-02
1.707717590034008026e-02
2.101806551218032837e-02
1.642036065459251404e-02
1.904761977493762970e-02
1.773398928344249725e-02
1.871921122074127197e-02
2.397372573614120483e-02
1.642036065459251404e-02
1.806239597499370575e-02
2.036124654114246368e-02
1.937602646648883820e-02
1.806239783763885498e-02
1.839080452919006348e-02
1.871921308338642120e-02
2.397372573614120483e-02
2.397372759878635406e-02
2.725780010223388672e-02
2.955665066838264465e-02
3.021346405148506165e-02
3.908045962452888489e-02
4.564860090613365173e-02
5.648604035377502441e-02
6.699506938457489014e-02
6.896551698446273804e-02
8.210179954767227173e-02
7.586207240819931030e-02
9.359606355428695679e-02
1.083743795752525330e-01
1.169129759073257446e-01
1.287356466054916382e-01
1.395730674266815186e-01
1.484400629997253418e-01
1.681444793939590454e-01
1.776683181524276733e-01
1.858784854412078857e-01
2.036124765872955322e-01
2.085385918617248535e-01
2.351395785808563232e-01
2.377668321132659912e-01
2.502463161945343018e-01
2.551723718643188477e-01
2.729064226150512695e-01
2.758620381355285645e-01
2.692939341068267822e-01
3.004925847053527832e-01
3.044334650039672852e-01
3.050903379917144775e-01
3.336617350578308105e-01
3.244663476943969727e-01
3.487684130668640137e-01
3.490968942642211914e-01
3.563218116760253906e-01
3.556650280952453613e-01
3.635467886924743652e-01
3.714285492897033691e-01
3.704433143138885498e-01
3.750410377979278564e-01
3.891625404357910156e-01
3.999999761581420898e-01
3.973727226257324219e-01
4.095237851142883301e-01
4.124794602394104004e-01
4.213464260101318359e-01
4.282429814338684082e-01
4.272577762603759766e-01
4.292282164096832275e-01
4.505746960639953613e-01
4.584564566612243652e-01
4.466337859630584717e-01
4.640394151210784912e-01
4.446633756160736084e-01
4.584564268589019775e-01
4.656814038753509521e-01
4.555008113384246826e-01
4.844006299972534180e-01
4.745484292507171631e-01
4.814449548721313477e-01
4.712643325328826904e-01
4.968801140785217285e-01
4.942528307437896729e-01
5.031198263168334961e-01
4.952380657196044922e-01
5.060755014419555664e-01
4.991789758205413818e-01
5.037766695022583008e-01
4.958949089050292969e-01
5.027914047241210938e-01
5.218390822410583496e-01
5.041050910949707031e-01
5.103448629379272461e-01
5.231527090072631836e-01
5.264367461204528809e-01
5.192118287086486816e-01
5.264366865158081055e-01
5.336617231369018555e-01
5.474548339843750000e-01
5.290639996528625488e-01
5.444991588592529297e-01
5.487684011459350586e-01
5.500820279121398926e-01
5.448275208473205566e-01
5.431854724884033203e-01
5.451559424400329590e-01
5.458127856254577637e-01
5.510672926902770996e-01
5.504103899002075195e-01
5.517240762710571289e-01
5.625615715980529785e-01
5.586206316947937012e-01
5.635467767715454102e-01
5.559933781623840332e-01
5.510672926902770996e-01
5.582922697067260742e-01
5.711000561714172363e-01
5.727421641349792480e-01
5.628899335861206055e-01
5.622330904006958008e-01
5.763545632362365723e-01
5.809523463249206543e-01
5.848931670188903809e-01
5.707716941833496094e-01
5.848932266235351562e-01
5.688012838363647461e-01
5.924465656280517578e-01
5.927749872207641602e-01
5.940886139869689941e-01
5.829227566719055176e-01
5.993431210517883301e-01
5.816091299057006836e-01
5.835795998573303223e-01
5.891625285148620605e-01
5.770114660263061523e-01
5.960590839385986328e-01
5.999999642372131348e-01
6.029555797576904297e-01
5.999999642372131348e-01
5.996715426445007324e-01
6.036124229431152344e-01
5.888341069221496582e-01
5.986863374710083008e-01
6.029555797576904297e-01
6.164203286170959473e-01
5.993431806564331055e-01
5.960589647293090820e-01
6.180623173713684082e-01
6.055828332901000977e-01
6.075533032417297363e-01
6.216747760772705078e-01
6.098521947860717773e-01
6.131361722946166992e-01
6.249588131904602051e-01
6.114941835403442383e-01
6.200327277183532715e-01
6.269293427467346191e-01
6.315270066261291504e-01
6.151066422462463379e-01
6.413792371749877930e-01
6.236452460289001465e-01
6.203612089157104492e-01
6.154351234436035156e-01
6.226600408554077148e-01
6.187191009521484375e-01
6.417076587677001953e-01
6.285713315010070801e-01
6.275860667228698730e-01
6.302133798599243164e-01
6.308701634407043457e-01
6.400655508041381836e-01
6.410508751869201660e-01
6.275861263275146484e-01
6.456485390663146973e-01
6.394088268280029297e-01
6.325122714042663574e-01
6.387519836425781250e-01
6.407223939895629883e-01
6.338258981704711914e-01
6.410508155822753906e-01
6.443349123001098633e-01
6.344826817512512207e-01
6.338258385658264160e-01
6.522166728973388672e-01
6.413792371749877930e-01
6.413792967796325684e-01
6.374383568763732910e-01
6.423644423484802246e-01
6.410507559776306152e-01
6.413792371749877930e-01
6.538587212562561035e-01
6.532019376754760742e-01
6.351394653320312500e-01
6.472905874252319336e-01
6.364530920982360840e-01
6.571427583694458008e-01
6.459769010543823242e-01
6.541871428489685059e-01
6.479473710060119629e-01
