3.170731663703918457e-02
2.195121720433235168e-02
2.682926878333091736e-02
9.756097570061683655e-03
2.195122092962265015e-02
1.707316935062408447e-02
2.195121906697750092e-02
1.463414635509252548e-02
2.195121906697750092e-02
2.195121906697750092e-02
1.951219514012336731e-02
1.707317121326923370e-02
2.439024299383163452e-02
2.439024299383163452e-02
9.756097570061683655e-03
2.195121720433235168e-02
1.707316935062408447e-02
2.439024299383163452e-02
1.951219514012336731e-02
1.219512149691581726e-02
2.439024299383163452e-02
2.926829084753990173e-02
3.170731663703918457e-02
2.682926878333091736e-02
3.658536821603775024e-02
3.658536821603775024e-02
2.926829084753990173e-02
3.902439400553703308e-02
3.170731663703918457e-02
2.195122092962265015e-02
2.682926692068576813e-02
4.146341606974601746e-02
2.439024485647678375e-02
4.634146392345428467e-02
5.121951550245285034e-02
5.853658914566040039e-02
4.390244185924530029e-02
4.878049343824386597e-02
5.121951177716255188e-02
5.609755963087081909e-02
5.121951550245285034e-02
6.097560748457908630e-02
6.341463327407836914e-02
6.097561120986938477e-02
8.292682468891143799e-02
7.073170691728591919e-02
5.609756335616111755e-02
7.560975849628448486e-02
8.536585420370101929e-02
6.829267740249633789e-02
8.292682468891143799e-02
8.292682468891143799e-02
7.804878056049346924e-02
9.024389833211898804e-02
9.024389833211898804e-02
1.024390310049057007e-01
1.146341487765312195e-01
9.512195736169815063e-02
1.097560971975326538e-01
1.243902444839477539e-01
1.024390235543251038e-01
1.219512224197387695e-01
1.536585390567779541e-01
1.341463327407836914e-01
1.170731633901596069e-01
1.634146273136138916e-01
1.487804949283599854e-01
1.292683035135269165e-01
1.707316935062408447e-01
1.390243917703628540e-01
1.317073106765747070e-01
1.780487746000289917e-01
1.878048777580261230e-01
1.707316935062408447e-01
1.878048777580261230e-01
1.756097525358200073e-01
1.853658556938171387e-01
1.951219439506530762e-01
1.829268187284469604e-01
2.146341353654861450e-01
1.999999880790710449e-01
2.000000029802322388e-01
1.999999880790710449e-01
2.390244007110595703e-01
2.292682826519012451e-01
2.121951282024383545e-01
2.463414669036865234e-01
2.048780322074890137e-01
2.756097316741943359e-01
2.073170691728591919e-01
2.439024299383163452e-01
2.585366070270538330e-01
2.682926952838897705e-01
2.682926654815673828e-01
2.560975551605224609e-01
2.756097614765167236e-01
2.951219379901885986e-01
2.756097316741943359e-01
2.902438938617706299e-01
3.219512403011322021e-01
3.024390041828155518e-01
3.536585271358489990e-01
3.024390339851379395e-01
3.219512104988098145e-01
3.121950924396514893e-01
3.097560703754425049e-01
3.341463506221771240e-01
3.146341443061828613e-01
3.487805128097534180e-01
3.682926595211029053e-01
3.682926893234252930e-01
3.317072987556457520e-01
3.487804532051086426e-01
3.707316815853118896e-01
3.487805128097534180e-01
3.536585271358489990e-01
3.756097555160522461e-01
3.682926893234252930e-01
3.609756231307983398e-01
3.536585271358489990e-01
3.878048658370971680e-01
3.902438879013061523e-01
3.951219618320465088e-01
3.780487775802612305e-01
3.829268515110015869e-01
3.634146153926849365e-01
4.243902266025543213e-01
4.170731902122497559e-01
4.146341383457183838e-01
4.195121824741363525e-01
4.146341383457183838e-01
3.951219618320465088e-01
3.926829397678375244e-01
4.463414549827575684e-01
4.195121824741363525e-01
4.414633810520172119e-01
4.439024329185485840e-01
3.975610136985778809e-01
4.365853667259216309e-01
4.512194991111755371e-01
4.024390280246734619e-01
4.390243887901306152e-01
4.341463446617126465e-01
4.170731902122497559e-01
4.707317352294921875e-01
4.634146690368652344e-01
4.292683005332946777e-01
4.024390280246734619e-01
4.560976028442382812e-01
4.414634108543395996e-01
4.414634406566619873e-01
4.463414549827575684e-01
4.609755873680114746e-01
4.829268157482147217e-01
4.390243887901306152e-01
4.390243887901306152e-01
4.536585211753845215e-01
4.585365653038024902e-01
4.243902564048767090e-01
4.853658676147460938e-01
4.682926535606384277e-01
4.268292784690856934e-01
4.902439117431640625e-01
4.682926535606384277e-01
4.707317352294921875e-01
4.780488014221191406e-01
4.756097197532653809e-01
4.999999403953552246e-01
4.560975432395935059e-01
4.682926833629608154e-01
4.975609779357910156e-01
4.878048300743103027e-01
4.780488014221191406e-01
4.951219260692596436e-01
4.878048598766326904e-01
5.097560882568359375e-01
4.707316756248474121e-01
5.048780441284179688e-01
4.951219856739044189e-01
5.000000000000000000e-01
5.048780441284179688e-01
5.414633750915527344e-01
5.390243530273437500e-01
4.780487418174743652e-01
5.439024567604064941e-01
4.951219558715820312e-01
4.951219558715820312e-01
5.170731544494628906e-01
5.195121765136718750e-01
4.902438819408416748e-01
5.243902206420898438e-01
5.243902206420898438e-01
5.121951103210449219e-01
5.317072868347167969e-01
5.317072868347167969e-01
5.048780441284179688e-01
5.170731544494628906e-01
5.097560882568359375e-01
4.951219260692596436e-01
5.341463685035705566e-01
