2.743139505386352539e+00
5.072368383407592773e+00
7.417531967163085938e+00
9.785420417785644531e+00
1.216478157043457031e+01
1.450799942016601562e+01
1.690115189552307129e+01
1.928835535049438477e+01
2.163786101341247559e+01
2.398743295669555664e+01
2.641439390182495117e+01
2.879336285591125488e+01
3.122082519531250000e+01
3.358395290374755859e+01
3.592811584472656250e+01
3.851469159126281738e+01
4.092617511749267578e+01
4.334252405166625977e+01
4.573011207580566406e+01
4.818816590309143066e+01
5.064041328430175781e+01
5.303551077842712402e+01
5.534305429458618164e+01
5.773627972602844238e+01
6.013946843147277832e+01
6.250978875160217285e+01
6.488801288604736328e+01
6.728266024589538574e+01
6.964557456970214844e+01
7.206685709953308105e+01
7.466933345794677734e+01
7.704705762863159180e+01
7.941310811042785645e+01
8.241796374320983887e+01
8.572439408302307129e+01
8.829051995277404785e+01
9.075875806808471680e+01
9.336332678794860840e+01
9.591374635696411133e+01
9.857187104225158691e+01
1.012152123451232910e+02
1.037004308700561523e+02
1.061401889324188232e+02
1.085955998897552490e+02
1.110286982059478760e+02
1.134790554046630859e+02
1.159260876178741455e+02
1.183660244941711426e+02
1.207699837684631348e+02
1.231952490806579590e+02
1.256540236473083496e+02
1.280842254161834717e+02
1.304420764446258545e+02
1.328234889507293701e+02
1.352168850898742676e+02
1.375861637592315674e+02
1.399818911552429199e+02
1.424150373935699463e+02
1.453254623413085938e+02
1.477694110870361328e+02
1.501574537754058838e+02
1.525756008625030518e+02
1.550018990039825439e+02
1.574462451934814453e+02
1.598731055259704590e+02
1.623017132282257080e+02
1.647162377834320068e+02
1.670722112655639648e+02
1.695682229995727539e+02
1.720263407230377197e+02
1.744999034404754639e+02
1.769264926910400391e+02
1.793072612285614014e+02
1.816741518974304199e+02
1.841142823696136475e+02
1.866914362907409668e+02
1.890977663993835449e+02
1.915069785118103027e+02
1.940049760341644287e+02
1.964999310970306396e+02
1.988767237663269043e+02
2.013306009769439697e+02
2.039703004360198975e+02
2.064023625850677490e+02
2.088874099254608154e+02
2.113108348846435547e+02
2.137709376811981201e+02
2.161752171516418457e+02
2.185672287940979004e+02
2.210310659408569336e+02
2.234561440944671631e+02
2.258500626087188721e+02
2.282501425743103027e+02
2.306855885982513428e+02
2.331256601810455322e+02
2.355368044376373291e+02
2.379398038387298584e+02
2.403427865505218506e+02
2.428306286334991455e+02
2.452135522365570068e+02
2.476176426410675049e+02
2.500829105377197266e+02
2.524920141696929932e+02
2.549031670093536377e+02
2.573323566913604736e+02
2.597470817565917969e+02
2.622433719635009766e+02
2.645906212329864502e+02
2.670257363319396973e+02
2.694999368190765381e+02
2.718388729095458984e+02
2.742128622531890869e+02
2.766020865440368652e+02
2.790389659404754639e+02
2.814412615299224854e+02
2.838661284446716309e+02
2.863048276901245117e+02
2.887362463474273682e+02
2.911623799800872803e+02
2.935170681476593018e+02
2.959222848415374756e+02
2.982864542007446289e+02
3.007078418731689453e+02
3.031092097759246826e+02
3.055773639678955078e+02
3.079477748870849609e+02
3.103757731914520264e+02
3.127476139068603516e+02
3.151437258720397949e+02
3.176194090843200684e+02
3.202061567306518555e+02
3.225639023780822754e+02
3.249289636611938477e+02
3.273629806041717529e+02
3.297520768642425537e+02
3.321108379364013672e+02
3.345338807106018066e+02
3.368857393264770508e+02
3.394293327331542969e+02
3.418127110004425049e+02
3.442161490917205811e+02
3.466906995773315430e+02
3.490766229629516602e+02
3.514115159511566162e+02
3.537681868076324463e+02
3.561578383445739746e+02
3.586081948280334473e+02
3.610519053936004639e+02
3.635155994892120361e+02
3.659720764160156250e+02
3.683648924827575684e+02
3.707245209217071533e+02
3.731143791675567627e+02
3.754903547763824463e+02
3.778693871498107910e+02
3.802502601146697998e+02
3.826311323642730713e+02
3.850058989524841309e+02
3.874160449504852295e+02
3.898600273132324219e+02
3.922418601512908936e+02
3.946469178199768066e+02
3.970115706920623779e+02
3.994342381954193115e+02
4.019169802665710449e+02
4.044383447170257568e+02
4.068142545223236084e+02
4.091901721954345703e+02
4.116080453395843506e+02
4.140871868133544922e+02
4.165341887474060059e+02
4.189901788234710693e+02
4.213961567878723145e+02
4.238711736202239990e+02
4.262580888271331787e+02
4.287021069526672363e+02
4.311070582866668701e+02
4.341667091846466064e+02
4.370998528003692627e+02
4.398020951747894287e+02
4.425393495559692383e+02
4.452247502803802490e+02
4.478330137729644775e+02
4.504703118801116943e+02
4.531371798515319824e+02
4.558678505420684814e+02
4.585529787540435791e+02
4.612245578765869141e+02
4.638911888599395752e+02
4.666328933238983154e+02
4.692666165828704834e+02
4.719066221714019775e+02
4.746029002666473389e+02
4.773521969318389893e+02
4.800413708686828613e+02
4.826826074123382568e+02
4.853637340068817139e+02
4.879720604419708252e+02
4.905301601886749268e+02
4.932524201869964600e+02
