2.852252721786499023e+00
5.377303838729858398e+00
8.038439035415649414e+00
1.047539067268371582e+01
1.291536164283752441e+01
1.536437129974365234e+01
1.785343146324157715e+01
2.032441020011901855e+01
2.278946399688720703e+01
2.547914004325866699e+01
2.846802544593811035e+01
3.095905232429504395e+01
3.343705224990844727e+01
3.592108058929443359e+01
3.839105486869812012e+01
4.085004734992980957e+01
4.334511613845825195e+01
4.583769965171813965e+01
4.835423612594604492e+01
5.102541756629943848e+01
5.363194036483764648e+01
5.608146643638610840e+01
5.861058139801025391e+01
6.113712787628173828e+01
6.369567799568176270e+01
6.625080895423889160e+01
6.897098302841186523e+01
7.143200516700744629e+01
7.389698481559753418e+01
7.652815389633178711e+01
7.909623265266418457e+01
8.159524726867675781e+01
8.426841545104980469e+01
8.679549360275268555e+01
8.947414755821228027e+01
9.198509001731872559e+01
9.441999125480651855e+01
9.695198941230773926e+01
9.947298049926757812e+01
1.018949887752532959e+02
1.044139602184295654e+02
1.068548743724822998e+02
1.094008750915527344e+02
1.119029424190521240e+02
1.145235385894775391e+02
1.170120813846588135e+02
1.194170041084289551e+02
1.218509390354156494e+02
1.243816232681274414e+02
1.268690905570983887e+02
1.294041011333465576e+02
1.319291872978210449e+02
1.344312214851379395e+02
1.369172985553741455e+02
1.394262971878051758e+02
1.419343459606170654e+02
1.444323246479034424e+02
1.469374239444732666e+02
1.494484527111053467e+02
1.519148962497711182e+02
1.543943943977355957e+02
1.569645092487335205e+02
1.594361569881439209e+02
1.618956019878387451e+02
1.644416868686676025e+02
1.669517006874084473e+02
1.699351546764373779e+02
1.733891599178314209e+02
1.762924315929412842e+02
1.789300527572631836e+02
1.817157435417175293e+02
1.843809182643890381e+02
1.871040492057800293e+02
1.897482633590698242e+02
1.924023644924163818e+02
1.949774692058563232e+02
1.979949154853820801e+02
2.013676772117614746e+02
2.039126958847045898e+02
2.069049758911132812e+02
2.097729501724243164e+02
2.125566349029541016e+02
2.154235641956329346e+02
2.180526232719421387e+02
2.208128983974456787e+02
2.235580084323883057e+02
2.261370494365692139e+02
2.291520333290100098e+02
2.319332830905914307e+02
2.344934523105621338e+02
2.372364270687103271e+02
2.408770473003387451e+02
2.435541279315948486e+02
2.468607816696166992e+02
2.494437975883483887e+02
2.519359948635101318e+02
2.544424924850463867e+02
2.597157397270202637e+02
2.653632552623748779e+02
2.698689582347869873e+02
2.742217915058135986e+02
2.779489417076110840e+02
2.819382877349853516e+02
2.855540723800659180e+02
2.891327037811279297e+02
2.929025824069976807e+02
2.969626600742340088e+02
3.011936345100402832e+02
3.053623812198638916e+02
3.095835945606231689e+02
3.133862197399139404e+02
3.175272207260131836e+02
3.220268764495849609e+02
3.255066902637481689e+02
3.285337200164794922e+02
3.319568929672241211e+02
3.351819674968719482e+02
3.384269993305206299e+02
3.418115422725677490e+02
3.454912364482879639e+02
3.488859040737152100e+02
3.525811712741851807e+02
3.566242442131042480e+02
3.597562062740325928e+02
3.630779666900634766e+02
3.665727441310882568e+02
3.700763418674468994e+02
3.732645409107208252e+02
3.764055025577545166e+02
3.797077600955963135e+02
3.827015554904937744e+02
3.858870208263397217e+02
3.890546286106109619e+02
3.926169121265411377e+02
3.958964793682098389e+02
3.994633414745330811e+02
4.026848306655883789e+02
4.059764156341552734e+02
4.091408693790435791e+02
4.124137079715728760e+02
4.161071796417236328e+02
4.194884910583496094e+02
4.228171820640563965e+02
4.260416994094848633e+02
4.289166686534881592e+02
4.313347978591918945e+02
4.338007993698120117e+02
4.363220450878143311e+02
4.388229558467864990e+02
4.412878999710083008e+02
4.438004450798034668e+02
4.463526227474212646e+02
4.490314705371856689e+02
4.514639060497283936e+02
4.539170341491699219e+02
4.566134994029998779e+02
4.590396277904510498e+02
4.615514409542083740e+02
4.640462636947631836e+02
4.664454948902130127e+02
4.688915855884552002e+02
4.713488442897796631e+02
4.738518636226654053e+02
4.762786474227905273e+02
4.787356100082397461e+02
4.811535816192626953e+02
4.836087923049926758e+02
4.862952618598937988e+02
4.887365381717681885e+02
4.912829182147979736e+02
4.937982051372528076e+02
4.962502255439758301e+02
4.988079767227172852e+02
5.013826198577880859e+02
5.037971096038818359e+02
5.063657577037811279e+02
5.088968873023986816e+02
5.113260512351989746e+02
5.137803590297698975e+02
5.162733190059661865e+02
5.187523267269134521e+02
5.212612724304199219e+02
5.238163614273071289e+02
5.263273072242736816e+02
5.287213568687438965e+02
5.312184500694274902e+02
5.338156597614288330e+02
5.362846324443817139e+02
5.387355961799621582e+02
5.411916556358337402e+02
5.436624758243560791e+02
5.461384861469268799e+02
5.485735528469085693e+02
5.509815640449523926e+02
5.534634075164794922e+02
5.558895485401153564e+02
5.583235199451446533e+02
5.608470389842987061e+02
5.632855119705200195e+02
5.657093951702117920e+02
