2.870767593383789062e+00
5.345811605453491211e+00
7.792275428771972656e+00
1.027882504463195801e+01
1.281391906738281250e+01
1.530747485160827637e+01
1.777594089508056641e+01
2.023598718643188477e+01
2.273404097557067871e+01
2.528506016731262207e+01
2.779914355278015137e+01
3.027575516700744629e+01
3.274110484123229980e+01
3.573109674453735352e+01
3.828670525550842285e+01
4.087982773780822754e+01
4.341282415390014648e+01
4.594890713691711426e+01
4.839932990074157715e+01
5.091137576103210449e+01
5.341128897666931152e+01
5.590646791458129883e+01
5.840045213699340820e+01
6.091855716705322266e+01
6.348562240600585938e+01
6.599038577079772949e+01
6.864085125923156738e+01
7.111687302589416504e+01
7.367550778388977051e+01
7.619188261032104492e+01
7.871152663230895996e+01
8.125472140312194824e+01
8.375261974334716797e+01
8.626623868942260742e+01
8.881283473968505859e+01
9.133083343505859375e+01
9.392130374908447266e+01
9.636614823341369629e+01
9.896022367477416992e+01
1.015692620277404785e+02
1.041403303146362305e+02
1.066696054935455322e+02
1.092166693210601807e+02
1.117408034801483154e+02
1.142913062572479248e+02
1.168248860836029053e+02
1.193761138916015625e+02
1.219479587078094482e+02
1.244972186088562012e+02
1.270263435840606689e+02
1.295523395538330078e+02
1.321070253849029541e+02
1.345895512104034424e+02
1.371120722293853760e+02
1.397095422744750977e+02
1.423836197853088379e+02
1.449047029018402100e+02
1.477305042743682861e+02
1.503380215167999268e+02
1.529109632968902588e+02
1.554601662158966064e+02
1.579722962379455566e+02
1.605025863647460938e+02
1.630332517623901367e+02
1.656123583316802979e+02
1.685388035774230957e+02
1.715052285194396973e+02
1.743118011951446533e+02
1.773353147506713867e+02
1.800258107185363770e+02
1.827591321468353271e+02
1.852524778842926025e+02
1.877424077987670898e+02
1.901000549793243408e+02
1.924355306625366211e+02
1.947538299560546875e+02
1.971462216377258301e+02
1.995324969291687012e+02
2.019214475154876709e+02
2.042013194561004639e+02
2.065517354011535645e+02
2.088848969936370850e+02
2.112617254257202148e+02
2.135273675918579102e+02
2.158718550205230713e+02
2.181714832782745361e+02
2.205036566257476807e+02
2.229638760089874268e+02
2.252699141502380371e+02
2.276995313167572021e+02
2.300365695953369141e+02
2.323747994899749756e+02
2.347846815586090088e+02
2.370704154968261719e+02
2.394063615798950195e+02
2.417040581703186035e+02
2.443033952713012695e+02
2.468549773693084717e+02
2.493269505500793457e+02
2.524004397392272949e+02
2.552707922458648682e+02
2.584906775951385498e+02
2.611660254001617432e+02
2.646318395137786865e+02
2.677807538509368896e+02
2.706001992225646973e+02
2.732336487770080566e+02
2.758534195423126221e+02
2.784738516807556152e+02
2.811271665096282959e+02
2.836114869117736816e+02
2.862825827598571777e+02
2.889527587890625000e+02
2.916699743270874023e+02
2.952468924522399902e+02
2.978379783630371094e+02
3.005903596878051758e+02
3.032766609191894531e+02
3.063130631446838379e+02
3.092288417816162109e+02
3.122850625514984131e+02
3.149783639907836914e+02
3.175785288810729980e+02
3.200908539295196533e+02
3.226707158088684082e+02
3.256941206455230713e+02
3.282345182895660400e+02
3.311659359931945801e+02
3.346375641822814941e+02
3.377656867504119873e+02
3.401400518417358398e+02
3.425196521282196045e+02
3.454697201251983643e+02
3.488867075443267822e+02
3.516252849102020264e+02
3.557657823562622070e+02
3.590459837913513184e+02
3.617382168769836426e+02
3.644984102249145508e+02
3.672337861061096191e+02
3.695989506244659424e+02
3.719307851791381836e+02
3.742448706626892090e+02
3.766468718051910400e+02
3.790132415294647217e+02
3.813174231052398682e+02
3.838799457550048828e+02
3.867989540100097656e+02
3.898044972419738770e+02
3.931525890827178955e+02
3.965181970596313477e+02
3.994832966327667236e+02
4.018787515163421631e+02
4.044925997257232666e+02
4.068414976596832275e+02
4.091947486400604248e+02
4.115091888904571533e+02
4.138246984481811523e+02
4.163590643405914307e+02
4.188145961761474609e+02
4.217063360214233398e+02
4.244452662467956543e+02
4.278171885013580322e+02
4.316001365184783936e+02
4.350165364742279053e+02
4.373487036228179932e+02
4.398196215629577637e+02
4.421826212406158447e+02
4.445091764926910400e+02
4.471345643997192383e+02
4.494777748584747314e+02
4.518273754119873047e+02
4.541913759708404541e+02
4.565036308765411377e+02
4.589193255901336670e+02
4.612353205680847168e+02
4.635237646102905273e+02
4.660448610782623291e+02
4.683570477962493896e+02
4.707415897846221924e+02
4.730264301300048828e+02
4.753564457893371582e+02
4.776567361354827881e+02
4.799602298736572266e+02
4.822801282405853271e+02
4.846784808635711670e+02
4.869995434284210205e+02
4.894134695529937744e+02
4.918037443161010742e+02
4.941592528820037842e+02
4.965249893665313721e+02
4.988272740840911865e+02
5.012656250000000000e+02
5.035677733421325684e+02
5.059460186958312988e+02
5.082593502998352051e+02
5.106845927238464355e+02
5.130868263244628906e+02
5.153932070732116699e+02
5.177619554996490479e+02
