2.828907012939453125e+00
5.370236396789550781e+00
8.052744865417480469e+00
1.052827095985412598e+01
1.310344862937927246e+01
1.558920598030090332e+01
1.822385692596435547e+01
2.081784343719482422e+01
2.344617271423339844e+01
2.616627335548400879e+01
2.865436220169067383e+01
3.117748522758483887e+01
3.380862855911254883e+01
3.628666329383850098e+01
3.873661303520202637e+01
4.122468519210815430e+01
4.371158671379089355e+01
4.625473999977111816e+01
4.883682727813720703e+01
5.145496106147766113e+01
5.397804403305053711e+01
5.649555873870849609e+01
5.893565416336059570e+01
6.139959454536437988e+01
6.392666625976562500e+01
6.645368003845214844e+01
6.897369217872619629e+01
7.147879695892333984e+01
7.429455399513244629e+01
7.681813859939575195e+01
7.940374326705932617e+01
8.197230410575866699e+01
8.442780995368957520e+01
8.684437656402587891e+01
8.934333014488220215e+01
9.186737298965454102e+01
9.432226419448852539e+01
9.673825359344482422e+01
9.926133680343627930e+01
1.017078602313995361e+02
1.042063510417938232e+02
1.067228801250457764e+02
1.091974515914916992e+02
1.116884481906890869e+02
1.141945571899414062e+02
1.167055699825286865e+02
1.192056026458740234e+02
1.217506952285766602e+02
1.242417168617248535e+02
1.267307376861572266e+02
1.293229186534881592e+02
1.318378903865814209e+02
1.343789274692535400e+02
1.369280254840850830e+02
1.394605460166931152e+02
1.418889863491058350e+02
1.443880560398101807e+02
1.468671803474426270e+02
1.494151897430419922e+02
1.519481880664825439e+02
1.544792428016662598e+02
1.570002870559692383e+02
1.594748213291168213e+02
1.619243724346160889e+02
1.643843765258789062e+02
1.668974099159240723e+02
1.694354691505432129e+02
1.723468592166900635e+02
1.751961581707000732e+02
1.776422786712646484e+02
1.801146242618560791e+02
1.825424461364746094e+02
1.850091502666473389e+02
1.874601511955261230e+02
1.899411687850952148e+02
1.924101696014404297e+02
1.949036529064178467e+02
1.973802392482757568e+02
1.999253356456756592e+02
2.024056909084320068e+02
2.049863514900207520e+02
2.075765154361724854e+02
2.100735630989074707e+02
2.126526346206665039e+02
2.151707220077514648e+02
2.177778439521789551e+02
2.202538027763366699e+02
2.227078309059143066e+02
2.253199801445007324e+02
2.278410041332244873e+02
2.303710505962371826e+02
2.328255646228790283e+02
2.352810912132263184e+02
2.378321564197540283e+02
2.404042413234710693e+02
2.429032740592956543e+02
2.453973262310028076e+02
2.479809598922729492e+02
2.504348862171173096e+02
2.528914308547973633e+02
2.553609366416931152e+02
2.579485201835632324e+02
2.604505617618560791e+02
2.628955500125885010e+02
2.653534545898437500e+02
2.678065218925476074e+02
2.702725977897644043e+02
2.727450714111328125e+02
2.752155745029449463e+02
2.777005393505096436e+02
2.802186355590820312e+02
2.826645905971527100e+02
2.850826239585876465e+02
2.876096954345703125e+02
2.900575582981109619e+02
2.925151572227478027e+02
2.949651443958282471e+02
2.974188437461853027e+02
2.999087657928466797e+02
3.023708746433258057e+02
3.049028818607330322e+02
3.073691260814666748e+02
3.098331730365753174e+02
3.122761421203613281e+02
3.147741889953613281e+02
3.172142140865325928e+02
3.198163936138153076e+02
3.222613539695739746e+02
3.247158799171447754e+02
3.271628959178924561e+02
3.296328537464141846e+02
3.320847885608673096e+02
3.345668561458587646e+02
3.370108547210693359e+02
3.395669465065002441e+02
3.419798800945281982e+02
3.445033922195434570e+02
3.469169144630432129e+02
3.493678855895996094e+02
3.518333890438079834e+02
3.543799908161163330e+02
3.568090009689331055e+02
3.594030737876892090e+02
3.618801226615905762e+02
3.648154990673065186e+02
3.672414848804473877e+02
3.696845941543579102e+02
3.721666083335876465e+02
3.748547196388244629e+02
3.773136606216430664e+02
3.798026721477508545e+02
3.822967584133148193e+02
3.847141857147216797e+02
3.872649610042572021e+02
3.897042520046234131e+02
3.921701595783233643e+02
3.946512653827667236e+02
3.970742502212524414e+02
3.995993168354034424e+02
4.020403003692626953e+02
4.045923674106597900e+02
4.070893733501434326e+02
4.095123417377471924e+02
4.119828815460205078e+02
4.144223475456237793e+02
4.168703024387359619e+02
4.193873500823974609e+02
4.218382387161254883e+02
4.242663362026214600e+02
4.266937873363494873e+02
4.291878428459167480e+02
4.316733348369598389e+02
4.341093161106109619e+02
4.365442445278167725e+02
4.391024546623229980e+02
4.415339510440826416e+02
4.440199668407440186e+02
4.464209423065185547e+02
4.488468952178955078e+02
4.513219313621520996e+02
4.538409368991851807e+02
4.564055645465850830e+02
4.588500301837921143e+02
4.614313845634460449e+02
4.639002177715301514e+02
4.663621604442596436e+02
4.688406567573547363e+02
4.713312067985534668e+02
4.738863821029663086e+02
4.764218933582305908e+02
4.788643212318420410e+02
4.813223357200622559e+02
4.837693030834197998e+02
4.862172811031341553e+02
4.886483607292175293e+02
4.911543402671813965e+02
4.936253554821014404e+02
4.960803647041320801e+02
4.985223102569580078e+02
5.009312782287597656e+02
