1.463414635509252548e-02
1.463414635509252548e-02
2.195122092962265015e-02
1.219512149691581726e-02
9.756097570061683655e-03
2.195121720433235168e-02
7.317073177546262741e-03
2.195121906697750092e-02
1.707316935062408447e-02
1.951219327747821808e-02
1.219512149691581726e-02
9.756097570061683655e-03
2.195121906697750092e-02
2.195122092962265015e-02
9.756097570061683655e-03
1.707316935062408447e-02
1.951219514012336731e-02
2.195121720433235168e-02
1.951219514012336731e-02
1.219512149691581726e-02
1.219512149691581726e-02
1.951219514012336731e-02
1.219512149691581726e-02
1.463414542376995087e-02
2.195122092962265015e-02
4.878048785030841827e-03
2.195121906697750092e-02
7.317073177546262741e-03
2.439024113118648529e-02
1.219512149691581726e-02
1.707316935062408447e-02
1.219512149691581726e-02
7.317073177546262741e-03
2.439024299383163452e-02
1.951219327747821808e-02
2.439024299383163452e-02
2.195121906697750092e-02
2.926829271018505096e-02
1.219512149691581726e-02
1.707317121326923370e-02
2.926829271018505096e-02
1.951219514012336731e-02
3.170731663703918457e-02
2.926829084753990173e-02
1.707316935062408447e-02
2.195121720433235168e-02
2.926829084753990173e-02
2.195121720433235168e-02
1.463414635509252548e-02
2.682926692068576813e-02
2.926829084753990173e-02
4.146341606974601746e-02
2.439024299383163452e-02
2.682926692068576813e-02
3.658536821603775024e-02
2.682926692068576813e-02
3.902439028024673462e-02
4.634146392345428467e-02
4.634146764874458313e-02
2.926829271018505096e-02
4.634146764874458313e-02
4.390243813395500183e-02
5.365853756666183472e-02
4.390243813395500183e-02
4.634146392345428467e-02
5.121951177716255188e-02
5.121951177716255188e-02
3.658536449074745178e-02
7.317072898149490356e-02
6.829268485307693481e-02
4.878048971295356750e-02
8.536584675312042236e-02
5.121950805187225342e-02
7.073170691728591919e-02
6.585365533828735352e-02
1.024390235543251038e-01
7.560976594686508179e-02
9.024390578269958496e-02
8.780487626791000366e-02
9.268292784690856934e-02
1.048780381679534912e-01
9.024390578269958496e-02
1.024390161037445068e-01
1.195122003555297852e-01
1.243902593851089478e-01
9.024391323328018188e-02
1.390243768692016602e-01
1.121951118111610413e-01
1.414634138345718384e-01
9.024389088153839111e-02
1.292682886123657227e-01
1.487804800271987915e-01
1.121951192617416382e-01
1.317073255777359009e-01
1.512195169925689697e-01
1.634146422147750854e-01
1.317073106765747070e-01
1.585365831851959229e-01
1.536585241556167603e-01
1.365853697061538696e-01
1.926829367876052856e-01
1.634146422147750854e-01
1.609756052494049072e-01
1.731707304716110229e-01
1.804877966642379761e-01
1.999999880790710449e-01
1.731707155704498291e-01
1.756097525358200073e-01
1.878048777580261230e-01
1.975609660148620605e-01
2.024390101432800293e-01
1.975609660148620605e-01
1.951219439506530762e-01
1.975609660148620605e-01
2.146341353654861450e-01
2.317073196172714233e-01
2.463414520025253296e-01
2.097560912370681763e-01
2.146341502666473389e-01
2.292682975530624390e-01
2.292682826519012451e-01
2.268292754888534546e-01
2.170731723308563232e-01
2.365853786468505859e-01
2.390243709087371826e-01
2.292682975530624390e-01
2.317072898149490356e-01
2.609755992889404297e-01
2.585365772247314453e-01
2.268292605876922607e-01
2.487804740667343140e-01
2.975609898567199707e-01
2.658536732196807861e-01
2.585365772247314453e-01
2.365853488445281982e-01
2.560975551605224609e-01
2.829268276691436768e-01
2.926829457283020020e-01
2.951219677925109863e-01
2.707316875457763672e-01
2.682926952838897705e-01
2.487804889678955078e-01
2.585366070270538330e-01
2.975609600543975830e-01
2.780487537384033203e-01
2.951219379901885986e-01
2.951219379901885986e-01
2.878048717975616455e-01
3.195121884346008301e-01
2.682926952838897705e-01
2.829268276691436768e-01
2.926829457283020020e-01
3.219512403011322021e-01
3.560975790023803711e-01
2.804878056049346924e-01
3.365853428840637207e-01
3.073170781135559082e-01
3.317073285579681396e-01
3.048780560493469238e-01
3.073170781135559082e-01
3.292682766914367676e-01
3.097560703754425049e-01
3.292682766914367676e-01
3.195121884346008301e-01
3.219512701034545898e-01
3.487805128097534180e-01
3.585365712642669678e-01
3.073170781135559082e-01
3.463414907455444336e-01
3.121951222419738770e-01
3.268292546272277832e-01
3.048780262470245361e-01
3.414634466171264648e-01
3.536585569381713867e-01
3.634146153926849365e-01
3.487804532051086426e-01
3.390243947505950928e-01
3.487804830074310303e-01
3.243902325630187988e-01
3.682926893234252930e-01
3.365853726863861084e-01
3.414633870124816895e-01
3.512195050716400146e-01
3.439024686813354492e-01
3.634146451950073242e-01
3.365853428840637207e-01
3.341463506221771240e-01
3.512195348739624023e-01
3.585366010665893555e-01
3.658536672592163086e-01
3.439024388790130615e-01
3.487805128097534180e-01
3.975609838962554932e-01
3.756097555160522461e-01
3.560975492000579834e-01
3.975609540939331055e-01
3.926829397678375244e-01
3.463414311408996582e-01
3.756097555160522461e-01
4.000000059604644775e-01
