2.926829084753990173e-02
1.463414542376995087e-02
2.682926878333091736e-02
1.463414635509252548e-02
9.756097570061683655e-03
2.439024299383163452e-02
1.951219327747821808e-02
1.951219514012336731e-02
1.951219514012336731e-02
9.756097570061683655e-03
1.951219327747821808e-02
1.951219327747821808e-02
1.463414542376995087e-02
2.682926692068576813e-02
1.707317121326923370e-02
1.951219327747821808e-02
2.195122092962265015e-02
2.195121906697750092e-02
1.707316935062408447e-02
1.463414542376995087e-02
9.756097570061683655e-03
3.170731663703918457e-02
1.219512149691581726e-02
7.317073177546262741e-03
9.756097570061683655e-03
2.439024299383163452e-02
2.439024299383163452e-02
2.195121906697750092e-02
1.219512149691581726e-02
2.439024299383163452e-02
1.219512149691581726e-02
2.439024299383163452e-02
2.195121720433235168e-02
3.170731663703918457e-02
1.951219514012336731e-02
1.463414542376995087e-02
3.658536821603775024e-02
1.951219514012336731e-02
2.439024299383163452e-02
1.219512149691581726e-02
4.878048785030841827e-03
1.707316935062408447e-02
2.195121906697750092e-02
1.463414542376995087e-02
1.219512149691581726e-02
2.439024299383163452e-02
9.756097570061683655e-03
1.707316935062408447e-02
7.317073177546262741e-03
2.682926878333091736e-02
1.951219514012336731e-02
1.951219327747821808e-02
2.195122092962265015e-02
2.195121906697750092e-02
2.439024299383163452e-02
2.682926878333091736e-02
1.707316935062408447e-02
2.439024485647678375e-02
1.707316935062408447e-02
2.926829271018505096e-02
2.195121906697750092e-02
2.195121720433235168e-02
2.195122092962265015e-02
3.414634242653846741e-02
3.170731663703918457e-02
2.682926878333091736e-02
3.658536449074745178e-02
3.658536449074745178e-02
2.682926692068576813e-02
2.439024113118648529e-02
3.414633870124816895e-02
5.365853756666183472e-02
4.878048971295356750e-02
5.365853756666183472e-02
2.195121906697750092e-02
5.609755963087081909e-02
3.658536449074745178e-02
5.365853756666183472e-02
5.365853756666183472e-02
5.121951177716255188e-02
5.121950805187225342e-02
6.097560748457908630e-02
7.317072898149490356e-02
7.317072898149490356e-02
7.804878056049346924e-02
8.780488371849060059e-02
7.560975849628448486e-02
6.829267740249633789e-02
7.560975104570388794e-02
8.292683213949203491e-02
1.024390161037445068e-01
8.048780262470245361e-02
8.536584675312042236e-02
8.048780262470245361e-02
1.024390161037445068e-01
1.365853548049926758e-01
1.073170676827430725e-01
1.341463476419448853e-01
1.170731633901596069e-01
1.439024358987808228e-01
1.292682886123657227e-01
1.365853697061538696e-01
1.268292665481567383e-01
1.853658705949783325e-01
1.219512224197387695e-01
1.390243917703628540e-01
1.804878115653991699e-01
1.317073106765747070e-01
1.439024358987808228e-01
1.707317084074020386e-01
1.536585390567779541e-01
1.999999880790710449e-01
1.804877966642379761e-01
1.780487746000289917e-01
1.829268336296081543e-01
1.585365682840347290e-01
1.707317084074020386e-01
1.731707304716110229e-01
1.829268187284469604e-01
1.804877966642379761e-01
2.170731425285339355e-01
2.268292605876922607e-01
2.073170691728591919e-01
2.195121794939041138e-01
2.390244007110595703e-01
2.219512164592742920e-01
2.146341353654861450e-01
2.292682677507400513e-01
2.317073345184326172e-01
2.292682975530624390e-01
2.097560763359069824e-01
2.268292903900146484e-01
2.463414818048477173e-01
2.024390101432800293e-01
2.731707394123077393e-01
2.658536434173583984e-01
2.853658497333526611e-01
2.853658497333526611e-01
2.829268276691436768e-01
2.560975551605224609e-01
2.658536434173583984e-01
2.560975551605224609e-01
2.439024299383163452e-01
2.804878056049346924e-01
2.707317173480987549e-01
2.902438938617706299e-01
2.780487835407257080e-01
2.878048717975616455e-01
2.731707394123077393e-01
2.609755992889404297e-01
2.707316875457763672e-01
3.097561001777648926e-01
2.951219379901885986e-01
2.536585330963134766e-01
2.878048717975616455e-01
3.024390339851379395e-01
2.926829159259796143e-01
3.097561001777648926e-01
3.317073285579681396e-01
2.780487835407257080e-01
2.999999821186065674e-01
3.024390041828155518e-01
3.195121884346008301e-01
3.146341443061828613e-01
2.999999821186065674e-01
3.073170483112335205e-01
3.121951222419738770e-01
2.951219379901885986e-01
3.365853726863861084e-01
3.390243947505950928e-01
3.243902027606964111e-01
3.146341741085052490e-01
3.146341443061828613e-01
3.195121884346008301e-01
3.146341145038604736e-01
3.487805128097534180e-01
3.463414907455444336e-01
3.487804830074310303e-01
3.634146153926849365e-01
3.268292546272277832e-01
3.512195050716400146e-01
3.853658437728881836e-01
3.317073285579681396e-01
3.317072987556457520e-01
3.243902325630187988e-01
3.487805128097534180e-01
3.512195348739624023e-01
3.658536672592163086e-01
3.878048658370971680e-01
3.243902027606964111e-01
3.292683064937591553e-01
3.536584973335266113e-01
3.902438879013061523e-01
4.024390280246734619e-01
3.707317113876342773e-01
3.829268217086791992e-01
3.609756231307983398e-01
3.829268217086791992e-01
4.000000357627868652e-01
3.707317113876342773e-01
