9.756097570061683655e-03
1.463414635509252548e-02
2.439024299383163452e-02
1.707316935062408447e-02
4.878048785030841827e-03
2.195121720433235168e-02
9.756097570061683655e-03
1.463414542376995087e-02
1.707317121326923370e-02
7.317073177546262741e-03
7.317073177546262741e-03
7.317073177546262741e-03
1.951219327747821808e-02
7.317073177546262741e-03
2.195121906697750092e-02
1.463414542376995087e-02
2.682926692068576813e-02
2.682926878333091736e-02
1.463414542376995087e-02
1.463414635509252548e-02
2.926829084753990173e-02
2.439024299383163452e-02
1.219512149691581726e-02
1.219512149691581726e-02
2.682926505804061890e-02
1.707316935062408447e-02
1.707316935062408447e-02
2.439024299383163452e-02
1.463414542376995087e-02
2.439024113118648529e-02
2.195121906697750092e-02
1.219512149691581726e-02
1.707317121326923370e-02
1.707316935062408447e-02
1.219512149691581726e-02
1.219512149691581726e-02
1.219512149691581726e-02
1.219512149691581726e-02
2.195121906697750092e-02
1.463414635509252548e-02
1.951219514012336731e-02
1.951219327747821808e-02
1.219512149691581726e-02
1.707317121326923370e-02
1.951219514012336731e-02
7.317073177546262741e-03
1.707316935062408447e-02
7.317073177546262741e-03
2.439024299383163452e-02
1.951219514012336731e-02
1.463414542376995087e-02
1.219512149691581726e-02
3.170731663703918457e-02
2.195121720433235168e-02
1.463414542376995087e-02
1.951219327747821808e-02
1.707316935062408447e-02
1.707316935062408447e-02
3.170731663703918457e-02
1.951219514012336731e-02
1.951219514012336731e-02
9.756097570061683655e-03
2.439024299383163452e-02
1.707316935062408447e-02
1.707316935062408447e-02
2.682926878333091736e-02
2.926829084753990173e-02
2.195121906697750092e-02
1.951219514012336731e-02
1.951219514012336731e-02
1.463414542376995087e-02
1.707316935062408447e-02
1.951219514012336731e-02
2.439024299383163452e-02
2.682926505804061890e-02
1.951219514012336731e-02
2.682926878333091736e-02
1.707316935062408447e-02
3.170731663703918457e-02
3.658536076545715332e-02
3.414634242653846741e-02
1.219512149691581726e-02
4.634146764874458313e-02
3.658536449074745178e-02
3.414634242653846741e-02
4.634146392345428467e-02
5.365853384137153625e-02
4.390244185924530029e-02
4.390243813395500183e-02
3.902439028024673462e-02
5.609755963087081909e-02
7.073170691728591919e-02
4.390243813395500183e-02
4.878048598766326904e-02
4.390244185924530029e-02
4.878048598766326904e-02
4.146341979503631592e-02
5.121950805187225342e-02
5.853658542037010193e-02
4.634146392345428467e-02
8.048780262470245361e-02
5.121951550245285034e-02
7.560975849628448486e-02
7.317072898149490356e-02
6.829268485307693481e-02
7.560975849628448486e-02
8.780487626791000366e-02
9.512194991111755371e-02
8.292683213949203491e-02
8.292682468891143799e-02
8.536584675312042236e-02
9.268292784690856934e-02
8.048780262470245361e-02
1.000000014901161194e-01
9.756097197532653809e-02
1.121951192617416382e-01
1.195121929049491882e-01
1.048780456185340881e-01
8.536584675312042236e-02
1.073170676827430725e-01
1.268292665481567383e-01
1.219512075185775757e-01
1.390243917703628540e-01
1.439024358987808228e-01
1.097560971975326538e-01
1.268292665481567383e-01
1.195121929049491882e-01
1.658536642789840698e-01
1.414633989334106445e-01
1.341463327407836914e-01
1.439024358987808228e-01
1.439024358987808228e-01
1.487804800271987915e-01
1.658536642789840698e-01
1.512195169925689697e-01
1.609756052494049072e-01
1.756097525358200073e-01
1.804878115653991699e-01
1.731707453727722168e-01
2.097561061382293701e-01
1.853658407926559448e-01
2.048780471086502075e-01
1.853658407926559448e-01
2.219512313604354858e-01
2.170731723308563232e-01
1.756097525358200073e-01
1.902438998222351074e-01
1.902438998222351074e-01
2.121951282024383545e-01
2.073170691728591919e-01
2.000000029802322388e-01
2.170731723308563232e-01
2.195121943950653076e-01
2.146341353654861450e-01
2.048780471086502075e-01
2.268292605876922607e-01
2.536585330963134766e-01
2.341463416814804077e-01
2.365853488445281982e-01
2.658536732196807861e-01
2.487804740667343140e-01
2.219512164592742920e-01
2.463414669036865234e-01
2.414634078741073608e-01
2.390243709087371826e-01
2.439024448394775391e-01
2.365853786468505859e-01
2.658536434173583984e-01
2.195121943950653076e-01
2.658536434173583984e-01
2.804878354072570801e-01
2.439024150371551514e-01
2.829267978668212891e-01
2.609755992889404297e-01
2.243902534246444702e-01
2.463414669036865234e-01
2.658536434173583984e-01
2.682926654815673828e-01
2.926829159259796143e-01
2.829267978668212891e-01
2.780487537384033203e-01
2.853658497333526611e-01
2.585365772247314453e-01
2.902438938617706299e-01
2.804878056049346924e-01
2.560975849628448486e-01
2.853658199310302734e-01
2.512195110321044922e-01
3.170731961727142334e-01
3.000000119209289551e-01
2.829268276691436768e-01
2.902439236640930176e-01
2.853658497333526611e-01
3.024390339851379395e-01
2.975609898567199707e-01
2.975609898567199707e-01
3.195122182369232178e-01
3.121951222419738770e-01
3.195122182369232178e-01
2.999999821186065674e-01
