2.195121720433235168e-02
1.219512149691581726e-02
1.463414635509252548e-02
1.219512149691581726e-02
1.463414635509252548e-02
1.951219514012336731e-02
2.682926692068576813e-02
2.682926692068576813e-02
9.756097570061683655e-03
7.317073177546262741e-03
1.219512149691581726e-02
2.195121720433235168e-02
1.951219514012336731e-02
1.463414635509252548e-02
1.219512149691581726e-02
2.439024113118648529e-02
2.195121906697750092e-02
1.219512149691581726e-02
1.951219514012336731e-02
1.463414542376995087e-02
4.878048785030841827e-03
1.463414635509252548e-02
7.317073177546262741e-03
1.219512149691581726e-02
1.219512149691581726e-02
1.219512149691581726e-02
1.219512149691581726e-02
2.439024485647678375e-02
2.682926692068576813e-02
2.439024299383163452e-02
2.195121720433235168e-02
2.195122092962265015e-02
1.951219327747821808e-02
1.463414542376995087e-02
1.219512149691581726e-02
1.219512149691581726e-02
2.195121906697750092e-02
7.317073177546262741e-03
1.707316935062408447e-02
2.195121906697750092e-02
1.463414542376995087e-02
3.414634242653846741e-02
2.439024299383163452e-02
9.756097570061683655e-03
9.756097570061683655e-03
2.439024299383163452e-02
1.707316935062408447e-02
1.219512149691581726e-02
7.317073177546262741e-03
2.439024299383163452e-02
7.317073177546262741e-03
1.463414542376995087e-02
1.707316935062408447e-02
1.707317121326923370e-02
9.756097570061683655e-03
1.463414542376995087e-02
7.317073177546262741e-03
1.951219514012336731e-02
9.756097570061683655e-03
1.463414542376995087e-02
1.707317121326923370e-02
2.682926692068576813e-02
7.317073177546262741e-03
1.219512149691581726e-02
2.926829271018505096e-02
2.439024299383163452e-02
1.463414542376995087e-02
2.926829084753990173e-02
1.951219514012336731e-02
9.756097570061683655e-03
2.195121906697750092e-02
9.756097570061683655e-03
2.195121720433235168e-02
1.951219514012336731e-02
7.317073177546262741e-03
1.951219327747821808e-02
1.219512149691581726e-02
7.317073177546262741e-03
2.195121906697750092e-02
1.219512149691581726e-02
1.707316935062408447e-02
2.195121906697750092e-02
1.951219514012336731e-02
2.682926692068576813e-02
1.951219514012336731e-02
2.195121720433235168e-02
3.170731663703918457e-02
3.170731663703918457e-02
2.682926505804061890e-02
2.926829084753990173e-02
3.658536449074745178e-02
3.414634242653846741e-02
2.682926878333091736e-02
3.414633870124816895e-02
3.658536449074745178e-02
2.926829084753990173e-02
6.097561493515968323e-02
5.365853756666183472e-02
4.878048971295356750e-02
5.121951177716255188e-02
6.341463327407836914e-02
4.634146392345428467e-02
6.097560748457908630e-02
3.902439028024673462e-02
5.365853756666183472e-02
7.560975849628448486e-02
6.585365533828735352e-02
7.317072898149490356e-02
7.804878056049346924e-02
7.073170691728591919e-02
8.292682468891143799e-02
6.097561120986938477e-02
9.512194991111755371e-02
6.341463327407836914e-02
8.292682468891143799e-02
9.999999403953552246e-02
9.024389833211898804e-02
9.024390578269958496e-02
1.219512224197387695e-01
9.756097197532653809e-02
1.195122003555297852e-01
1.317073255777359009e-01
1.365853697061538696e-01
1.463414728641510010e-01
1.170731633901596069e-01
1.390243917703628540e-01
1.585365831851959229e-01
1.560975611209869385e-01
1.487804949283599854e-01
1.682926714420318604e-01
1.682926863431930542e-01
1.536585390567779541e-01
1.975609660148620605e-01
1.731707155704498291e-01
1.926829218864440918e-01
1.926829218864440918e-01
2.024390399456024170e-01
2.121951133012771606e-01
2.073170542716979980e-01
1.780487746000289917e-01
2.292682826519012451e-01
2.292682975530624390e-01
2.097560763359069824e-01
2.463414520025253296e-01
2.195121943950653076e-01
2.463414520025253296e-01
2.219512313604354858e-01
2.585365772247314453e-01
2.512195110321044922e-01
2.536585330963134766e-01
2.658536434173583984e-01
2.512195110321044922e-01
2.560975551605224609e-01
2.317073047161102295e-01
2.829267978668212891e-01
2.512195110321044922e-01
2.756097614765167236e-01
2.878048717975616455e-01
2.756097316741943359e-01
2.878048717975616455e-01
2.756097614765167236e-01
2.756097614765167236e-01
3.024390041828155518e-01
2.731707394123077393e-01
2.975609600543975830e-01
3.000000119209289551e-01
2.731707096099853516e-01
2.975609898567199707e-01
3.365853428840637207e-01
3.097561001777648926e-01
3.048780262470245361e-01
3.219512104988098145e-01
3.243902325630187988e-01
3.536585569381713867e-01
3.219512104988098145e-01
3.365853726863861084e-01
3.146341443061828613e-01
3.243902325630187988e-01
3.195122182369232178e-01
3.365853726863861084e-01
3.097560703754425049e-01
3.219512104988098145e-01
3.634146451950073242e-01
3.439024388790130615e-01
3.341463506221771240e-01
3.365853726863861084e-01
3.341463506221771240e-01
3.902439177036285400e-01
3.219512104988098145e-01
3.780487775802612305e-01
3.829268217086791992e-01
3.658536672592163086e-01
3.902439177036285400e-01
3.682926595211029053e-01
3.780487775802612305e-01
3.853658437728881836e-01
3.487804532051086426e-01
3.658536672592163086e-01
3.756097555160522461e-01
3.853658735752105713e-01
