2.780985116958618164e+00
5.386353969573974609e+00
7.788907289505004883e+00
1.011617970466613770e+01
1.249123096466064453e+01
1.497466301918029785e+01
1.745088124275207520e+01
1.978955793380737305e+01
2.214734363555908203e+01
2.443160581588745117e+01
2.673459935188293457e+01
2.911462116241455078e+01
3.144071412086486816e+01
3.374617624282836914e+01
3.601078772544860840e+01
3.832932281494140625e+01
4.066816592216491699e+01
4.293177556991577148e+01
4.518165445327758789e+01
4.753367972373962402e+01
4.986076807975769043e+01
5.217841577529907227e+01
5.447503590583801270e+01
5.691213703155517578e+01
5.921305847167968750e+01
6.157422661781311035e+01
6.389290261268615723e+01
6.616826009750366211e+01
6.845764684677124023e+01
7.073025083541870117e+01
7.306390976905822754e+01
7.539056468009948730e+01
7.770559978485107422e+01
7.998651957511901855e+01
8.226915359497070312e+01
8.457479453086853027e+01
8.690243601799011230e+01
8.920142555236816406e+01
9.146759319305419922e+01
9.378901362419128418e+01
9.610275220870971680e+01
9.841037583351135254e+01
1.007114591598510742e+02
1.030174477100372314e+02
1.053243989944458008e+02
1.076600596904754639e+02
1.099527027606964111e+02
1.122629144191741943e+02
1.145565452575683594e+02
1.168598818778991699e+02
1.191334676742553711e+02
1.214390907287597656e+02
1.237137222290039062e+02
1.259861655235290527e+02
1.282619476318359375e+02
1.305635972023010254e+02
1.328892054557800293e+02
1.351680798530578613e+02
1.374656851291656494e+02
1.398203427791595459e+02
1.421279842853546143e+02
1.444086265563964844e+02
1.467452752590179443e+02
1.490363075733184814e+02
1.514647960662841797e+02
1.537947950363159180e+02
1.561734735965728760e+02
1.584943115711212158e+02
1.608009386062622070e+02
1.632016451358795166e+02
1.655323023796081543e+02
1.678976736068725586e+02
1.702829182147979736e+02
1.726695625782012939e+02
1.749562444686889648e+02
1.773676707744598389e+02
1.797423484325408936e+02
1.821636934280395508e+02
1.844908888339996338e+02
1.868825774192810059e+02
1.892183229923248291e+02
1.915075402259826660e+02
1.938111743927001953e+02
1.961488835811614990e+02
1.984124927520751953e+02
2.006841967105865479e+02
2.030068621635437012e+02
2.053301708698272705e+02
2.076107368469238281e+02
2.099230873584747314e+02
2.122917578220367432e+02
2.145513646602630615e+02
2.169110074043273926e+02
2.191909513473510742e+02
2.215051832199096680e+02
2.237945668697357178e+02
2.261164622306823730e+02
2.284150493144989014e+02
2.308283259868621826e+02
2.331396479606628418e+02
2.354536221027374268e+02
2.377631452083587646e+02
2.400928018093109131e+02
2.424117865562438965e+02
2.447148404121398926e+02
2.470241036415100098e+02
2.493687841892242432e+02
2.517183656692504883e+02
2.540453190803527832e+02
2.563539607524871826e+02
2.587727510929107666e+02
2.613411593437194824e+02
2.640562248229980469e+02
2.668585605621337891e+02
2.697836167812347412e+02
2.728290927410125732e+02
2.757953929901123047e+02
2.786882355213165283e+02
2.817428641319274902e+02
2.847433955669403076e+02
2.877193613052368164e+02
2.906929891109466553e+02
2.937200675010681152e+02
2.966862790584564209e+02
2.996232120990753174e+02
3.025182790756225586e+02
3.054525840282440186e+02
3.083587484359741211e+02
3.113284327983856201e+02
3.143486778736114502e+02
3.172326741218566895e+02
3.200513224601745605e+02
3.229221749305725098e+02
3.258339700698852539e+02
3.288210935592651367e+02
3.318033933639526367e+02
3.348856573104858398e+02
3.378916573524475098e+02
3.409305281639099121e+02
3.438806252479553223e+02
3.468381807804107666e+02
3.499049849510192871e+02
3.529347286224365234e+02
3.559067485332489014e+02
3.591654887199401855e+02
3.621650762557983398e+02
3.651541903018951416e+02
3.680795805454254150e+02
3.710619957447052002e+02
3.741239089965820312e+02
3.772762157917022705e+02
3.801962234973907471e+02
3.825508980751037598e+02
3.849406104087829590e+02
3.872850317955017090e+02
3.895806636810302734e+02
3.919655194282531738e+02
3.943157386779785156e+02
3.966407470703125000e+02
3.989582576751708984e+02
4.012791581153869629e+02
4.036228106021881104e+02
4.059922330379486084e+02
4.082745914459228516e+02
4.105559308528900146e+02
4.129446413516998291e+02
4.152953021526336670e+02
4.176910045146942139e+02
4.201587450504302979e+02
4.224426898956298828e+02
4.247789340019226074e+02
4.271505966186523438e+02
4.294462289810180664e+02
4.317343268394470215e+02
4.340436713695526123e+02
4.363604273796081543e+02
4.386540579795837402e+02
4.409127018451690674e+02
4.432513487339019775e+02
4.455479822158813477e+02
4.478767111301422119e+02
4.503242843151092529e+02
4.527044410705566406e+02
4.550000607967376709e+02
4.572973635196685791e+02
4.596921825408935547e+02
4.627862043380737305e+02
4.651416935920715332e+02
4.674632847309112549e+02
4.698151593208312988e+02
4.722735300064086914e+02
4.746310236454010010e+02
4.769750139713287354e+02
4.793226692676544189e+02
4.816314775943756104e+02
4.838961002826690674e+02
4.862017393112182617e+02
4.884653363227844238e+02
4.907845714092254639e+02
4.930744733810424805e+02
