2.555803060531616211e+00
4.849433898925781250e+00
7.049999475479125977e+00
9.285587787628173828e+00
1.153218555450439453e+01
1.389886784553527832e+01
1.615448451042175293e+01
1.842009496688842773e+01
2.071772885322570801e+01
2.299733734130859375e+01
2.525295352935791016e+01
2.750053882598876953e+01
2.980419206619262695e+01
3.208579897880554199e+01
3.435242390632629395e+01
3.660319876670837402e+01
3.882976961135864258e+01
4.107236385345458984e+01
4.333598661422729492e+01
4.563261842727661133e+01
4.791422867774963379e+01
5.016282701492309570e+01
5.245145463943481445e+01
5.471906733512878418e+01
5.701571297645568848e+01
5.935042643547058105e+01
6.180515909194946289e+01
6.412782239913940430e+01
6.646347141265869141e+01
6.877711629867553711e+01
7.101371979713439941e+01
7.331734466552734375e+01
7.565300488471984863e+01
7.797665762901306152e+01
8.031031775474548340e+01
8.262396168708801270e+01
8.496962952613830566e+01
8.726127195358276367e+01
8.960692715644836426e+01
9.192457461357116699e+01
9.417218542098999023e+01
9.648381614685058594e+01
9.877745914459228516e+01
1.010680754184722900e+02
1.033777301311492920e+02
1.057323918342590332e+02
1.080190303325653076e+02
1.103036541938781738e+02
1.126603174209594727e+02
1.149549489021301270e+02
1.172555968761444092e+02
1.196392800807952881e+02
1.220299806594848633e+02
1.244256951808929443e+02
1.266992998123168945e+02
1.290020511150360107e+02
1.312346379756927490e+02
1.335072536468505859e+02
1.359069600105285645e+02
1.382115983963012695e+02
1.404922504425048828e+02
1.428428919315338135e+02
1.450904893875122070e+02
1.473300945758819580e+02
1.495736773014068604e+02
1.519093377590179443e+02
1.542920322418212891e+02
1.567828030586242676e+02
1.593746466636657715e+02
1.620505483150482178e+02
1.648595461845397949e+02
1.676455266475677490e+02
1.704205002784729004e+02
1.732765300273895264e+02
1.761685864925384521e+02
1.790156111717224121e+02
1.819637069702148438e+02
1.848117322921752930e+02
1.876417608261108398e+02
1.904337306022644043e+02
1.931406543254852295e+02
1.960517244338989258e+02
1.988767323493957520e+02
2.022131047248840332e+02
2.048749976158142090e+02
2.077820641994476318e+02
2.105710477828979492e+02
2.133430190086364746e+02
2.161440093517303467e+02
2.190280601978302002e+02
2.218310532569885254e+02
2.246290426254272461e+02
2.275120923519134521e+02
2.304892120361328125e+02
2.334062829017639160e+02
2.363413703441619873e+02
2.391953992843627930e+02
2.420824518203735352e+02
2.449174683094024658e+02
2.478045203685760498e+02
2.507095861434936523e+02
2.536726927757263184e+02
2.565707535743713379e+02
2.594828245639801025e+02
2.623578679561614990e+02
2.653009603023529053e+02
2.681579918861389160e+02
2.710560534000396729e+02
2.739901392459869385e+02
2.768101441860198975e+02
2.796691768169403076e+02
2.825342142581939697e+02
2.854342753887176514e+02
2.883033163547515869e+02
2.911623482704162598e+02
2.940874283313751221e+02
2.969894917011260986e+02
2.998995614051818848e+02
3.027575933933258057e+02
3.056796703338623047e+02
3.085747299194335938e+02
3.115008094310760498e+02
3.143878622055053711e+02
3.172779171466827393e+02
3.202009978294372559e+02
3.230640330314636230e+02
3.259380745887756348e+02
3.289021825790405273e+02
3.317542097568511963e+02
3.346852936744689941e+02
3.375483295917510986e+02
3.404944236278533936e+02
3.432954158782958984e+02
3.461964800357818604e+02
3.491045455932617188e+02
3.521717269420623779e+02
3.557933013439178467e+02
3.587403972148895264e+02
3.615974283218383789e+02
3.645425224304199219e+02
3.673395109176635742e+02
3.702235615253448486e+02
3.731376333236694336e+02
3.760046861171722412e+02
3.789177434444427490e+02
3.818678410053253174e+02
3.847078604698181152e+02
3.875779025554656982e+02
3.904909718036651611e+02
3.935481464862823486e+02
3.964101815223693848e+02
3.993102426528930664e+02
4.021372525691986084e+02
4.050132977962493896e+02
4.078993515968322754e+02
4.107844161987304688e+02
4.136284227371215820e+02
4.164864554405212402e+02
4.193685042858123779e+02
4.222715690135955811e+02
4.251726312637329102e+02
4.280867030620574951e+02
4.309397320747375488e+02
4.338377919197082520e+02
4.368029000759124756e+02
4.396909537315368652e+02
4.426030240058898926e+02
4.455361096858978271e+02
4.483571157455444336e+02
4.513282279968261719e+02
4.542372968196868896e+02
4.572224185466766357e+02
4.601384921073913574e+02
4.630695762634277344e+02
4.659005892276763916e+02
4.687576222419738770e+02
4.714935655593872070e+02
4.744326553344726562e+02
4.773747479915618896e+02
4.802267751693725586e+02
4.830477817058563232e+02
4.859428393840789795e+02
4.886987993717193604e+02
4.915468244552612305e+02
4.943778367042541504e+02
4.974860467910766602e+02
5.002149875164031982e+02
5.028438715934753418e+02
5.054627180099487305e+02
5.080785784721374512e+02
5.108675615787506104e+02
5.135874948501586914e+02
5.163744766712188721e+02
5.189352972507476807e+02
5.215531592369079590e+02
5.241530070304870605e+02
5.267228345870971680e+02
5.292136049270629883e+02
5.317834324836730957e+02
5.343262403011322021e+02
