2.723919630050659180e+00
5.065025568008422852e+00
7.344633817672729492e+00
9.679149627685546875e+00
1.198708796501159668e+01
1.430673718452453613e+01
1.675449752807617188e+01
1.920623779296875000e+01
2.160547113418579102e+01
2.395014667510986328e+01
2.626680684089660645e+01
2.863147521018981934e+01
3.105471467971801758e+01
3.336335611343383789e+01
3.570256400108337402e+01
3.807976579666137695e+01
4.048454809188842773e+01
4.286106419563293457e+01
4.517276239395141602e+01
4.756667876243591309e+01
4.991134715080261230e+01
5.226115274429321289e+01
5.462132143974304199e+01
5.703602528572082520e+01
5.939518284797668457e+01
6.173883557319641113e+01
6.409920310974121094e+01
6.647492480278015137e+01
6.894361662864685059e+01
7.131024146080017090e+01
7.363055324554443359e+01
7.603906035423278809e+01
7.841775202751159668e+01
8.082304883003234863e+01
8.326705861091613770e+01
8.566376233100891113e+01
8.803645777702331543e+01
9.046819114685058594e+01
9.288689875602722168e+01
9.536065721511840820e+01
9.780063700675964355e+01
1.008917784690856934e+02
1.037473187446594238e+02
1.066030197143554688e+02
1.095197610855102539e+02
1.125761160850524902e+02
1.156424636840820312e+02
1.186466352939605713e+02
1.216781992912292480e+02
1.246835415363311768e+02
1.276449975967407227e+02
1.307789955139160156e+02
1.338378894329071045e+02
1.370081434249877930e+02
1.400689272880554199e+02
1.430875799655914307e+02
1.460893318653106689e+02
1.491303706169128418e+02
1.521463477611541748e+02
1.551219515800476074e+02
1.580210106372833252e+02
1.609911227226257324e+02
1.640322849750518799e+02
1.670969054698944092e+02
1.702151370048522949e+02
1.733136355876922607e+02
1.764502663612365723e+02
1.794264309406280518e+02
1.823983368873596191e+02
1.855828907489776611e+02
1.886636314392089844e+02
1.917888536453247070e+02
1.950299654006958008e+02
1.982050518989562988e+02
2.013580684661865234e+02
2.046047501564025879e+02
2.077874233722686768e+02
2.109245371818542480e+02
2.141799702644348145e+02
2.172771573066711426e+02
2.204028527736663818e+02
2.236084189414978027e+02
2.266822330951690674e+02
2.298084561824798584e+02
2.329322633743286133e+02
2.360324823856353760e+02
2.392109725475311279e+02
2.424412710666656494e+02
2.456145973205566406e+02
2.488073801994323730e+02
2.519420771598815918e+02
2.551092221736907959e+02
2.581707644462585449e+02
2.613530755043029785e+02
2.644519150257110596e+02
2.675599169731140137e+02
2.706953337192535400e+02
2.739361829757690430e+02
2.769976058006286621e+02
2.801450760364532471e+02
2.832435595989227295e+02
2.863849394321441650e+02
2.895127968788146973e+02
2.926506097316741943e+02
2.957629261016845703e+02
2.988416738510131836e+02
3.019607381820678711e+02
3.050459320545196533e+02
3.081690089702606201e+02
3.113320360183715820e+02
3.144354734420776367e+02
3.175303838253021240e+02
3.205743479728698730e+02
3.237521550655364990e+02
3.268107738494873047e+02
3.300174520015716553e+02
3.331541783809661865e+02
3.362518112659454346e+02
3.393346970081329346e+02
3.424512259960174561e+02
3.455720376968383789e+02
3.486881339550018311e+02
3.517821691036224365e+02
3.548827891349792480e+02
3.580510420799255371e+02
3.611411941051483154e+02
3.642574684619903564e+02
3.673975610733032227e+02
3.705790803432464600e+02
3.737406206130981445e+02
3.768987853527069092e+02
3.800489077568054199e+02
3.831949841976165771e+02
3.862946114540100098e+02
3.893822813034057617e+02
3.925292537212371826e+02
3.956614809036254883e+02
3.987770788669586182e+02
4.019196321964263916e+02
4.052179772853851318e+02
4.083385176658630371e+02
4.114395182132720947e+02
4.145026829242706299e+02
4.176690888404846191e+02
4.207888398170471191e+02
4.239015789031982422e+02
4.269597346782684326e+02
4.301329374313354492e+02
4.331991167068481445e+02
4.365931468009948730e+02
4.397447195053100586e+02
4.428561253547668457e+02
4.458894441127777100e+02
4.489558963775634766e+02
4.521213703155517578e+02
4.552319879531860352e+02
4.583513188362121582e+02
4.614893558025360107e+02
4.646269350051879883e+02
4.677908916473388672e+02
4.708970997333526611e+02
4.739911963939666748e+02
4.771630163192749023e+02
4.802620129585266113e+02
4.834047770500183105e+02
4.865139427185058594e+02
4.896585896015167236e+02
4.929269485473632812e+02
4.963490478992462158e+02
4.999948713779449463e+02
5.060082154273986816e+02
5.087300817966461182e+02
5.111472728252410889e+02
5.135509586334228516e+02
5.158786008358001709e+02
5.181082849502563477e+02
5.203188431262969971e+02
5.225664546489715576e+02
5.247870202064514160e+02
5.270376331806182861e+02
5.292042114734649658e+02
5.314167847633361816e+02
5.335873279571533203e+02
5.358639464378356934e+02
5.380965473651885986e+02
5.403281207084655762e+02
5.425527021884918213e+02
5.448123092651367188e+02
5.470258829593658447e+02
5.497348091602325439e+02
5.519774034023284912e+02
5.541859743595123291e+02
5.564425783157348633e+02
5.586521489620208740e+02
5.609808051586151123e+02
5.631543505191802979e+02
5.653689250946044922e+02
5.675995106697082520e+02
5.698811330795288086e+02
5.721467580795288086e+02
