3.020125389099121094e+00
5.614967584609985352e+00
8.276870250701904297e+00
1.091074585914611816e+01
1.354460501670837402e+01
1.614545392990112305e+01
1.873729681968688965e+01
2.133416604995727539e+01
2.398104739189147949e+01
2.658489871025085449e+01
2.920376181602478027e+01
3.178559708595275879e+01
3.448351454734802246e+01
3.708936738967895508e+01
3.973324704170227051e+01
4.232509016990661621e+01
4.496396684646606445e+01
4.758482956886291504e+01
5.023871707916259766e+01
5.316579818725585938e+01
5.600781869888305664e+01
5.883826470375061035e+01
6.155019187927246094e+01
6.424210596084594727e+01
6.693702173233032227e+01
6.954788541793823242e+01
7.228182363510131836e+01
7.492670273780822754e+01
7.764865159988403320e+01
8.031953716278076172e+01
8.303847050666809082e+01
8.571237134933471680e+01
8.848434257507324219e+01
9.118926548957824707e+01
9.386117649078369141e+01
9.650204300880432129e+01
9.919996166229248047e+01
1.018918752670288086e+02
1.045407586097717285e+02
1.072867112159729004e+02
1.099936358928680420e+02
1.127596166133880615e+02
1.154094867706298828e+02
1.181084058284759521e+02
1.207662954330444336e+02
1.235072922706604004e+02
1.262542557716369629e+02
1.289721786975860596e+02
1.316360716819763184e+02
1.343630106449127197e+02
1.370039029121398926e+02
1.396567747592926025e+02
1.423556935787200928e+02
1.450916538238525391e+02
1.477725453376770020e+02
1.505074906349182129e+02
1.532324285507202148e+02
1.559743771553039551e+02
1.587173283100128174e+02
1.614532730579376221e+02
1.641872169971466064e+02
1.669231619834899902e+02
1.698442389965057373e+02
1.726362245082855225e+02
1.753691668510437012e+02
1.781241362094879150e+02
1.808360540866851807e+02
1.835489823818206787e+02
1.862749204635620117e+02
1.889758412837982178e+02
1.917107858657836914e+02
1.945237865447998047e+02
1.973327834606170654e+02
2.002308583259582520e+02
2.031319065093994141e+02
2.060079514980316162e+02
2.088789927959442139e+02
2.117360241413116455e+02
2.143548994064331055e+02
2.170267856121063232e+02
2.197397148609161377e+02
2.224196209907531738e+02
2.251575665473937988e+02
2.279695661067962646e+02
2.307015085220336914e+02
2.333573968410491943e+02
2.360062811374664307e+02
2.387462294101715088e+02
2.415081918239593506e+02
2.442301278114318848e+02
2.470121057033538818e+02
2.497700662612915039e+02
2.525350327491760254e+02
2.552649734020233154e+02
2.579718987941741943e+02
2.607528760433197021e+02
2.634938240051269531e+02
2.662627954483032227e+02
2.689196817874908447e+02
2.716256058216094971e+02
2.743155186176300049e+02
2.769133679866790771e+02
2.795062091350555420e+02
2.821420845985412598e+02
2.848079788684844971e+02
2.874118299484252930e+02
2.900987403392791748e+02
2.927616338729858398e+02
2.954955775737762451e+02
2.980353837013244629e+02
3.006832766532897949e+02
3.033641746044158936e+02
3.060250647068023682e+02
3.086349210739135742e+02
3.111957409381866455e+02
3.137945907115936279e+02
3.164324638843536377e+02
3.190413293838500977e+02
3.217042124271392822e+02
3.244341533184051514e+02
3.270910422801971436e+02
3.297679469585418701e+02
3.324278364181518555e+02
3.351117455959320068e+02
3.377236022949218750e+02
3.404255235195159912e+02
3.430694038867950439e+02
3.457713241577148438e+02
3.484212083816528320e+02
3.512091908454895020e+02
3.538570733070373535e+02
3.565249810218811035e+02
3.591668491363525391e+02
3.618377475738525391e+02
3.644556107521057129e+02
3.671595318317413330e+02
3.698134198188781738e+02
3.724803147315979004e+02
3.750751595497131348e+02
3.777040412425994873e+02
3.802738559246063232e+02
3.829597661495208740e+02
3.856116514205932617e+02
3.883425931930541992e+02
3.910074882507324219e+02
3.936523687839508057e+02
3.962952477931976318e+02
3.990382075309753418e+02
4.016690680980682373e+02
4.044950776100158691e+02
4.073150827884674072e+02
4.100960605144500732e+02
4.129640998840332031e+02
4.158161270618438721e+02
4.186461391448974609e+02
4.214791541099548340e+02
4.243722105026245117e+02
4.272622654438018799e+02
4.300732786655426025e+02
4.328732550144195557e+02
4.356782495975494385e+02
4.385382978916168213e+02
4.412172002792358398e+02
4.439291291236877441e+02
4.466300358772277832e+02
4.493329577445983887e+02
4.519398121833801270e+02
4.546497383117675781e+02
4.573106305599212646e+02
4.600725941658020020e+02
4.627074670791625977e+02
4.653863720893859863e+02
4.680322530269622803e+02
4.708092279434204102e+02
4.735641872882843018e+02
4.764012036323547363e+02
4.790751049518585205e+02
4.818050460815429688e+02
4.844829499721527100e+02
4.873069579601287842e+02
4.902190282344818115e+02
4.931961452960968018e+02
4.960721898078918457e+02
4.989192137718200684e+02
5.017902557849884033e+02
5.046312761306762695e+02
5.074412734508514404e+02
5.102662818431854248e+02
5.129672026634216309e+02
5.155980730056762695e+02
5.180408551692962646e+02
5.205356166362762451e+02
5.230193953514099121e+02
5.254811456203460693e+02
5.279669001102447510e+02
5.303676204681396484e+02
5.327433092594146729e+02
5.351810297966003418e+02
5.375887413024902344e+02
5.400134778022766113e+02
