1.593137346208095551e-02
1.593137346208095551e-02
1.348039228469133377e-02
2.083333395421504974e-02
1.225490216165781021e-02
1.715686358511447906e-02
2.083333395421504974e-02
1.838235370814800262e-02
2.328431420028209686e-02
2.328431606292724609e-02
1.960784383118152618e-02
1.960784383118152618e-02
2.328431420028209686e-02
2.083333395421504974e-02
1.470588240772485733e-02
2.818627469241619110e-02
1.225490216165781021e-02
1.960784383118152618e-02
2.083333395421504974e-02
2.083333395421504974e-02
2.696078456938266754e-02
1.960784383118152618e-02
2.818627469241619110e-02
2.573529444634914398e-02
1.715686358511447906e-02
3.186274692416191101e-02
2.205882407724857330e-02
3.676470741629600525e-02
3.063725680112838745e-02
3.308823704719543457e-02
3.676470741629600525e-02
3.063725680112838745e-02
4.289215803146362305e-02
4.166666790843009949e-02
5.637255311012268066e-02
5.882352963089942932e-02
5.269608274102210999e-02
4.901960864663124084e-02
5.269607901573181152e-02
7.352941483259201050e-02
5.882353335618972778e-02
8.088236302137374878e-02
8.578431606292724609e-02
9.681373089551925659e-02
1.053921729326248169e-01
1.213235333561897278e-01
1.470588147640228271e-01
1.360294222831726074e-01
1.409313827753067017e-01
1.531862914562225342e-01
1.605392247438430786e-01
1.740196198225021362e-01
2.022059261798858643e-01
2.022058963775634766e-01
2.095588296651840210e-01
2.230392247438430786e-01
2.634803950786590576e-01
2.585784494876861572e-01
2.487745285034179688e-01
2.500000000000000000e-01
2.683823704719543457e-01
2.561274766921997070e-01
3.026961088180541992e-01
3.284313976764678955e-01
3.357843458652496338e-01
3.357843458652496338e-01
3.566176295280456543e-01
3.480392396450042725e-01
3.517157137393951416e-01
3.884804248809814453e-01
3.664215803146362305e-01
3.737745583057403564e-01
3.762255012989044189e-01
4.056373238563537598e-01
4.019608497619628906e-01
4.031863212585449219e-01
4.289216101169586182e-01
4.019608199596405029e-01
4.387255311012268066e-01
4.325980544090270996e-01
4.632353484630584717e-01
4.656863212585449219e-01
4.656862914562225342e-01
4.693627357482910156e-01
4.828431606292724609e-01
4.901960790157318115e-01
4.840686321258544922e-01
4.803922176361083984e-01
4.914216101169586182e-01
5.049020051956176758e-01
5.257353186607360840e-01
5.110294818878173828e-01
4.852941632270812988e-01
5.367647409439086914e-01
5.600491166114807129e-01
5.159314274787902832e-01
5.477941632270812988e-01
5.772058963775634766e-01
5.294117927551269531e-01
5.416666865348815918e-01
5.588235855102539062e-01
5.637255907058715820e-01
5.588235855102539062e-01
5.575981140136718750e-01
5.674020051956176758e-01
5.821079015731811523e-01
5.465686917304992676e-01
5.612745285034179688e-01
6.004902720451354980e-01
6.115196943283081055e-01
5.698529481887817383e-01
5.808824300765991211e-01
5.894608497619628906e-01
6.090686917304992676e-01
5.906863212585449219e-01
6.237745285034179688e-01
6.127451658248901367e-01
6.053922176361083984e-01
5.992648005485534668e-01
5.943627953529357910e-01
5.845589041709899902e-01
5.686274766921997070e-01
5.992647409439086914e-01
6.250000596046447754e-01
6.213235855102539062e-01
6.421569585800170898e-01
6.102941036224365234e-01
6.139706373214721680e-01
6.409314870834350586e-01
6.323530077934265137e-01
6.115196943283081055e-01
6.188725829124450684e-01
6.335784792900085449e-01
6.335784196853637695e-01
6.409314274787902832e-01
6.311274766921997070e-01
6.446079015731811523e-01
6.299020648002624512e-01
6.409314274787902832e-01
6.372549533843994141e-01
6.409314274787902832e-01
6.531863808631896973e-01
6.286765336990356445e-01
6.433823704719543457e-01
6.250001192092895508e-01
6.323530077934265137e-01
6.568627953529357910e-01
6.495098471641540527e-01
6.397059559822082520e-01
6.470589041709899902e-01
6.348039507865905762e-01
6.446079015731811523e-01
6.519608497619628906e-01
6.531863212585449219e-01
6.544119119644165039e-01
6.495099067687988281e-01
6.311275362968444824e-01
6.580883264541625977e-01
6.593137979507446289e-01
6.875000596046447754e-01
6.421569585800170898e-01
6.470589041709899902e-01
6.752451658248901367e-01
6.421568989753723145e-01
6.568627953529357910e-01
6.593137383460998535e-01
6.642157435417175293e-01
6.495099067687988281e-01
6.740196943283081055e-01
6.642158031463623047e-01
6.666666865348815918e-01
6.801471114158630371e-01
6.764706969261169434e-01
6.801471114158630371e-01
6.629902720451354980e-01
6.801471114158630371e-01
6.776961088180541992e-01
6.727942228317260742e-01
6.825981140136718750e-01
6.776961684226989746e-01
6.715686917304992676e-01
6.899510622024536133e-01
6.678922772407531738e-01
6.924020051956176758e-01
6.960785388946533203e-01
6.446079015731811523e-01
6.764706969261169434e-01
6.740196347236633301e-01
6.911765336990356445e-01
6.997549533843994141e-01
6.887255907058715820e-01
6.948529481887817383e-01
6.924020051956176758e-01
6.776961088180541992e-01
6.985294818878173828e-01
6.691176891326904297e-01
7.046568989753723145e-01
6.825981140136718750e-01
6.911764740943908691e-01
6.948530077934265137e-01
