1.470588333904743195e-02
1.348039228469133377e-02
1.838235370814800262e-02
1.838235370814800262e-02
1.470588333904743195e-02
1.593137346208095551e-02
1.715686358511447906e-02
1.593137346208095551e-02
1.102941203862428665e-02
1.715686358511447906e-02
1.960784383118152618e-02
2.205882407724857330e-02
1.470588333904743195e-02
2.696078643202781677e-02
1.593137346208095551e-02
8.578431792557239532e-03
1.960784383118152618e-02
1.348039321601390839e-02
2.083333395421504974e-02
2.083333395421504974e-02
2.328431420028209686e-02
1.960784383118152618e-02
1.593137346208095551e-02
2.573529630899429321e-02
2.205882407724857330e-02
2.083333395421504974e-02
2.205882407724857330e-02
2.205882407724857330e-02
3.553921729326248169e-02
2.573529444634914398e-02
3.799019753932952881e-02
4.289215803146362305e-02
3.553921729326248169e-02
2.818627655506134033e-02
2.573529630899429321e-02
4.411764815449714661e-02
3.921568766236305237e-02
5.024509876966476440e-02
5.024509876966476440e-02
5.024509876966476440e-02
7.475490123033523560e-02
6.985294818878173828e-02
8.578432351350784302e-02
9.191177785396575928e-02
9.681373089551925659e-02
9.558825194835662842e-02
9.313725680112838745e-02
1.017156913876533508e-01
1.286764889955520630e-01
1.262255012989044189e-01
1.482843309640884399e-01
1.691176593303680420e-01
1.801470816135406494e-01
1.727941483259201050e-01
1.740196347236633301e-01
1.862745285034179688e-01
2.230392396450042725e-01
2.230392396450042725e-01
2.340686470270156860e-01
2.573529481887817383e-01
2.745098471641540527e-01
2.977941334247589111e-01
2.463235259056091309e-01
2.683823704719543457e-01
3.223039507865905762e-01
3.223039507865905762e-01
3.357843160629272461e-01
2.965686619281768799e-01
3.284313678741455078e-01
3.443627655506134033e-01
3.786765038967132568e-01
3.443627953529357910e-01
3.700980246067047119e-01
3.725490570068359375e-01
3.823529481887817383e-01
3.982843458652496338e-01
3.995098471641540527e-01
4.056373238563537598e-01
4.105392694473266602e-01
4.080882370471954346e-01
3.946078717708587646e-01
4.203431606292724609e-01
4.068627953529357910e-01
4.436274766921997070e-01
4.240196347236633301e-01
4.448529481887817383e-01
4.705883264541625977e-01
4.779412448406219482e-01
4.656863212585449219e-01
4.803922176361083984e-01
4.975490570068359375e-01
4.607843756675720215e-01
4.718137383460998535e-01
4.865196943283081055e-01
4.840686619281768799e-01
4.865196645259857178e-01
4.681372642517089844e-01
5.036765336990356445e-01
4.840686917304992676e-01
5.183823704719543457e-01
4.975490868091583252e-01
4.963235557079315186e-01
4.987745583057403564e-01
5.049020051956176758e-01
5.453432202339172363e-01
5.122549533843994141e-01
5.232843160629272461e-01
5.490196943283081055e-01
5.171568989753723145e-01
5.465686917304992676e-01
5.183824300765991211e-01
5.306373238563537598e-01
5.379902720451354980e-01
5.318627953529357910e-01
5.330882668495178223e-01
5.428922176361083984e-01
5.612745285034179688e-01
5.539215803146362305e-01
5.747550129890441895e-01
5.306373238563537598e-01
5.563725829124450684e-01
5.453431606292724609e-01
5.612745285034179688e-01
5.857843756675720215e-01
5.686274766921997070e-01
5.563725829124450684e-01
5.600490570068359375e-01
5.575981140136718750e-01
5.723040103912353516e-01
5.600490570068359375e-01
5.808824300765991211e-01
5.747549533843994141e-01
5.661765336990356445e-01
5.857843160629272461e-01
5.857843756675720215e-01
5.526961088180541992e-01
5.759804844856262207e-01
5.857844352722167969e-01
5.955882668495178223e-01
5.882353186607360840e-01
5.870098471641540527e-01
5.698529481887817383e-01
5.894608497619628906e-01
5.759804844856262207e-01
6.004902124404907227e-01
5.833333730697631836e-01
6.090686917304992676e-01
6.078431606292724609e-01
5.845588445663452148e-01
5.833334326744079590e-01
6.102941036224365234e-01
5.906863212585449219e-01
6.286765336990356445e-01
6.115196943283081055e-01
6.004902720451354980e-01
6.041666865348815918e-01
6.409314274787902832e-01
6.311274766921997070e-01
6.139706373214721680e-01
5.980392694473266602e-01
6.029412746429443359e-01
6.200981140136718750e-01
6.090686917304992676e-01
6.164215803146362305e-01
6.225491166114807129e-01
6.262255907058715820e-01
6.090687513351440430e-01
5.992647409439086914e-01
6.102942228317260742e-01
6.225491166114807129e-01
6.053922176361083984e-01
6.078432202339172363e-01
6.421569585800170898e-01
6.041666865348815918e-01
6.188725829124450684e-01
6.078432202339172363e-01
6.507353186607360840e-01
6.299020051956176758e-01
6.311275362968444824e-01
6.470588445663452148e-01
6.237745285034179688e-01
6.286765336990356445e-01
6.017158031463623047e-01
6.311274766921997070e-01
6.433824300765991211e-01
6.311274766921997070e-01
6.311274766921997070e-01
6.200980544090270996e-01
6.311274766921997070e-01
6.397058963775634766e-01
6.250000596046447754e-01
6.311275362968444824e-01
6.335785388946533203e-01
6.225491166114807129e-01
6.323530077934265137e-01
6.250001192092895508e-01
6.642156839370727539e-01
6.433824300765991211e-01
6.311275362968444824e-01
6.188726425170898438e-01
