1.348039228469133377e-02
1.348039228469133377e-02
1.225490216165781021e-02
2.450980432331562042e-02
9.803921915590763092e-03
2.083333395421504974e-02
1.348039228469133377e-02
1.960784569382667542e-02
1.715686358511447906e-02
2.205882407724857330e-02
1.225490216165781021e-02
1.593137346208095551e-02
1.715686358511447906e-02
2.696078456938266754e-02
1.838235370814800262e-02
2.205882407724857330e-02
2.941176667809486389e-02
1.960784383118152618e-02
1.960784383118152618e-02
2.205882593989372253e-02
2.205882407724857330e-02
2.205882407724857330e-02
1.715686358511447906e-02
1.593137346208095551e-02
2.083333395421504974e-02
1.470588240772485733e-02
2.083333395421504974e-02
2.573529630899429321e-02
2.083333395421504974e-02
1.960784383118152618e-02
2.450980432331562042e-02
3.553921729326248169e-02
2.818627469241619110e-02
3.308823704719543457e-02
1.838235370814800262e-02
2.696078643202781677e-02
4.534313827753067017e-02
3.431372717022895813e-02
2.696078456938266754e-02
3.921568766236305237e-02
5.024509876966476440e-02
5.269607901573181152e-02
3.799019753932952881e-02
6.250000745058059692e-02
4.289215803146362305e-02
4.534313827753067017e-02
6.250000000000000000e-02
6.740196794271469116e-02
6.250000000000000000e-02
6.985294818878173828e-02
5.759803950786590576e-02
9.313726425170898438e-02
7.352941483259201050e-02
9.558824449777603149e-02
1.004902124404907227e-01
1.004902049899101257e-01
9.313726425170898438e-02
1.151960864663124084e-01
1.115196123719215393e-01
1.250000149011611938e-01
1.323529630899429321e-01
1.495098173618316650e-01
1.580882370471954346e-01
1.397058963775634766e-01
1.593137532472610474e-01
1.727941334247589111e-01
1.899510025978088379e-01
1.838235408067703247e-01
2.144608199596405029e-01
2.120098173618316650e-01
2.022058963775634766e-01
2.230392247438430786e-01
2.291666716337203979e-01
2.463235557079315186e-01
2.745098173618316650e-01
2.732843458652496338e-01
2.732843160629272461e-01
2.830882668495178223e-01
3.014706373214721680e-01
2.855392396450042725e-01
3.137255609035491943e-01
3.259804248809814453e-01
3.431372940540313721e-01
3.357843160629272461e-01
3.553921878337860107e-01
3.602941334247589111e-01
3.664216101169586182e-01
3.737745285034179688e-01
3.848039507865905762e-01
3.664215803146362305e-01
3.676470816135406494e-01
3.897058963775634766e-01
3.958333730697631836e-01
3.921568989753723145e-01
4.240196645259857178e-01
4.203431606292724609e-01
4.276961386203765869e-01
4.411765038967132568e-01
4.485294818878173828e-01
4.252451360225677490e-01
4.191176891326904297e-01
4.656863212585449219e-01
4.877451360225677490e-01
4.938726127147674561e-01
4.914216101169586182e-01
4.791666865348815918e-01
4.914216399192810059e-01
4.816176891326904297e-01
4.901961386203765869e-01
4.889706075191497803e-01
5.012255311012268066e-01
5.098039507865905762e-01
5.024510025978088379e-01
5.183824300765991211e-01
5.294117927551269531e-01
5.036764740943908691e-01
5.183824300765991211e-01
5.392157435417175293e-01
5.355392694473266602e-01
5.294117927551269531e-01
5.110294818878173828e-01
5.269608497619628906e-01
5.477941632270812988e-01
5.477941632270812988e-01
5.796568989753723145e-01
5.453432202339172363e-01
5.526961088180541992e-01
5.490196943283081055e-01
5.723039507865905762e-01
5.428922176361083984e-01
5.649510622024536133e-01
5.747548937797546387e-01
5.931372642517089844e-01
5.906863212585449219e-01
5.796568989753723145e-01
5.980392694473266602e-01
5.674020051956176758e-01
5.759804844856262207e-01
5.931373238563537598e-01
5.845588445663452148e-01
5.808824300765991211e-01
5.992647409439086914e-01
5.833333730697631836e-01
5.931373238563537598e-01
5.796568989753723145e-01
5.943628549575805664e-01
5.833333730697631836e-01
5.980392694473266602e-01
5.894607901573181152e-01
5.857843756675720215e-01
5.772059559822082520e-01
6.029412746429443359e-01
6.004902124404907227e-01
6.017157435417175293e-01
6.237745285034179688e-01
6.151961088180541992e-01
5.882352590560913086e-01
6.200981140136718750e-01
6.200980544090270996e-01
6.127451658248901367e-01
6.090686917304992676e-01
6.164216399192810059e-01
6.053922176361083984e-01
6.139706373214721680e-01
6.200981140136718750e-01
6.250000596046447754e-01
6.078431606292724609e-01
6.237745881080627441e-01
6.078431606292724609e-01
6.274510622024536133e-01
6.139706373214721680e-01
6.433824300765991211e-01
6.335785388946533203e-01
6.250000000000000000e-01
6.200981140136718750e-01
6.348040103912353516e-01
6.274510622024536133e-01
6.274510025978088379e-01
6.262254714965820312e-01
6.274510622024536133e-01
6.458333730697631836e-01
6.384804248809814453e-01
6.188726425170898438e-01
6.544118523597717285e-01
6.531863212585449219e-01
6.458333730697631836e-01
6.752451658248901367e-01
6.446079015731811523e-01
6.397060155868530273e-01
6.433824300765991211e-01
6.580883264541625977e-01
6.458333730697631836e-01
6.495098471641540527e-01
6.299020051956176758e-01
6.323530673980712891e-01
6.397059559822082520e-01
6.507353782653808594e-01
6.617647409439086914e-01
6.286764740943908691e-01
6.299020648002624512e-01
