1.715686358511447906e-02
1.225490216165781021e-02
1.470588333904743195e-02
2.205882407724857330e-02
1.593137346208095551e-02
1.470588333904743195e-02
1.838235370814800262e-02
1.838235370814800262e-02
1.348039321601390839e-02
1.960784383118152618e-02
1.102941203862428665e-02
1.470588333904743195e-02
1.715686358511447906e-02
1.593137346208095551e-02
2.573529444634914398e-02
1.102941203862428665e-02
1.715686358511447906e-02
2.083333395421504974e-02
1.838235370814800262e-02
2.573529444634914398e-02
1.470588333904743195e-02
1.715686358511447906e-02
2.941176667809486389e-02
1.960784383118152618e-02
1.593137346208095551e-02
1.960784383118152618e-02
3.186274692416191101e-02
2.818627469241619110e-02
2.205882407724857330e-02
1.715686358511447906e-02
1.470588333904743195e-02
1.102941296994686127e-02
2.818627469241619110e-02
3.431372717022895813e-02
1.960784383118152618e-02
1.593137346208095551e-02
2.573529630899429321e-02
2.941176481544971466e-02
3.676470741629600525e-02
3.186274692416191101e-02
3.676470741629600525e-02
2.696078643202781677e-02
2.818627469241619110e-02
4.044117778539657593e-02
3.921568766236305237e-02
3.063725680112838745e-02
3.799019753932952881e-02
5.514705926179885864e-02
4.779411852359771729e-02
5.392156913876533508e-02
4.534313827753067017e-02
7.230392843484878540e-02
6.250000000000000000e-02
5.392156913876533508e-02
6.862745434045791626e-02
7.720588892698287964e-02
7.230392843484878540e-02
9.191177040338516235e-02
1.066176667809486389e-01
9.191177785396575928e-02
9.681373089551925659e-02
1.200980395078659058e-01
1.200980618596076965e-01
1.470588445663452148e-01
1.397058963775634766e-01
1.629902124404907227e-01
1.727941334247589111e-01
1.776961088180541992e-01
1.850490421056747437e-01
1.801470816135406494e-01
2.009804248809814453e-01
2.169117778539657593e-01
2.377451211214065552e-01
2.193627655506134033e-01
2.463235557079315186e-01
2.524510025978088379e-01
2.732843160629272461e-01
2.855392396450042725e-01
2.990196347236633301e-01
3.002451360225677490e-01
3.137255311012268066e-01
2.843137383460998535e-01
3.186274468898773193e-01
3.174019753932952881e-01
3.161765038967132568e-01
3.419117927551269531e-01
3.333333730697631836e-01
3.529412150382995605e-01
3.946078419685363770e-01
3.602941632270812988e-01
3.799020051956176758e-01
3.811274766921997070e-01
3.946079015731811523e-01
4.019608497619628906e-01
4.325981140136718750e-01
4.056373238563537598e-01
4.056373238563537598e-01
4.632353484630584717e-01
4.644608199596405029e-01
4.240196645259857178e-01
4.607843756675720215e-01
4.681372940540313721e-01
4.178922176361083984e-01
4.595588743686676025e-01
4.803922176361083984e-01
4.534313976764678955e-01
4.816176891326904297e-01
4.975491166114807129e-01
4.632353186607360840e-01
4.607843458652496338e-01
5.085784792900085449e-01
5.049020051956176758e-01
4.938725531101226807e-01
5.012255311012268066e-01
5.073529481887817383e-01
5.183824300765991211e-01
5.134804248809814453e-01
5.318627953529357910e-01
5.220588445663452148e-01
5.171568989753723145e-01
5.477941632270812988e-01
5.245098471641540527e-01
5.159314274787902832e-01
5.392158031463623047e-01
5.367647409439086914e-01
5.171569585800170898e-01
5.612745285034179688e-01
5.232843756675720215e-01
5.441176891326904297e-01
5.441176891326904297e-01
5.551471114158630371e-01
5.686274766921997070e-01
5.453431606292724609e-01
5.845588445663452148e-01
5.330882668495178223e-01
5.490196943283081055e-01
5.428922176361083984e-01
5.625000596046447754e-01
5.465686917304992676e-01
5.955882668495178223e-01
5.796569585800170898e-01
5.551471710205078125e-01
5.514706373214721680e-01
5.612745285034179688e-01
5.539216399192810059e-01
5.735294222831726074e-01
5.392157435417175293e-01
5.649510025978088379e-01
5.833333730697631836e-01
5.735294222831726074e-01
5.833333730697631836e-01
5.821079015731811523e-01
5.870098471641540527e-01
5.796568989753723145e-01
6.041667461395263672e-01
5.833333730697631836e-01
5.772058963775634766e-01
5.808823704719543457e-01
6.078431606292724609e-01
5.943627953529357910e-01
6.066176891326904297e-01
5.833333730697631836e-01
6.066176891326904297e-01
5.906863212585449219e-01
5.821079611778259277e-01
6.029412746429443359e-01
5.882353782653808594e-01
5.980392694473266602e-01
6.017157435417175293e-01
5.943627953529357910e-01
5.980392694473266602e-01
5.906863212585449219e-01
6.164216995239257812e-01
6.225490570068359375e-01
5.955883264541625977e-01
6.017156839370727539e-01
6.053922176361083984e-01
5.992647409439086914e-01
6.041666865348815918e-01
6.188726425170898438e-01
6.262255907058715820e-01
6.041667461395263672e-01
6.311274766921997070e-01
6.225490570068359375e-01
6.066177487373352051e-01
6.115196347236633301e-01
6.090686321258544922e-01
6.127452254295349121e-01
6.384804248809814453e-01
6.262255311012268066e-01
6.323529481887817383e-01
6.323530077934265137e-01
6.164215803146362305e-01
6.433824300765991211e-01
6.507353782653808594e-01
5.919118523597717285e-01
6.262254714965820312e-01
6.225491166114807129e-01
6.470589041709899902e-01
6.237745285034179688e-01
