1.868182659149169922e+00
3.324566841125488281e+00
4.828093528747558594e+00
6.277833938598632812e+00
7.755021572113037109e+00
9.208699464797973633e+00
1.069016098976135254e+01
1.220538353919982910e+01
1.369202256202697754e+01
1.519981932640075684e+01
1.665423798561096191e+01
1.813186931610107422e+01
1.965957617759704590e+01
2.110440087318420410e+01
2.254670667648315430e+01
2.399614739418029785e+01
2.546560144424438477e+01
2.699749350547790527e+01
2.845756769180297852e+01
2.991810631752014160e+01
3.136986541748046875e+01
3.288236689567565918e+01
3.437025213241577148e+01
3.590811800956726074e+01
3.741575241088867188e+01
3.899934577941894531e+01
4.050084900856018066e+01
4.197564530372619629e+01
4.346275806427001953e+01
4.497972202301025391e+01
4.647426533699035645e+01
4.808696508407592773e+01
4.959463572502136230e+01
5.109812331199645996e+01
5.256323361396789551e+01
5.403238844871520996e+01
5.549834275245666504e+01
5.705960631370544434e+01
5.855705237388610840e+01
6.008124876022338867e+01
6.153546905517578125e+01
6.303522896766662598e+01
6.453162193298339844e+01
6.601377248764038086e+01
6.751512002944946289e+01
6.901716876029968262e+01
7.049373984336853027e+01
7.203129053115844727e+01
7.351167917251586914e+01
7.506008672714233398e+01
7.654518342018127441e+01
7.800276231765747070e+01
7.946736717224121094e+01
8.091895961761474609e+01
8.239573907852172852e+01
8.386008405685424805e+01
8.532092356681823730e+01
8.678873658180236816e+01
8.823164653778076172e+01
8.975998044013977051e+01
9.121203446388244629e+01
9.265971279144287109e+01
9.412463569641113281e+01
9.555656814575195312e+01
9.701120376586914062e+01
9.846253395080566406e+01
9.992996358871459961e+01
1.013663258552551270e+02
1.028263549804687500e+02
1.042655353546142578e+02
1.057066726684570312e+02
1.071914155483245850e+02
1.086470088958740234e+02
1.100907788276672363e+02
1.115651926994323730e+02
1.130314602851867676e+02
1.144739246368408203e+02
1.159437844753265381e+02
1.174067265987396240e+02
1.188840177059173584e+02
1.203261971473693848e+02
1.217645931243896484e+02
1.232188129425048828e+02
1.247055175304412842e+02
1.261633851528167725e+02
1.276138739585876465e+02
1.290706079006195068e+02
1.305006666183471680e+02
1.319854087829589844e+02
1.334458775520324707e+02
1.349172599315643311e+02
1.363522825241088867e+02
1.378565270900726318e+02
1.393017017841339111e+02
1.407557666301727295e+02
1.422123141288757324e+02
1.436682248115539551e+02
1.451265292167663574e+02
1.466145741939544678e+02
1.480708491802215576e+02
1.495111911296844482e+02
1.510443444252014160e+02
1.525196003913879395e+02
1.539943962097167969e+02
1.554527692794799805e+02
1.568927493095397949e+02
1.583675243854522705e+02
1.598407733440399170e+02
1.613016827106475830e+02
1.627638709545135498e+02
1.642463214397430420e+02
1.657216379642486572e+02
1.671874072551727295e+02
1.686506664752960205e+02
1.701062769889831543e+02
1.715597660541534424e+02
1.730411136150360107e+02
1.745222532749176025e+02
1.760018208026885986e+02
1.774705336093902588e+02
1.789176335334777832e+02
1.803704776763916016e+02
1.818370387554168701e+02
1.832872841358184814e+02
1.847538452148437500e+02
1.862458922863006592e+02
1.877039718627929688e+02
1.891573309898376465e+02
1.905926837921142578e+02
1.920634090900421143e+02
1.935148453712463379e+02
1.949634289741516113e+02
1.964330222606658936e+02
1.979034893512725830e+02
1.993787400722503662e+02
2.008659749031066895e+02
2.023023097515106201e+02
2.037498393058776855e+02
2.052288098335266113e+02
2.068075895309448242e+02
2.082865083217620850e+02
2.097541134357452393e+02
2.112283384799957275e+02
2.128035614490509033e+02
2.144966101646423340e+02
2.160023407936096191e+02
2.174670326709747314e+02
2.189964318275451660e+02
2.204525699615478516e+02
2.219486486911773682e+02
2.234188411235809326e+02
2.249044771194458008e+02
2.263878631591796875e+02
2.278596680164337158e+02
2.293321459293365479e+02
2.308592472076416016e+02
2.323228502273559570e+02
2.337743761539459229e+02
2.352788896560668945e+02
2.367872803211212158e+02
2.382705745697021484e+02
2.397667334079742432e+02
2.412368986606597900e+02
2.427096357345581055e+02
2.441921200752258301e+02
2.456822588443756104e+02
2.471516845226287842e+02
2.486362004280090332e+02
2.501161997318267822e+02
2.515724661350250244e+02
2.530313866138458252e+02
2.545048112869262695e+02
2.559945912361145020e+02
2.575327806472778320e+02
2.590359170436859131e+02
2.605173122882843018e+02
2.619997968673706055e+02
2.634900748729705811e+02
2.650131671428680420e+02
2.664752013683319092e+02
2.679413366317749023e+02
2.694196689128875732e+02
2.708979289531707764e+02
2.723647444248199463e+02
2.739555644989013672e+02
2.754218866825103760e+02
2.769052767753601074e+02
2.784652020931243896e+02
2.799242665767669678e+02
2.813763079643249512e+02
2.828473980426788330e+02
2.842973265647888184e+02
2.857675013542175293e+02
2.872503879070281982e+02
2.887238409519195557e+02
2.901900973320007324e+02
2.916699521541595459e+02
2.931381227970123291e+02
2.946455941200256348e+02
2.961308755874633789e+02
