1.580409526824951172e+00
3.106554031372070312e+00
4.591386079788208008e+00
6.082370281219482422e+00
7.554833412170410156e+00
9.044369697570800781e+00
1.055096244812011719e+01
1.207318234443664551e+01
1.355176806449890137e+01
1.507633233070373535e+01
1.656979393959045410e+01
1.809720635414123535e+01
1.957199311256408691e+01
2.106119990348815918e+01
2.255206775665283203e+01
2.403530859947204590e+01
2.552867293357849121e+01
2.699747347831726074e+01
2.850690555572509766e+01
2.998530077934265137e+01
3.147531676292419434e+01
3.296593689918518066e+01
3.445753026008605957e+01
3.596233057975769043e+01
3.745956563949584961e+01
3.895230054855346680e+01
4.045964455604553223e+01
4.196387529373168945e+01
4.345243692398071289e+01
4.497283291816711426e+01
4.648335623741149902e+01
4.801149487495422363e+01
4.952510547637939453e+01
5.106646084785461426e+01
5.254381036758422852e+01
5.403886151313781738e+01
5.551373839378356934e+01
5.702717256546020508e+01
5.850632357597351074e+01
5.999680924415588379e+01
6.149417924880981445e+01
6.301943278312683105e+01
6.451409864425659180e+01
6.603765988349914551e+01
6.754510068893432617e+01
6.905885362625122070e+01
7.055612945556640625e+01
7.206355571746826172e+01
7.358280754089355469e+01
7.509228205680847168e+01
7.657365250587463379e+01
7.807364654541015625e+01
7.954985165596008301e+01
8.105820441246032715e+01
8.256452631950378418e+01
8.419992589950561523e+01
8.601195788383483887e+01
8.783827400207519531e+01
8.954081797599792480e+01
9.106070041656494141e+01
9.266470098495483398e+01
9.433912563323974609e+01
9.585312819480895996e+01
9.735090279579162598e+01
9.887539935111999512e+01
1.003988368511199951e+02
1.019070684909820557e+02
1.035279035568237305e+02
1.050592498779296875e+02
1.066286659240722656e+02
1.081408126354217529e+02
1.097452332973480225e+02
1.112616066932678223e+02
1.127844548225402832e+02
1.143350384235382080e+02
1.158625881671905518e+02
1.173726937770843506e+02
1.189729409217834473e+02
1.204639434814453125e+02
1.219642965793609619e+02
1.234936313629150391e+02
1.249986777305603027e+02
1.265250027179718018e+02
1.280547032356262207e+02
1.295577681064605713e+02
1.311032083034515381e+02
1.326058819293975830e+02
1.341051967144012451e+02
1.356295261383056641e+02
1.371356556415557861e+02
1.386404778957366943e+02
1.401771118640899658e+02
1.416704568862915039e+02
1.431942987442016602e+02
1.447160272598266602e+02
1.462277238368988037e+02
1.477607903480529785e+02
1.492755231857299805e+02
1.507821338176727295e+02
1.522931773662567139e+02
1.537966873645782471e+02
1.553259422779083252e+02
1.568500819206237793e+02
1.583591217994689941e+02
1.598705782890319824e+02
1.613758962154388428e+02
1.632454528808593750e+02
1.649718878269195557e+02
1.665379579067230225e+02
1.680662837028503418e+02
1.697127666473388672e+02
1.712160284519195557e+02
1.727762286663055420e+02
1.743023009300231934e+02
1.757976076602935791e+02
1.773689911365509033e+02
1.789081287384033203e+02
1.804346699714660645e+02
1.819243078231811523e+02
1.834936418533325195e+02
1.850272729396820068e+02
1.865691664218902588e+02
1.880730121135711670e+02
1.895793371200561523e+02
1.911081097126007080e+02
1.926032619476318359e+02
1.941265916824340820e+02
1.956375246047973633e+02
1.971457457542419434e+02
1.986610486507415771e+02
2.001921062469482422e+02
2.017152612209320068e+02
2.033534562587738037e+02
2.049335362911224365e+02
2.064366457462310791e+02
2.079901494979858398e+02
2.095271689891815186e+02
2.110617935657501221e+02
2.126239743232727051e+02
2.141271688938140869e+02
2.156464180946350098e+02
2.171417756080627441e+02
2.186620402336120605e+02
2.201912081241607666e+02
2.216901376247406006e+02
2.233003854751586914e+02
2.248455200195312500e+02
2.263694460391998291e+02
2.279031920433044434e+02
2.295261092185974121e+02
2.310394370555877686e+02
2.325816941261291504e+02
2.340956861972808838e+02
2.356083085536956787e+02
2.371568105220794678e+02
2.387042582035064697e+02
2.402116434574127197e+02
2.417267296314239502e+02
2.432323808670043945e+02
2.447746374607086182e+02
2.463223624229431152e+02
2.478681120872497559e+02
2.494770691394805908e+02
2.510101809501647949e+02
2.525533039569854736e+02
2.540875313282012939e+02
2.556159310340881348e+02
2.571280314922332764e+02
2.586330554485321045e+02
2.601492147445678711e+02
2.616595726013183594e+02
2.632003436088562012e+02
2.647428147792816162e+02
2.662899558544158936e+02
2.677813961505889893e+02
2.693064906597137451e+02
2.708364396095275879e+02
2.723881285190582275e+02
2.739285423755645752e+02
2.754861307144165039e+02
2.770288014411926270e+02
2.785540425777435303e+02
2.801561980247497559e+02
2.816571998596191406e+02
2.832362968921661377e+02
2.847556185722351074e+02
2.862999763488769531e+02
2.878243601322174072e+02
2.893450245857238770e+02
2.908917806148529053e+02
2.925224361419677734e+02
2.940463149547576904e+02
2.955588033199310303e+02
2.970823655128479004e+02
2.986232712268829346e+02
3.001676769256591797e+02
3.016928684711456299e+02
3.033211877346038818e+02
3.048697173595428467e+02
3.064030396938323975e+02
