1.689337491989135742e+00
3.288825273513793945e+00
4.905404806137084961e+00
6.526213645935058594e+00
8.132004499435424805e+00
9.739730596542358398e+00
1.131725263595581055e+01
1.292600178718566895e+01
1.453093290328979492e+01
1.616278934478759766e+01
1.775525259971618652e+01
1.933964157104492188e+01
2.093000507354736328e+01
2.255317020416259766e+01
2.413333320617675781e+01
2.573190569877624512e+01
2.735257625579833984e+01
2.895317482948303223e+01
3.056942796707153320e+01
3.219805645942687988e+01
3.380045795440673828e+01
3.550893759727478027e+01
3.709708333015441895e+01
3.871099972724914551e+01
4.037392878532409668e+01
4.195772075653076172e+01
4.356329274177551270e+01
4.515782856941223145e+01
4.675581717491149902e+01
4.835749077796936035e+01
4.998955893516540527e+01
5.160987424850463867e+01
5.323464107513427734e+01
5.485089468955993652e+01
5.645506954193115234e+01
5.807120394706726074e+01
5.969267416000366211e+01
6.130954051017761230e+01
6.291389799118041992e+01
6.451887440681457520e+01
6.611655473709106445e+01
6.773397016525268555e+01
6.938294744491577148e+01
7.097985482215881348e+01
7.257668972015380859e+01
7.426970219612121582e+01
7.617047762870788574e+01
7.779667353630065918e+01
7.940388226509094238e+01
8.101475119590759277e+01
8.265609121322631836e+01
8.428376889228820801e+01
8.590012812614440918e+01
8.761591362953186035e+01
8.924210214614868164e+01
9.088214683532714844e+01
9.250731778144836426e+01
9.409784102439880371e+01
9.571448922157287598e+01
9.732504439353942871e+01
9.894635128974914551e+01
1.006584680080413818e+02
1.022736313343048096e+02
1.038957924842834473e+02
1.055562958717346191e+02
1.071729073524475098e+02
1.088266215324401855e+02
1.104780983924865723e+02
1.120994102954864502e+02
1.137119519710540771e+02
1.153323597908020020e+02
1.169409325122833252e+02
1.185823886394500732e+02
1.202176651954650879e+02
1.218331954479217529e+02
1.234500513076782227e+02
1.250863208770751953e+02
1.267235445976257324e+02
1.283508162498474121e+02
1.299670302867889404e+02
1.315882718563079834e+02
1.331998407840728760e+02
1.348205819129943848e+02
1.364650285243988037e+02
1.381666336059570312e+02
1.397778837680816650e+02
1.413996088504791260e+02
1.430125827789306641e+02
1.446242029666900635e+02
1.462386891841888428e+02
1.478938729763031006e+02
1.495057103633880615e+02
1.511685461997985840e+02
1.527791182994842529e+02
1.544111711978912354e+02
1.560417473316192627e+02
1.576606526374816895e+02
1.592938976287841797e+02
1.609187419414520264e+02
1.625858759880065918e+02
1.642023890018463135e+02
1.658580582141876221e+02
1.674934144020080566e+02
1.691426308155059814e+02
1.707762691974639893e+02
1.723939566612243652e+02
1.740885994434356689e+02
1.757014875411987305e+02
1.773439359664916992e+02
1.789563610553741455e+02
1.805829806327819824e+02
1.822154817581176758e+02
1.838583359718322754e+02
1.856128215789794922e+02
1.872707805633544922e+02
1.889086406230926514e+02
1.905499248504638672e+02
1.921783590316772461e+02
1.937977962493896484e+02
1.954213469028472900e+02
1.970408120155334473e+02
1.986493458747863770e+02
2.003123490810394287e+02
2.019378509521484375e+02
2.035535066127777100e+02
2.052190947532653809e+02
2.068384473323822021e+02
2.084560313224792480e+02
2.101290888786315918e+02
2.117745008468627930e+02
2.134048352241516113e+02
2.150196614265441895e+02
2.166453890800476074e+02
2.182690696716308594e+02
2.198929510116577148e+02
2.215202200412750244e+02
2.231518321037292480e+02
2.247824480533599854e+02
2.264325442314147949e+02
2.280387554168701172e+02
2.296897540092468262e+02
2.313234219551086426e+02
2.329573307037353516e+02
2.345818755626678467e+02
2.362252609729766846e+02
2.378888208866119385e+02
2.395291101932525635e+02
2.412022025585174561e+02
2.428517420291900635e+02
2.445282733440399170e+02
2.461784932613372803e+02
2.478932166099548340e+02
2.495330045223236084e+02
2.511527647972106934e+02
2.528663003444671631e+02
2.544796357154846191e+02
2.561022653579711914e+02
2.577349257469177246e+02
2.594171299934387207e+02
2.610536925792694092e+02
2.626990315914154053e+02
2.643251600265502930e+02
2.660351064205169678e+02
2.677540910243988037e+02
2.693774175643920898e+02
2.711004028320312500e+02
2.727388179302215576e+02
2.744578161239624023e+02
2.761855823993682861e+02
2.778165023326873779e+02
2.795417771339416504e+02
2.811452159881591797e+02
2.827871625423431396e+02
2.844874777793884277e+02
2.861438009738922119e+02
2.877771863937377930e+02
2.895106699466705322e+02
2.911231784820556641e+02
2.927611608505249023e+02
2.944663667678833008e+02
2.960871102809906006e+02
2.977355208396911621e+02
2.993999984264373779e+02
3.010215656757354736e+02
3.027147474288940430e+02
3.043329284191131592e+02
3.059916024208068848e+02
3.076389827728271484e+02
3.093004822731018066e+02
3.109262378215789795e+02
3.125869631767272949e+02
3.142330052852630615e+02
3.158951883316040039e+02
3.175650591850280762e+02
3.192136452198028564e+02
3.208438925743103027e+02
3.224947671890258789e+02
3.241387720108032227e+02
3.257843172550201416e+02
3.273958547115325928e+02
