1.668200254440307617e+00
3.202625989913940430e+00
4.728242635726928711e+00
6.266563177108764648e+00
7.820866584777832031e+00
9.368662595748901367e+00
1.090048003196716309e+01
1.245184993743896484e+01
1.397834420204162598e+01
1.562067103385925293e+01
1.718619489669799805e+01
1.875181126594543457e+01
2.026265621185302734e+01
2.178208804130554199e+01
2.333200240135192871e+01
2.498276305198669434e+01
2.653022909164428711e+01
2.809754252433776855e+01
2.963876986503601074e+01
3.122418713569641113e+01
3.277169179916381836e+01
3.430907464027404785e+01
3.585564422607421875e+01
3.746972060203552246e+01
3.901444768905639648e+01
4.057469558715820312e+01
4.210113406181335449e+01
4.364572215080261230e+01
4.526790714263916016e+01
4.679955482482910156e+01
4.836627388000488281e+01
4.989259934425354004e+01
5.143270587921142578e+01
5.301213002204895020e+01
5.453749918937683105e+01
5.610066890716552734e+01
5.764427375793457031e+01
5.918753790855407715e+01
6.070301485061645508e+01
6.225812554359436035e+01
6.383520317077636719e+01
6.536121058464050293e+01
6.690533018112182617e+01
6.844449877738952637e+01
7.000323963165283203e+01
7.155154395103454590e+01
7.319163274765014648e+01
7.484303712844848633e+01
7.637201285362243652e+01
7.790970420837402344e+01
7.944174122810363770e+01
8.108319640159606934e+01
8.270082736015319824e+01
8.427019309997558594e+01
8.584696555137634277e+01
8.742049407958984375e+01
8.898371148109436035e+01
9.056402039527893066e+01
9.210430765151977539e+01
9.366680526733398438e+01
9.521850109100341797e+01
9.681893134117126465e+01
9.839453387260437012e+01
9.993487834930419922e+01
1.014681391716003418e+02
1.030185923576354980e+02
1.045606000423431396e+02
1.061371066570281982e+02
1.076821432113647461e+02
1.092463290691375732e+02
1.107914397716522217e+02
1.123368260860443115e+02
1.139229478836059570e+02
1.154871127605438232e+02
1.170381960868835449e+02
1.186155595779418945e+02
1.201661591529846191e+02
1.217547490596771240e+02
1.233022422790527344e+02
1.248531973361968994e+02
1.264365956783294678e+02
1.279842286109924316e+02
1.295183882713317871e+02
1.310800585746765137e+02
1.326365056037902832e+02
1.342220633029937744e+02
1.357944321632385254e+02
1.374377303123474121e+02
1.389984657764434814e+02
1.405648031234741211e+02
1.421982400417327881e+02
1.437294442653656006e+02
1.452710411548614502e+02
1.468340811729431152e+02
1.485071320533752441e+02
1.500652565956115723e+02
1.516193442344665527e+02
1.532543892860412598e+02
1.548126757144927979e+02
1.563732571601867676e+02
1.579127154350280762e+02
1.594882113933563232e+02
1.610596153736114502e+02
1.626469116210937500e+02
1.642525143623352051e+02
1.658970150947570801e+02
1.674484128952026367e+02
1.690050303936004639e+02
1.705775365829467773e+02
1.720972805023193359e+02
1.737387759685516357e+02
1.753291110992431641e+02
1.768914389610290527e+02
1.785524451732635498e+02
1.801131455898284912e+02
1.816714322566986084e+02
1.832066733837127686e+02
1.847864320278167725e+02
1.863445355892181396e+02
1.879159419536590576e+02
1.894881801605224609e+02
1.910983662605285645e+02
1.926730432510375977e+02
1.942445344924926758e+02
1.958175899982452393e+02
1.974068672657012939e+02
1.989826750755310059e+02
2.005345511436462402e+02
2.021000556945800781e+02
2.036811416149139404e+02
2.052715342044830322e+02
2.068499176502227783e+02
2.084342486858367920e+02
2.100155739784240723e+02
2.117493817806243896e+02
2.133538341522216797e+02
2.149362449645996094e+02
2.165078690052032471e+02
2.180893006324768066e+02
2.196705024242401123e+02
2.212377672195434570e+02
2.228121616840362549e+02
2.243847603797912598e+02
2.259883651733398438e+02
2.275487916469573975e+02
2.291612439155578613e+02
2.307356643676757812e+02
2.323193006515502930e+02
2.338757209777832031e+02
2.354569551944732666e+02
2.370402710437774658e+02
2.386216704845428467e+02
2.401690623760223389e+02
2.417552127838134766e+02
2.433523914813995361e+02
2.449214026927947998e+02
2.464921863079071045e+02
2.480784115791320801e+02
2.496487941741943359e+02
2.512165031433105469e+02
2.527796161174774170e+02
2.543602135181427002e+02
2.559135446548461914e+02
2.574689519405364990e+02
2.590424208641052246e+02
2.606069808006286621e+02
2.621905093193054199e+02
2.637750992774963379e+02
2.653540608882904053e+02
2.669461908340454102e+02
2.685182061195373535e+02
2.701377086639404297e+02
2.717009475231170654e+02
2.732786996364593506e+02
2.748271803855895996e+02
2.764273526668548584e+02
2.779922549724578857e+02
2.795677804946899414e+02
2.811288332939147949e+02
2.827114260196685791e+02
2.842879364490509033e+02
2.858757772445678711e+02
2.874525527954101562e+02
2.890334208011627197e+02
2.906089997291564941e+02
2.921885504722595215e+02
2.937893846035003662e+02
2.954434189796447754e+02
2.970159189701080322e+02
2.986226181983947754e+02
3.002068548202514648e+02
3.017811088562011719e+02
3.033611440658569336e+02
3.049567368030548096e+02
3.065252225399017334e+02
3.080957343578338623e+02
3.096419787406921387e+02
3.112293522357940674e+02
3.127992591857910156e+02
3.143906476497650146e+02
