1.920614577829837799e-02
1.835254020988941193e-02
1.707212999463081360e-02
1.451131142675876617e-02
1.365770492702722549e-02
2.005975320935249329e-02
1.493811421096324921e-02
1.707212999463081360e-02
1.451131142675876617e-02
1.792573556303977966e-02
2.518139220774173737e-02
2.262057363986968994e-02
1.877934485673904419e-02
2.091335877776145935e-02
2.432778663933277130e-02
2.944942563772201538e-02
3.371745347976684570e-02
2.816901355981826782e-02
2.987622655928134918e-02
4.268032684922218323e-02
4.865557327866554260e-02
4.694835841655731201e-02
4.353393241763114929e-02
4.822876676917076111e-02
5.804524570703506470e-02
7.127614319324493408e-02
7.212974876165390015e-02
8.194622397422790527e-02
9.901835769414901733e-02
1.054204031825065613e-01
1.271873712539672852e-01
1.327358037233352661e-01
1.459667086601257324e-01
1.711481064558029175e-01
2.134016305208206177e-01
2.069995701313018799e-01
2.360221892595291138e-01
2.582159638404846191e-01
2.769953310489654541e-01
2.991890907287597656e-01
3.021767139434814453e-01
3.333333432674407959e-01
3.277848660945892334e-01
3.367477655410766602e-01
3.691848218441009521e-01
3.482714891433715820e-01
3.751600682735443115e-01
3.768672943115234375e-01
3.875373601913452148e-01
4.007682502269744873e-01
4.178403913974761963e-01
4.379001557826995850e-01
4.306445121765136719e-01
4.507042467594146729e-01
4.379001259803771973e-01
4.609475433826446533e-01
4.545454382896423340e-01
4.758856594562530518e-01
4.946649670600891113e-01
4.899701476097106934e-01
4.793000817298889160e-01
4.929577410221099854e-01
4.938113689422607422e-01
5.057618021965026855e-01
5.019207000732421875e-01
5.224071741104125977e-01
5.147247314453125000e-01
5.283824205398559570e-01
5.437473654747009277e-01
5.446009635925292969e-01
5.369184613227844238e-01
5.386257171630859375e-01
5.403329730033874512e-01
5.574050545692443848e-01
5.646606683731079102e-01
5.539906024932861328e-01
5.766112208366394043e-01
5.749039649963378906e-01
5.706359744071960449e-01
5.919760465621948242e-01
5.902689099311828613e-01
5.983781218528747559e-01
5.795987844467163086e-01
6.039265990257263184e-01
5.898420214653015137e-01
6.073410511016845703e-01
6.116090416908264160e-01
6.043534278869628906e-01
6.005121469497680664e-01
6.030729413032531738e-01
5.996585488319396973e-01
6.124626398086547852e-01
6.367904543876647949e-01
6.201451420783996582e-01
6.248399615287780762e-01
6.325224041938781738e-01
6.291080117225646973e-01
6.359368562698364258e-01
6.376440525054931641e-01
6.393512487411499023e-01
6.372172236442565918e-01
6.478873491287231445e-01
6.427657604217529297e-01
6.495945453643798828e-01
6.448997259140014648e-01
6.483141779899597168e-01
6.470336914062500000e-01
6.483141183853149414e-01
6.547162532806396484e-01
6.504482030868530273e-01
6.559966206550598145e-01
6.713615655899047852e-01
6.645326614379882812e-01
6.636790037155151367e-01
6.653862595558166504e-01
6.636790037155151367e-01
6.739223003387451172e-01
6.739223599433898926e-01
6.734955906867980957e-01
6.807512044906616211e-01
6.722151041030883789e-01
6.692274212837219238e-01
6.769099235534667969e-01
6.884336471557617188e-01
6.828852891921997070e-01
6.909945011138916016e-01
6.786171793937683105e-01
6.901409029960632324e-01
6.931285262107849121e-01
6.858727931976318359e-01
6.999573707580566406e-01
6.892871856689453125e-01
7.033717036247253418e-01
6.884337067604064941e-01
6.867263913154602051e-01
6.965428590774536133e-01
7.059326171875000000e-01
6.956892609596252441e-01
6.973965167999267578e-01
6.978233456611633301e-01
6.880068778991699219e-01
7.020913958549499512e-01
6.991037130355834961e-01
7.016645669937133789e-01
7.089201807975769043e-01
7.033716440200805664e-01
7.174562215805053711e-01
7.161758542060852051e-01
7.055057287216186523e-01
7.119078636169433594e-01
7.136150002479553223e-01
7.012376785278320312e-01
7.140418291091918945e-01
7.259923219680786133e-01
7.247118949890136719e-01
7.097738385200500488e-01
7.225778698921203613e-01
7.187367081642150879e-01
7.148954868316650391e-01
7.285531163215637207e-01
7.238582968711853027e-01
7.127614021301269531e-01
7.153223156929016113e-01
7.191634774208068848e-01
7.332479953765869141e-01
7.191634774208068848e-01
7.276995182037353516e-01
7.191635370254516602e-01
7.230047583580017090e-01
7.148954272270202637e-01
7.183098793029785156e-01
7.264191508293151855e-01
7.289798259735107422e-01
7.298335433006286621e-01
7.238582372665405273e-01
7.341015338897705078e-01
7.302603125572204590e-01
7.375160455703735352e-01
7.276995182037353516e-01
7.366624474525451660e-01
7.366624474525451660e-01
7.422108054161071777e-01
7.285531163215637207e-01
7.524541616439819336e-01
7.302603721618652344e-01
7.306872010231018066e-01
7.251386642456054688e-01
7.341015934944152832e-01
7.392231822013854980e-01
7.349551320075988770e-01
7.426377534866333008e-01
7.439180612564086914e-01
7.396500110626220703e-01
7.323943376541137695e-01
7.430644631385803223e-01
7.353819608688354492e-01
7.464788556098937988e-01
7.285532355308532715e-01
7.375160455703735352e-01
7.375159263610839844e-01
