1.707212999463081360e-02
1.835254020988941193e-02
2.005975320935249329e-02
1.664532721042633057e-02
1.835253834724426270e-02
1.664532721042633057e-02
1.707212999463081360e-02
1.621852256357669830e-02
2.134016156196594238e-02
1.408450677990913391e-02
1.707212999463081360e-02
2.432778477668762207e-02
2.134016342461109161e-02
2.176696620881557465e-02
2.731540799140930176e-02
3.072983399033546448e-02
4.524114727973937988e-02
4.993598163127899170e-02
5.121638998389244080e-02
5.676482990384101868e-02
7.084934413433074951e-02
8.151942491531372070e-02
8.920188248157501221e-02
9.987197071313858032e-02
1.216389313340187073e-01
1.182245016098022461e-01
1.540759801864624023e-01
1.720017045736312866e-01
1.809645742177963257e-01
2.018779516220092773e-01
2.309005856513977051e-01
2.415706366300582886e-01
2.565087378025054932e-01
2.799829542636871338e-01
2.927870452404022217e-01
3.209560513496398926e-01
3.495518565177917480e-01
3.508322834968566895e-01
3.743064403533935547e-01
3.982074260711669922e-01
4.229620099067687988e-01
4.157063663005828857e-01
4.302176535129547119e-01
4.519846439361572266e-01
4.566794633865356445e-01
4.797268211841583252e-01
4.763124287128448486e-01
4.908237159252166748e-01
5.057618618011474609e-01
5.177123546600341797e-01
5.078958868980407715e-01
5.249679684638977051e-01
5.535638332366943359e-01
5.497226119041442871e-01
5.471617579460144043e-01
5.680751204490661621e-01
5.633803009986877441e-01
5.757576227188110352e-01
5.710628032684326172e-01
5.761843919754028320e-01
5.860008597373962402e-01
5.877080559730529785e-01
6.026462316513061523e-01
6.005122065544128418e-01
6.128895282745361328e-01
6.094750165939331055e-01
6.150234937667846680e-01
6.282544136047363281e-01
6.180111169815063477e-01
6.282544136047363281e-01
6.466069221496582031e-01
6.355100870132446289e-01
6.384976506233215332e-01
6.461800932884216309e-01
6.440460681915283203e-01
6.602646112442016602e-01
6.440461874008178711e-01
6.611181497573852539e-01
6.589841842651367188e-01
6.623986959457397461e-01
6.623985767364501953e-01
6.645326614379882812e-01
6.700811386108398438e-01
6.773367524147033691e-01
6.781903505325317383e-01
6.905676722526550293e-01
6.692274808883666992e-01
6.973965167999267578e-01
6.845923662185668945e-01
6.871532201766967773e-01
6.837388277053833008e-01
7.003841400146484375e-01
6.880068182945251465e-01
7.055057287216186523e-01
6.978232860565185547e-01
7.025181055068969727e-01
6.956893205642700195e-01
7.067861557006835938e-01
7.212975025177001953e-01
7.093470692634582520e-01
6.991037130355834961e-01
7.127614021301269531e-01
6.991037130355834961e-01
7.161757946014404297e-01
7.003840804100036621e-01
7.097737789154052734e-01
7.166026234626770020e-01
7.055057287216186523e-01
7.294067144393920898e-01
7.212975025177001953e-01
7.221511602401733398e-01
7.174562811851501465e-01
7.294067740440368652e-01
7.302604317665100098e-01
7.323943376541137695e-01
7.336748242378234863e-01
7.255655527114868164e-01
7.183098793029785156e-01
7.195902466773986816e-01
7.358087897300720215e-01
7.221511602401733398e-01
7.379428148269653320e-01
7.409304976463317871e-01
7.366623878479003906e-01
7.285531163215637207e-01
7.417840957641601562e-01
7.362356185913085938e-01
7.272727489471435547e-01
7.456252574920654297e-01
7.366624474525451660e-01
7.447717189788818359e-01
7.409304976463317871e-01
7.353819608688354492e-01
7.405036091804504395e-01
7.456253170967102051e-01
7.477593421936035156e-01
7.469056844711303711e-01
7.447716593742370605e-01
7.302603125572204590e-01
7.562953829765319824e-01
7.575757503509521484e-01
7.669654488563537598e-01
7.562953233718872070e-01
7.409304380416870117e-01
7.473325133323669434e-01
7.545881867408752441e-01
7.511737346649169922e-01
7.571489214897155762e-01
7.597098350524902344e-01
7.490396499633789062e-01
7.622706294059753418e-01
7.605634331703186035e-01
7.661119103431701660e-01
7.592829465866088867e-01
7.626974582672119141e-01
7.558685541152954102e-01
7.626974582672119141e-01
7.635510563850402832e-01
7.597097754478454590e-01
7.729407548904418945e-01
7.580025792121887207e-01
7.631242275238037109e-01
7.631241679191589355e-01
7.644046545028686523e-01
7.592829465866088867e-01
7.652582526206970215e-01
7.601366043090820312e-01
7.865983843803405762e-01
7.584294080734252930e-01
7.652582526206970215e-01
7.562953829765319824e-01
7.626974582672119141e-01
7.776355147361755371e-01
7.750746607780456543e-01
7.639778256416320801e-01
7.746478319168090820e-01
7.580025792121887207e-01
7.720870971679687500e-01
7.819035053253173828e-01
7.742210626602172852e-01
7.746478319168090820e-01
7.729406356811523438e-01
7.609902620315551758e-01
7.806231975555419922e-01
7.840375304222106934e-01
7.648314237594604492e-01
7.776355743408203125e-01
7.814767360687255859e-01
7.819035649299621582e-01
7.737942934036254883e-01
7.661118507385253906e-01
7.720870375633239746e-01
7.857448458671569824e-01
7.789160013198852539e-01
7.708066701889038086e-01
7.780623435974121094e-01
7.767819166183471680e-01
7.725138664245605469e-01
7.947075963020324707e-01
7.912932634353637695e-01
