1.365770399570465088e-02
1.536491792649030685e-02
1.792573556303977966e-02
1.451131049543619156e-02
2.134016156196594238e-02
1.621852256357669830e-02
1.451130956411361694e-02
1.749893277883529663e-02
1.877934299409389496e-02
2.262057363986968994e-02
1.664532721042633057e-02
1.280409656465053558e-02
1.621852442622184753e-02
2.176696620881557465e-02
1.749893277883529663e-02
2.432778663933277130e-02
2.560819499194622040e-02
3.158343955874443054e-02
3.072983585298061371e-02
4.438753798604011536e-02
4.822876676917076111e-02
5.889884755015373230e-02
6.615450233221054077e-02
7.810499519109725952e-02
8.365343511104583740e-02
9.048228710889816284e-02
9.218950569629669189e-02
9.901835769414901733e-02
1.237729340791702271e-01
1.229193434119224548e-01
1.382842659950256348e-01
1.421254724264144897e-01
1.596244275569915771e-01
1.651728451251983643e-01
1.933418661355972290e-01
2.087067812681198120e-01
2.223644852638244629e-01
2.466922849416732788e-01
2.488262802362442017e-01
2.787025272846221924e-01
3.068715333938598633e-01
3.085787594318389893e-01
3.324797153472900391e-01
3.572342991828918457e-01
3.649167716503143311e-01
3.871105313301086426e-01
3.832693099975585938e-01
4.041826426982879639e-01
4.178403913974761963e-01
4.383269548416137695e-01
4.592403173446655273e-01
4.344857335090637207e-01
4.515578150749206543e-01
4.818609058856964111e-01
4.788733124732971191e-01
4.848484992980957031e-01
4.972257614135742188e-01
5.100298523902893066e-01
5.100299119949340820e-01
5.100298523902893066e-01
5.228340029716491699e-01
5.317968130111694336e-01
5.283824205398559570e-01
5.394793152809143066e-01
5.625267028808593750e-01
5.514298081398010254e-01
5.561246275901794434e-01
5.642338991165161133e-01
5.761843919754028320e-01
5.834400653839111328e-01
5.821596980094909668e-01
5.864276289939880371e-01
5.894152522087097168e-01
5.953904390335083008e-01
6.034998297691345215e-01
6.009389758110046387e-01
6.056338548660278320e-01
6.188647150993347168e-01
6.376440525054931641e-01
6.312419772148132324e-01
6.235595941543579102e-01
6.265471577644348145e-01
6.291079521179199219e-01
6.474605202674865723e-01
6.504481434822082520e-01
6.431925296783447266e-01
6.427657008171081543e-01
6.483141183853149414e-01
6.495945453643798828e-01
6.598377823829650879e-01
6.555697917938232422e-01
6.333760023117065430e-01
6.577038168907165527e-01
6.615450382232666016e-01
6.683739423751831055e-01
6.670934557914733887e-01
6.786171197891235352e-01
6.756296157836914062e-01
6.683738827705383301e-01
6.717882752418518066e-01
6.833119988441467285e-01
6.995305418968200684e-01
6.969696879386901855e-01
6.773367524147033691e-01
6.918480992317199707e-01
6.927017569541931152e-01
6.965429186820983887e-01
6.931284666061401367e-01
6.892871856689453125e-01
6.820316314697265625e-01
6.824584007263183594e-01
7.012377381324768066e-01
7.025181055068969727e-01
6.973965167999267578e-01
7.016645669937133789e-01
6.948356628417968750e-01
7.072130441665649414e-01
7.102005481719970703e-01
7.140418291091918945e-01
7.102006077766418457e-01
7.166026830673217773e-01
7.306871414184570312e-01
7.119078636169433594e-01
7.093470096588134766e-01
7.294067740440368652e-01
7.195903062820434570e-01
7.148954272270202637e-01
7.204438447952270508e-01
7.323943376541137695e-01
7.221511602401733398e-01
7.315407991409301758e-01
7.336747646331787109e-01
7.242851257324218750e-01
7.272727489471435547e-01
7.298335433006286621e-01
7.315407991409301758e-01
7.464788556098937988e-01
7.409305572509765625e-01
7.328212261199951172e-01
7.477592825889587402e-01
7.306871414184570312e-01
7.405036091804504395e-01
7.558685541152954102e-01
7.537344694137573242e-01
7.405036091804504395e-01
7.281264066696166992e-01
7.358087301254272461e-01
7.464788556098937988e-01
7.379428744316101074e-01
7.426376342773437500e-01
7.498933076858520508e-01
7.562953233718872070e-01
7.507469654083251953e-01
7.554417848587036133e-01
7.533077597618103027e-01
7.486129403114318848e-01
7.690994739532470703e-01
7.516005635261535645e-01
7.545881867408752441e-01
7.567220926284790039e-01
7.661118507385253906e-01
7.626973986625671387e-01
7.550149559974670410e-01
7.618438005447387695e-01
7.725138664245605469e-01
7.592830061912536621e-01
7.656850218772888184e-01
7.631242275238037109e-01
7.597097754478454590e-01
7.772087454795837402e-01
7.528808712959289551e-01
7.848911285400390625e-01
7.729407548904418945e-01
7.592829465866088867e-01
7.605633735656738281e-01
7.690994739532470703e-01
7.686727046966552734e-01
7.614170312881469727e-01
7.575757503509521484e-01
7.644046545028686523e-01
7.614170312881469727e-01
7.690994739532470703e-01
7.725139260292053223e-01
7.682458758354187012e-01
7.712334990501403809e-01
7.729406952857971191e-01
7.750747203826904297e-01
7.699530720710754395e-01
7.763551473617553711e-01
7.836107015609741211e-01
7.789158821105957031e-01
7.759283185005187988e-01
7.656850218772888184e-01
7.793427109718322754e-01
7.622705698013305664e-01
7.759283185005187988e-01
7.725138664245605469e-01
7.720870971679687500e-01
7.806231379508972168e-01
7.699530720710754395e-01
