3.774671316146850586e+00
7.316255331039428711e+00
1.088282108306884766e+01
1.446142387390136719e+01
1.805936002731323242e+01
2.164390850067138672e+01
2.520449042320251465e+01
2.882924866676330566e+01
3.245282483100891113e+01
3.601543784141540527e+01
3.965311431884765625e+01
4.323965144157409668e+01
4.687423634529113770e+01
5.043594002723693848e+01
5.403452444076538086e+01
5.760811328887939453e+01
6.121666359901428223e+01
6.480321335792541504e+01
6.836878156661987305e+01
7.193831992149353027e+01
7.557195806503295898e+01
7.913254523277282715e+01
8.268916583061218262e+01
8.632889056205749512e+01
8.995048189163208008e+01
9.353603100776672363e+01
9.715869402885437012e+01
1.007793657779693604e+02
1.043739218711853027e+02
1.079866018295288086e+02
1.115821185111999512e+02
1.152026777267456055e+02
1.188072867393493652e+02
1.224558815956115723e+02
1.260594918727874756e+02
1.296700651645660400e+02
1.333097081184387207e+02
1.369182736873626709e+02
1.405169372558593750e+02
1.441786549091339111e+02
1.478022799491882324e+02
1.513863987922668457e+02
1.550119905471801758e+02
1.586975970268249512e+02
1.627674908638000488e+02
1.664901378154754639e+02
1.701803979873657227e+02
1.737370581626892090e+02
1.773596682548522949e+02
1.809482917785644531e+02
1.845839233398437500e+02
1.882275252342224121e+02
1.917921171188354492e+02
1.953846709728240967e+02
1.989482424259185791e+02
2.026031882762908936e+02
2.062367854118347168e+02
2.098883671760559082e+02
2.135229518413543701e+02
2.172015674114227295e+02
2.208171529769897461e+02
2.245077619552612305e+02
2.281473526954650879e+02
2.317450606822967529e+02
2.353888068199157715e+02
2.389873526096343994e+02
2.425468833446502686e+02
2.461424412727355957e+02
2.497359950542449951e+02
2.533505649566650391e+02
2.569681377410888672e+02
2.605446946620941162e+02
2.642680742740631104e+02
2.679667482376098633e+02
2.715763213634490967e+02
2.752649438381195068e+02
2.788516235351562500e+02
2.824832046031951904e+02
2.860787615776062012e+02
2.897233529090881348e+02
2.933269300460815430e+02
2.969425001144409180e+02
3.005820732116699219e+02
3.042597355842590332e+02
3.079063141345977783e+02
3.114938385486602783e+02
3.150783870220184326e+02
3.186749444007873535e+02
3.222785577774047852e+02
3.259221804141998291e+02
3.295558528900146484e+02
3.332255337238311768e+02
3.368492414951324463e+02
3.405158486366271973e+02
3.442214882373809814e+02
3.478820860385894775e+02
3.514496414661407471e+02
3.551313066482543945e+02
3.587839031219482422e+02
3.624065327644348145e+02
3.660702097415924072e+02
3.697558298110961914e+02
3.734154322147369385e+02
3.770750341415405273e+02
3.806560375690460205e+02
3.842596938610076904e+02
3.878512623310089111e+02
3.915168552398681641e+02
3.951285123825073242e+02
3.992664370536804199e+02
4.028379769325256348e+02
4.064665715694427490e+02
4.100891339778900146e+02
4.137277336120605469e+02
4.173352849483489990e+02
4.210359349250793457e+02
4.246315650939941406e+02
4.282071077823638916e+02
4.319308276176452637e+02
4.355293138027191162e+02
4.392109684944152832e+02
4.428695828914642334e+02
4.464901900291442871e+02
4.501502315998077393e+02
4.537774808406829834e+02
4.574240739345550537e+02
4.610366873741149902e+02
4.646002748012542725e+02
4.682609326839447021e+02
4.719275403022766113e+02
4.756011519432067871e+02
4.792917759418487549e+02
4.829554407596588135e+02
4.866081662178039551e+02
4.902437510490417480e+02
4.938993501663208008e+02
4.975619542598724365e+02
5.011575202941894531e+02
5.047321114540100098e+02
5.083967483043670654e+02
5.121043841838836670e+02
5.157379996776580811e+02
5.194296104907989502e+02
5.230892131328582764e+02
5.267538182735443115e+02
5.303954074382781982e+02
5.340530676841735840e+02
5.376726980209350586e+02
5.413455753326416016e+02
5.449511387348175049e+02
5.486147441864013672e+02
5.522803645133972168e+02
5.558869140148162842e+02
5.595437278747558594e+02
5.632203559875488281e+02
5.668579285144805908e+02
5.705325548648834229e+02
5.741791465282440186e+02
5.778083264827728271e+02
5.814709446430206299e+02
5.850955734252929688e+02
5.887683064937591553e+02
5.924599866867065430e+02
5.960866603851318359e+02
5.997483382225036621e+02
6.033629090785980225e+02
6.069924652576446533e+02
6.105550310611724854e+02
6.142027440071105957e+02
6.178873584270477295e+02
6.215229499340057373e+02
6.251826868057250977e+02
6.288332829475402832e+02
6.324419806003570557e+02
6.360586745738983154e+02
6.397383139133453369e+02
6.434710283279418945e+02
6.471096284389495850e+02
6.507702183723449707e+02
6.543838071823120117e+02
6.580574195384979248e+02
6.617810666561126709e+02
6.654106476306915283e+02
6.690592420101165771e+02
6.726958277225494385e+02
6.763624341487884521e+02
6.800536665916442871e+02
6.837182724475860596e+02
6.874339141845703125e+02
6.911245381832122803e+02
6.948121600151062012e+02
6.984817693233489990e+02
7.021523797512054443e+02
7.057960395812988281e+02
7.094680294990539551e+02
7.131126348972320557e+02
7.167652339935302734e+02
7.204208314418792725e+02
7.240724134445190430e+02
7.277920582294464111e+02
