3.670596122741699219e+00
7.215165138244628906e+00
1.078478884696960449e+01
1.436543560028076172e+01
1.790195012092590332e+01
2.141244602203369141e+01
2.493194866180419922e+01
2.846549367904663086e+01
3.195803451538085938e+01
3.544261837005615234e+01
3.897617650032043457e+01
4.243862438201904297e+01
4.603921675682067871e+01
4.960278463363647461e+01
5.317038869857788086e+01
5.665784001350402832e+01
6.016638207435607910e+01
6.364189767837524414e+01
6.715439653396606445e+01
7.065488409996032715e+01
7.420140552520751953e+01
7.769288802146911621e+01
8.130245614051818848e+01
8.478893399238586426e+01
8.831744217872619629e+01
9.183896541595458984e+01
9.533343076705932617e+01
9.898906064033508301e+01
1.025886070728302002e+02
1.061402494907379150e+02
1.097349147796630859e+02
1.132834675312042236e+02
1.168370790481567383e+02
1.203886036872863770e+02
1.239811432361602783e+02
1.274756443500518799e+02
1.310203902721405029e+02
1.345138742923736572e+02
1.380924496650695801e+02
1.416840178966522217e+02
1.452605459690093994e+02
1.488330879211425781e+02
1.523769698143005371e+02
1.559575154781341553e+02
1.595340585708618164e+02
1.630315449237823486e+02
1.665630695819854736e+02
1.701676194667816162e+02
1.737771980762481689e+02
1.773157939910888672e+02
1.808243072032928467e+02
1.843458888530731201e+02
1.879234325885772705e+02
1.913969023227691650e+02
1.949664404392242432e+02
1.984929478168487549e+02
2.020295860767364502e+02
2.055350666046142578e+02
2.090675771236419678e+02
2.125681650638580322e+02
2.160866663455963135e+02
2.196301858425140381e+02
2.231677155494689941e+02
2.266691906452178955e+02
2.301827216148376465e+02
2.337032244205474854e+02
2.372567999362945557e+02
2.407543282508850098e+02
2.442608630657196045e+02
2.478284487724304199e+02
2.514420182704925537e+02
2.550295550823211670e+02
2.586281142234802246e+02
2.621856570243835449e+02
2.657232041358947754e+02
2.692578475475311279e+02
2.727944288253784180e+02
2.764050519466400146e+02
2.799715874195098877e+02
2.834630887508392334e+02
2.870296759605407715e+02
2.906092300415039062e+02
2.941257872581481934e+02
2.976823894977569580e+02
3.012650356292724609e+02
3.047915563583374023e+02
3.083080914020538330e+02
3.118287131786346436e+02
3.153662171363830566e+02
3.188753864765167236e+02
3.224540030956268311e+02
3.260155851840972900e+02
3.295721137523651123e+02
3.331046385765075684e+02
3.367382221221923828e+02
3.402237343788146973e+02
3.437503108978271484e+02
3.472708320617675781e+02
3.508494410514831543e+02
3.544170188903808594e+02
3.579145829677581787e+02
3.615601599216461182e+02
3.651218171119689941e+02
3.686543421745300293e+02
3.722458827495574951e+02
3.757664382457733154e+02
3.793159627914428711e+02
3.828905673027038574e+02
3.864270842075347900e+02
3.899415829181671143e+02
3.934871039390563965e+02
3.970497665405273438e+02
4.005732855796813965e+02
4.041508612632751465e+02
4.077424154281616211e+02
4.113129673004150391e+02
4.149305405616760254e+02
4.184975097179412842e+02
4.220150239467620850e+02
4.255355596542358398e+02
4.290680716037750244e+02
4.326025843620300293e+02
4.361331422328948975e+02
4.396837747097015381e+02
4.432272784709930420e+02
4.467778029441833496e+02
4.503083622455596924e+02
4.538919098377227783e+02
4.573774020671844482e+02
4.610049953460693359e+02
4.645234837532043457e+02
4.680539934635162354e+02
4.716296074390411377e+02
4.751651761531829834e+02
4.787616131305694580e+02
4.822411766052246094e+02
4.857597758769989014e+02
4.892562477588653564e+02
4.928368396759033203e+02
4.964253909587860107e+02
5.000619773864746094e+02
5.036605367660522461e+02
5.071640894412994385e+02
5.106766042709350586e+02
5.142041640281677246e+02
5.177546870708465576e+02
5.212811944484710693e+02
5.248227174282073975e+02
5.283662683963775635e+02
5.319408636093139648e+02
5.354163348674774170e+02
5.389959080219268799e+02
5.425194630622863770e+02
5.460769751071929932e+02
5.496445744037628174e+02
5.532091252803802490e+02
5.568007090091705322e+02
5.603021986484527588e+02
5.638395297527313232e+02
5.674180603027343750e+02
5.709465694427490234e+02
5.745321326255798340e+02
5.780666320323944092e+02
5.816701941490173340e+02
5.852138555049896240e+02
5.887823927402496338e+02
5.923469269275665283e+02
5.958774845600128174e+02
5.994460356235504150e+02
6.029475104808807373e+02
6.064700148105621338e+02
6.100615816116333008e+02
6.135871481895446777e+02
6.171646795272827148e+02
6.206926631927490234e+02
6.242312202453613281e+02
6.277727458477020264e+02
6.313533041477203369e+02
6.349398648738861084e+02
6.384403529167175293e+02
6.420259618759155273e+02
6.456165001392364502e+02
6.491860377788543701e+02
6.528036103248596191e+02
6.563561861515045166e+02
6.598786909580230713e+02
6.634792649745941162e+02
6.670547933578491211e+02
6.706266419887542725e+02
6.742212698459625244e+02
6.777877919673919678e+02
6.813355262279510498e+02
6.849040639400482178e+02
6.885056240558624268e+02
6.920501770973205566e+02
6.956347610950469971e+02
6.992133407592773438e+02
7.027428503036499023e+02
7.062543468475341797e+02
7.098840062618255615e+02
