1.219512149691581726e-02
2.195121906697750092e-02
1.219512149691581726e-02
1.707317121326923370e-02
1.463414542376995087e-02
2.439024299383163452e-02
2.195121720433235168e-02
1.951219514012336731e-02
1.707316935062408447e-02
1.219512149691581726e-02
2.682926505804061890e-02
3.170731663703918457e-02
7.317073177546262741e-03
1.219512149691581726e-02
1.707316935062408447e-02
2.682926692068576813e-02
1.219512149691581726e-02
1.219512149691581726e-02
2.439024299383163452e-02
4.878048785030841827e-03
1.951219514012336731e-02
2.195121906697750092e-02
1.707317121326923370e-02
7.317073177546262741e-03
2.439024299383163452e-02
1.219512149691581726e-02
1.219512149691581726e-02
4.878048785030841827e-03
1.463414542376995087e-02
1.219512149691581726e-02
1.951219327747821808e-02
2.195122092962265015e-02
1.219512149691581726e-02
2.195121906697750092e-02
2.926829271018505096e-02
1.463414542376995087e-02
2.682926692068576813e-02
1.951219327747821808e-02
9.756097570061683655e-03
2.195121720433235168e-02
1.463414542376995087e-02
1.707316935062408447e-02
2.926829084753990173e-02
1.707316935062408447e-02
1.707316935062408447e-02
1.707316935062408447e-02
1.951219514012336731e-02
1.707317121326923370e-02
2.195121720433235168e-02
1.951219514012336731e-02
2.439024299383163452e-02
2.682926692068576813e-02
2.439024299383163452e-02
1.463414635509252548e-02
1.707316935062408447e-02
1.219512149691581726e-02
2.439024299383163452e-02
3.658536449074745178e-02
1.951219514012336731e-02
1.951219514012336731e-02
2.439024299383163452e-02
3.170731663703918457e-02
2.682926878333091736e-02
3.658536076545715332e-02
4.146341979503631592e-02
2.926829271018505096e-02
2.926829271018505096e-02
4.146341979503631592e-02
3.902439028024673462e-02
3.658536821603775024e-02
2.682926692068576813e-02
3.902439028024673462e-02
5.609756335616111755e-02
4.146341234445571899e-02
6.829267740249633789e-02
5.365853756666183472e-02
7.804878056049346924e-02
5.853658542037010193e-02
7.073170691728591919e-02
7.560975104570388794e-02
8.536585420370101929e-02
8.780487626791000366e-02
9.024390578269958496e-02
1.000000014901161194e-01
9.512194991111755371e-02
9.024390578269958496e-02
1.097560971975326538e-01
9.268292784690856934e-02
1.146341562271118164e-01
1.146341562271118164e-01
1.268292665481567383e-01
1.170731633901596069e-01
1.121951192617416382e-01
1.463414579629898071e-01
1.365853697061538696e-01
1.731707304716110229e-01
1.414634138345718384e-01
1.634146273136138916e-01
1.390243917703628540e-01
1.512195020914077759e-01
1.682926714420318604e-01
1.634146422147750854e-01
1.731707304716110229e-01
1.560975611209869385e-01
1.609756052494049072e-01
1.853658407926559448e-01
1.829268187284469604e-01
2.024390250444412231e-01
1.829268187284469604e-01
2.024390250444412231e-01
1.878048777580261230e-01
2.243902385234832764e-01
2.024390399456024170e-01
2.024390101432800293e-01
1.926829218864440918e-01
1.951219588518142700e-01
2.170731574296951294e-01
2.073170691728591919e-01
2.268292605876922607e-01
2.414634227752685547e-01
2.341463267803192139e-01
2.292682975530624390e-01
2.463414520025253296e-01
2.536585330963134766e-01
2.365853488445281982e-01
2.365853637456893921e-01
2.268292754888534546e-01
2.512195110321044922e-01
2.487804889678955078e-01
2.658536434173583984e-01
2.634146511554718018e-01
2.585365772247314453e-01
3.000000119209289551e-01
2.829268276691436768e-01
2.804878056049346924e-01
2.634146213531494141e-01
3.097560703754425049e-01
2.902439236640930176e-01
2.878048717975616455e-01
2.682926654815673828e-01
3.097561001777648926e-01
2.756097614765167236e-01
3.146341443061828613e-01
3.073170185089111328e-01
3.390243649482727051e-01
3.000000119209289551e-01
3.000000119209289551e-01
3.414633870124816895e-01
3.365854024887084961e-01
3.170731663703918457e-01
3.219512104988098145e-01
3.219512104988098145e-01
3.170731365680694580e-01
2.951219379901885986e-01
3.292682766914367676e-01
3.707317113876342773e-01
3.292682766914367676e-01
3.512195348739624023e-01
3.926829099655151367e-01
3.560975492000579834e-01
3.487804830074310303e-01
3.536585569381713867e-01
3.707317113876342773e-01
3.780487775802612305e-01
3.634146451950073242e-01
3.414633870124816895e-01
3.317072987556457520e-01
3.658536672592163086e-01
3.853658437728881836e-01
3.804877996444702148e-01
3.463414311408996582e-01
4.121950864791870117e-01
3.804877996444702148e-01
3.829268515110015869e-01
3.878048658370971680e-01
3.804878294467926025e-01
4.000000059604644775e-01
3.658536374568939209e-01
3.439024090766906738e-01
3.609756231307983398e-01
3.731707334518432617e-01
4.048780798912048340e-01
4.121951162815093994e-01
3.902438879013061523e-01
4.219512045383453369e-01
3.878048658370971680e-01
4.170731902122497559e-01
3.878048956394195557e-01
3.878048658370971680e-01
3.682926595211029053e-01
4.390243887901306152e-01
4.195122122764587402e-01
4.341463446617126465e-01
3.975609540939331055e-01
3.853658735752105713e-01
4.000000059604644775e-01
3.902439177036285400e-01
4.341463148593902588e-01
4.170731604099273682e-01
3.731707334518432617e-01
