1.707316935062408447e-02
2.439024299383163452e-02
1.463414542376995087e-02
1.219512149691581726e-02
2.682926878333091736e-02
7.317073177546262741e-03
1.463414542376995087e-02
1.951219327747821808e-02
2.195121720433235168e-02
1.463414635509252548e-02
2.195121906697750092e-02
1.463414635509252548e-02
1.707316935062408447e-02
7.317073177546262741e-03
4.878048785030841827e-03
9.756097570061683655e-03
1.951219514012336731e-02
7.317073177546262741e-03
2.682926692068576813e-02
2.439024485647678375e-02
7.317073177546262741e-03
2.682926692068576813e-02
2.195121720433235168e-02
7.317073177546262741e-03
2.682926878333091736e-02
2.195121906697750092e-02
9.756097570061683655e-03
1.219512149691581726e-02
1.219512149691581726e-02
2.195122092962265015e-02
1.463414635509252548e-02
1.707317121326923370e-02
1.707316935062408447e-02
2.439024299383163452e-02
2.195121720433235168e-02
9.756097570061683655e-03
2.439024299383163452e-02
1.463414542376995087e-02
3.170731663703918457e-02
1.951219514012336731e-02
1.951219327747821808e-02
7.317073177546262741e-03
2.195121906697750092e-02
1.707316935062408447e-02
1.463414635509252548e-02
2.195121720433235168e-02
1.707316935062408447e-02
2.195121906697750092e-02
1.463414542376995087e-02
2.682926692068576813e-02
1.707316935062408447e-02
1.219512149691581726e-02
1.951219514012336731e-02
2.682926878333091736e-02
2.439024113118648529e-02
1.707316935062408447e-02
1.463414542376995087e-02
2.682926692068576813e-02
2.682926692068576813e-02
2.439024299383163452e-02
2.195121906697750092e-02
2.926829271018505096e-02
2.439024113118648529e-02
2.682926878333091736e-02
2.195121906697750092e-02
3.170731663703918457e-02
2.439024299383163452e-02
3.414633870124816895e-02
2.195121906697750092e-02
3.902439028024673462e-02
2.926829271018505096e-02
1.951219327747821808e-02
2.439024113118648529e-02
3.414633870124816895e-02
5.853658914566040039e-02
3.658536449074745178e-02
2.682926878333091736e-02
2.682926878333091736e-02
5.853658914566040039e-02
4.634146392345428467e-02
5.853658914566040039e-02
7.073170691728591919e-02
5.365853384137153625e-02
7.804878056049346924e-02
4.390244185924530029e-02
6.341463327407836914e-02
4.878048598766326904e-02
5.853658542037010193e-02
7.560975104570388794e-02
6.341463327407836914e-02
8.536585420370101929e-02
5.365853756666183472e-02
8.292682468891143799e-02
6.341463327407836914e-02
6.829268485307693481e-02
7.317073643207550049e-02
6.097561120986938477e-02
9.024389833211898804e-02
9.999999403953552246e-02
7.804878056049346924e-02
9.756097197532653809e-02
1.146341487765312195e-01
1.048780381679534912e-01
1.097560971975326538e-01
7.560975849628448486e-02
8.536584675312042236e-02
1.439024358987808228e-01
1.243902444839477539e-01
1.097561046481132507e-01
1.243902295827865601e-01
1.365853697061538696e-01
1.463414579629898071e-01
1.390243768692016602e-01
1.073170676827430725e-01
1.365853697061538696e-01
1.390243768692016602e-01
1.365853697061538696e-01
1.682926714420318604e-01
1.414634287357330322e-01
1.756097525358200073e-01
1.560975611209869385e-01
1.780487596988677979e-01
1.341463327407836914e-01
1.878048926591873169e-01
1.853658407926559448e-01
1.512195020914077759e-01
2.195121943950653076e-01
2.268292605876922607e-01
2.146341353654861450e-01
1.780487746000289917e-01
2.243902385234832764e-01
2.121951282024383545e-01
2.268292754888534546e-01
2.243902683258056641e-01
1.804877966642379761e-01
1.829268336296081543e-01
1.999999880790710449e-01
2.024390101432800293e-01
2.414633929729461670e-01
2.073170691728591919e-01
2.682926654815673828e-01
2.463414520025253296e-01
2.414633929729461670e-01
2.170731723308563232e-01
2.487804889678955078e-01
2.463414520025253296e-01
2.634146213531494141e-01
2.390243709087371826e-01
2.682926654815673828e-01
2.658536434173583984e-01
2.365853786468505859e-01
2.878048419952392578e-01
3.024390339851379395e-01
2.560975551605224609e-01
2.512195110321044922e-01
2.756097614765167236e-01
2.829268276691436768e-01
2.609755992889404297e-01
3.024390041828155518e-01
2.658536434173583984e-01
3.195121884346008301e-01
2.878048419952392578e-01
2.609755992889404297e-01
2.804878056049346924e-01
3.073170483112335205e-01
2.926829159259796143e-01
3.146341443061828613e-01
2.975609600543975830e-01
3.195121884346008301e-01
3.341463506221771240e-01
3.097561001777648926e-01
3.292683064937591553e-01
3.121951222419738770e-01
3.195121884346008301e-01
3.195122182369232178e-01
3.097561001777648926e-01
3.121950924396514893e-01
3.146341443061828613e-01
3.219512104988098145e-01
3.292683064937591553e-01
3.195121884346008301e-01
3.390243947505950928e-01
3.414633870124816895e-01
3.317072987556457520e-01
3.585366010665893555e-01
3.195121884346008301e-01
3.170731663703918457e-01
3.390244245529174805e-01
3.536585271358489990e-01
3.560975492000579834e-01
3.390243947505950928e-01
3.292682766914367676e-01
3.609756231307983398e-01
3.439024686813354492e-01
3.756097853183746338e-01
3.731707334518432617e-01
3.292682766914367676e-01
3.658536672592163086e-01
3.487804830074310303e-01
3.560975790023803711e-01
