3.170731663703918457e-02
1.463414635509252548e-02
1.707316935062408447e-02
2.195121906697750092e-02
2.926829084753990173e-02
2.439024299383163452e-02
1.219512149691581726e-02
2.195121906697750092e-02
1.219512149691581726e-02
7.317073177546262741e-03
1.707317121326923370e-02
9.756097570061683655e-03
1.707316935062408447e-02
1.463414542376995087e-02
1.463414542376995087e-02
1.219512149691581726e-02
1.219512149691581726e-02
1.707316935062408447e-02
9.756097570061683655e-03
1.463414542376995087e-02
9.756097570061683655e-03
1.707317121326923370e-02
1.219512149691581726e-02
2.195121720433235168e-02
1.951219514012336731e-02
1.707316935062408447e-02
9.756097570061683655e-03
7.317073177546262741e-03
1.951219514012336731e-02
2.439024113118648529e-02
1.463414542376995087e-02
2.926829084753990173e-02
2.195121906697750092e-02
1.951219327747821808e-02
2.195122092962265015e-02
4.878048785030841827e-03
2.439024299383163452e-02
1.951219514012336731e-02
2.439024299383163452e-02
1.463414542376995087e-02
3.414634242653846741e-02
1.463414635509252548e-02
9.756097570061683655e-03
9.756097570061683655e-03
1.707316935062408447e-02
2.439024299383163452e-02
3.170731663703918457e-02
2.439024299383163452e-02
1.951219514012336731e-02
3.902439028024673462e-02
2.682926692068576813e-02
3.414633870124816895e-02
2.439024299383163452e-02
3.170731663703918457e-02
2.682926878333091736e-02
3.170731663703918457e-02
4.146341606974601746e-02
2.439024485647678375e-02
3.658536821603775024e-02
3.414633870124816895e-02
5.853658169507980347e-02
3.658536449074745178e-02
4.634146019816398621e-02
5.365853756666183472e-02
5.121950805187225342e-02
4.146341606974601746e-02
4.634146019816398621e-02
6.585365533828735352e-02
6.829268485307693481e-02
6.097560748457908630e-02
6.341463327407836914e-02
5.365853756666183472e-02
4.878048971295356750e-02
8.048780262470245361e-02
8.536585420370101929e-02
9.268292784690856934e-02
8.048780262470245361e-02
7.560975849628448486e-02
1.000000014901161194e-01
1.048780530691146851e-01
1.097560971975326538e-01
1.048780530691146851e-01
1.219512224197387695e-01
1.073170751333236694e-01
1.146341413259506226e-01
1.292682886123657227e-01
1.292682886123657227e-01
1.536585390567779541e-01
1.048780530691146851e-01
1.609756201505661011e-01
1.341463327407836914e-01
1.585365831851959229e-01
1.878048777580261230e-01
1.536585390567779541e-01
1.609755903482437134e-01
1.804877966642379761e-01
2.048780620098114014e-01
1.975609660148620605e-01
1.975609660148620605e-01
1.804878115653991699e-01
2.048780471086502075e-01
1.999999731779098511e-01
2.585365772247314453e-01
1.951219439506530762e-01
2.121951431035995483e-01
2.341463416814804077e-01
2.268292605876922607e-01
2.317073047161102295e-01
2.487804889678955078e-01
2.829268276691436768e-01
2.658536434173583984e-01
2.463414371013641357e-01
2.292682826519012451e-01
2.682926952838897705e-01
2.634146213531494141e-01
2.585365772247314453e-01
2.414634227752685547e-01
3.000000119209289551e-01
2.999999821186065674e-01
3.024390339851379395e-01
2.731707096099853516e-01
2.975609898567199707e-01
3.219512104988098145e-01
3.073170781135559082e-01
3.097561001777648926e-01
3.024390041828155518e-01
3.121951222419738770e-01
3.121951222419738770e-01
3.317072987556457520e-01
3.121951222419738770e-01
2.658536732196807861e-01
3.219512104988098145e-01
3.317072987556457520e-01
3.439024686813354492e-01
3.512195348739624023e-01
3.341463208198547363e-01
3.585366010665893555e-01
3.317072987556457520e-01
3.780487775802612305e-01
3.560975790023803711e-01
3.463414311408996582e-01
3.463414907455444336e-01
3.512195348739624023e-01
3.243902623653411865e-01
3.780488073825836182e-01
3.560975790023803711e-01
3.365853428840637207e-01
3.658536672592163086e-01
3.560975790023803711e-01
3.463414907455444336e-01
3.853658735752105713e-01
3.878048956394195557e-01
3.634146451950073242e-01
3.341463506221771240e-01
3.829268217086791992e-01
4.000000059604644775e-01
3.878048956394195557e-01
3.804878294467926025e-01
4.000000059604644775e-01
3.658536672592163086e-01
4.073170721530914307e-01
3.487804830074310303e-01
3.951219320297241211e-01
4.243902266025543213e-01
3.780487775802612305e-01
3.634146451950073242e-01
4.414634108543395996e-01
3.902439177036285400e-01
3.804877996444702148e-01
4.048780798912048340e-01
4.341463148593902588e-01
4.121951460838317871e-01
3.951219320297241211e-01
3.853658735752105713e-01
3.951219618320465088e-01
4.170731604099273682e-01
3.926829397678375244e-01
4.000000059604644775e-01
4.146341383457183838e-01
4.024389982223510742e-01
4.024390280246734619e-01
4.292682707309722900e-01
3.975610136985778809e-01
4.439024031162261963e-01
4.048780202865600586e-01
4.000000059604644775e-01
4.463414549827575684e-01
4.317073225975036621e-01
4.341463148593902588e-01
4.243902564048767090e-01
4.585365653038024902e-01
4.536585211753845215e-01
4.170731604099273682e-01
4.536585211753845215e-01
4.048780500888824463e-01
4.292682707309722900e-01
4.219512045383453369e-01
4.487804770469665527e-01
4.634146094322204590e-01
4.317072927951812744e-01
