1.951219514012336731e-02
2.439024299383163452e-02
1.951219327747821808e-02
9.756097570061683655e-03
1.707316935062408447e-02
1.463414542376995087e-02
2.439024299383163452e-02
2.682926692068576813e-02
1.463414542376995087e-02
1.463414542376995087e-02
1.951219514012336731e-02
1.463414635509252548e-02
9.756097570061683655e-03
1.707316935062408447e-02
1.463414635509252548e-02
1.951219514012336731e-02
1.951219514012336731e-02
2.926829457283020020e-02
1.463414542376995087e-02
1.951219514012336731e-02
1.707316935062408447e-02
2.195121720433235168e-02
1.463414635509252548e-02
2.926829084753990173e-02
1.951219514012336731e-02
4.878048785030841827e-03
1.463414635509252548e-02
2.195122092962265015e-02
1.219512149691581726e-02
1.463414542376995087e-02
1.951219327747821808e-02
1.707316935062408447e-02
1.707316935062408447e-02
1.463414635509252548e-02
2.926829084753990173e-02
2.439024485647678375e-02
2.195121906697750092e-02
2.195121906697750092e-02
3.658536449074745178e-02
2.439024299383163452e-02
3.658536449074745178e-02
2.195121906697750092e-02
2.926829271018505096e-02
3.170731663703918457e-02
1.951219514012336731e-02
1.951219514012336731e-02
2.195121906697750092e-02
3.170731663703918457e-02
2.195121906697750092e-02
2.682926692068576813e-02
3.170731663703918457e-02
3.170731663703918457e-02
3.658536449074745178e-02
3.658536821603775024e-02
3.658536449074745178e-02
6.341463327407836914e-02
3.414634242653846741e-02
2.682926878333091736e-02
4.390243813395500183e-02
4.634146392345428467e-02
3.170731663703918457e-02
5.121951177716255188e-02
6.829268485307693481e-02
5.121951177716255188e-02
5.365853756666183472e-02
5.365853384137153625e-02
5.121951177716255188e-02
6.341464072465896606e-02
4.878048598766326904e-02
4.390244185924530029e-02
6.585365533828735352e-02
6.829268485307693481e-02
8.536584675312042236e-02
8.048780262470245361e-02
4.878049343824386597e-02
5.121951550245285034e-02
9.756097942590713501e-02
6.829267740249633789e-02
5.853658542037010193e-02
7.317072898149490356e-02
8.536585420370101929e-02
9.756097197532653809e-02
8.780487626791000366e-02
1.146341413259506226e-01
9.024390578269958496e-02
1.195122003555297852e-01
1.048780456185340881e-01
1.024390161037445068e-01
9.268292039632797241e-02
1.414634138345718384e-01
1.414634287357330322e-01
1.317073255777359009e-01
1.268292516469955444e-01
1.195122003555297852e-01
1.292682886123657227e-01
1.170731633901596069e-01
1.487804800271987915e-01
1.512195020914077759e-01
1.707316935062408447e-01
1.707317084074020386e-01
1.609756052494049072e-01
1.414634138345718384e-01
1.731707155704498291e-01
1.341463327407836914e-01
1.609756201505661011e-01
1.780487895011901855e-01
1.609756052494049072e-01
2.097561061382293701e-01
2.000000029802322388e-01
2.048780620098114014e-01
2.170731723308563232e-01
2.268292605876922607e-01
2.024390101432800293e-01
2.243902683258056641e-01
2.219512164592742920e-01
2.146341353654861450e-01
2.000000029802322388e-01
2.146341353654861450e-01
1.975609660148620605e-01
2.170731574296951294e-01
2.414634078741073608e-01
2.487804889678955078e-01
2.341463565826416016e-01
2.365853786468505859e-01
2.243902385234832764e-01
2.390244007110595703e-01
2.951219677925109863e-01
2.512194812297821045e-01
2.365853488445281982e-01
2.804877758026123047e-01
2.585365772247314453e-01
2.585365772247314453e-01
2.487804591655731201e-01
2.731707394123077393e-01
3.024390041828155518e-01
2.853658497333526611e-01
2.804878056049346924e-01
2.780487835407257080e-01
2.951219379901885986e-01
3.048780560493469238e-01
3.121951222419738770e-01
3.268292546272277832e-01
2.829268276691436768e-01
3.268292546272277832e-01
2.951219379901885986e-01
3.097561001777648926e-01
3.073170781135559082e-01
2.902439236640930176e-01
3.097561001777648926e-01
3.414634168148040771e-01
3.146341443061828613e-01
3.243902325630187988e-01
3.658536672592163086e-01
3.317073285579681396e-01
3.365853726863861084e-01
3.463414311408996582e-01
3.195122182369232178e-01
3.585366010665893555e-01
3.487805128097534180e-01
3.341463506221771240e-01
3.341463506221771240e-01
3.292682766914367676e-01
3.658536672592163086e-01
3.414634168148040771e-01
3.756097853183746338e-01
3.463414907455444336e-01
3.682926893234252930e-01
3.731707334518432617e-01
3.780487775802612305e-01
3.682926893234252930e-01
3.634146153926849365e-01
3.951219916343688965e-01
3.463414907455444336e-01
3.731707334518432617e-01
3.902439177036285400e-01
4.000000059604644775e-01
3.658536672592163086e-01
3.560975790023803711e-01
3.682926893234252930e-01
3.951219320297241211e-01
3.829268515110015869e-01
3.975609838962554932e-01
3.731707334518432617e-01
3.878048658370971680e-01
4.000000059604644775e-01
3.756097853183746338e-01
4.317072927951812744e-01
3.902439177036285400e-01
4.000000059604644775e-01
3.804878294467926025e-01
4.292683005332946777e-01
4.000000059604644775e-01
4.121951162815093994e-01
4.121951460838317871e-01
4.268292784690856934e-01
4.000000059604644775e-01
3.853658437728881836e-01
4.317073225975036621e-01
4.073170721530914307e-01
4.121951162815093994e-01
