6.504623889923095703e-01
1.295420885086059570e+00
1.912859916687011719e+00
2.484281301498413086e+00
3.071183443069458008e+00
3.677614688873291016e+00
4.289550304412841797e+00
4.905000925064086914e+00
5.480409860610961914e+00
6.058820962905883789e+00
6.641735792160034180e+00
7.290197134017944336e+00
7.878114700317382812e+00
8.482044219970703125e+00
9.081970453262329102e+00
9.687901258468627930e+00
1.029933691024780273e+01
1.090926980972290039e+01
1.151670169830322266e+01
1.210512018203735352e+01
1.272506093978881836e+01
1.335951209068298340e+01
1.397545003890991211e+01
1.459839296340942383e+01
1.519031453132629395e+01
1.580625128746032715e+01
1.642419147491455078e+01
1.704112958908081055e+01
1.761153483390808105e+01
1.826349902153015137e+01
1.884691381454467773e+01
1.948236513137817383e+01
2.008079075813293457e+01
2.070623540878295898e+01
2.131566882133483887e+01
2.192361497879028320e+01
2.250951766967773438e+01
2.314847183227539062e+01
2.375640392303466797e+01
2.436283540725708008e+01
2.493826389312744141e+01
2.552868390083312988e+01
2.612861061096191406e+01
2.670652127265930176e+01
2.735948610305786133e+01
2.801345086097717285e+01
2.867241907119750977e+01
2.929185891151428223e+01
2.996183657646179199e+01
3.053480005264282227e+01
3.114023065567016602e+01
3.170863485336303711e+01
3.233658146858215332e+01
3.297453522682189941e+01
3.360548448562622070e+01
3.423243021965026855e+01
3.483936071395874023e+01
3.548131704330444336e+01
3.610326004028320312e+01
3.668517351150512695e+01
3.736315560340881348e+01
3.798509812355041504e+01
3.857351589202880859e+01
3.920396423339843750e+01
3.981189608573913574e+01
4.044534659385681152e+01
4.104477357864379883e+01
4.166321253776550293e+01
4.227767562866210938e+01
4.289261269569396973e+01
4.352306103706359863e+01
4.417302322387695312e+01
4.476994752883911133e+01
4.537437725067138672e+01
4.598280978202819824e+01
4.656927919387817383e+01
4.717721176147460938e+01
4.777964019775390625e+01
4.842661476135253906e+01
4.902854132652282715e+01
4.963096928596496582e+01
5.024340510368347168e+01
5.084633326530456543e+01
5.150129914283752441e+01
5.208771634101867676e+01
5.269664955139160156e+01
5.331108641624450684e+01
5.389149856567382812e+01
5.453745818138122559e+01
5.514188814163208008e+01
5.575882601737976074e+01
5.637876725196838379e+01
5.696518397331237793e+01
5.761964988708496094e+01
5.822808218002319336e+01
5.887203979492187500e+01
5.945945763587951660e+01
6.011492323875427246e+01
6.074437093734741211e+01
6.140083813667297363e+01
6.200426673889160156e+01
6.261970496177673340e+01
6.327266907691955566e+01
6.388510394096374512e+01
6.452355861663818359e+01
6.512998986244201660e+01
6.579846477508544922e+01
6.641590380668640137e+01
6.700081944465637207e+01
6.763226866722106934e+01
6.829523968696594238e+01
6.891367936134338379e+01
6.953562188148498535e+01
7.012604141235351562e+01
7.075899171829223633e+01
7.140995430946350098e+01
7.199437069892883301e+01
7.262932205200195312e+01
7.326377248764038086e+01
7.396074604988098145e+01
7.463672614097595215e+01
7.525866842269897461e+01
7.590966391563415527e+01
7.652059769630432129e+01
7.718109178543090820e+01
7.781404185295104980e+01
7.846950721740722656e+01
7.908944773674011230e+01
7.971441435813903809e+01
8.034136104583740234e+01
8.096030020713806152e+01
8.160784173011779785e+01
8.222277975082397461e+01
8.288478112220764160e+01
8.351532769203186035e+01
8.416630363464355469e+01
8.479825234413146973e+01
8.543770766258239746e+01
8.606270527839660645e+01
8.669265317916870117e+01
8.731059217453002930e+01
8.796005415916442871e+01
8.863553452491760254e+01
8.927248692512512207e+01
8.988642358779907227e+01
9.051136803627014160e+01
9.114736080169677734e+01
9.181941914558410645e+01
9.244536399841308594e+01
9.307931447029113770e+01
9.373878335952758789e+01
9.435021829605102539e+01
9.501120114326477051e+01
9.566367650032043457e+01
9.630214810371398926e+01
9.693613052368164062e+01
9.756707978248596191e+01
9.819652724266052246e+01
9.883798336982727051e+01
9.947393512725830078e+01
1.000939042568206787e+02
1.007574000358581543e+02
1.013698740005493164e+02
1.020268421173095703e+02
1.027393476963043213e+02
1.037485654354095459e+02
1.045081052780151367e+02
1.054998106956481934e+02
1.063339037895202637e+02
1.070419075489044189e+02
1.077209143638610840e+02
1.083438577651977539e+02
1.089748203754425049e+02
1.096017520427703857e+02
1.102667262554168701e+02
1.109161865711212158e+02
1.115366764068603516e+02
1.122007775306701660e+02
1.128917689323425293e+02
1.137008719444274902e+02
1.143828594684600830e+02
1.150257961750030518e+02
1.161936261653900146e+02
1.170222148895263672e+02
1.179193944931030273e+02
1.185993783473968506e+02
1.193809340000152588e+02
1.203026592731475830e+02
1.210847144126892090e+02
1.218398034572601318e+02
1.229090638160705566e+02
1.250480844974517822e+02
1.259772453308105469e+02
1.268018319606781006e+02
1.279547302722930908e+02
1.289979720115661621e+02
1.298871037960052490e+02
1.307317042350769043e+02
1.316364424228668213e+02
1.324099919795989990e+02
