7.770528793334960938e-01
1.503949403762817383e+00
2.261371135711669922e+00
2.941627502441406250e+00
3.810745477676391602e+00
4.589299201965332031e+00
5.258243322372436523e+00
5.954928636550903320e+00
6.664866447448730469e+00
7.306356191635131836e+00
7.968827724456787109e+00
8.648701906204223633e+00
9.353193283081054688e+00
1.001692724227905273e+01
1.068978667259216309e+01
1.135749220848083496e+01
1.216906952857971191e+01
1.297114348411560059e+01
1.362865400314331055e+01
1.442554736137390137e+01
1.523011922836303711e+01
1.598165416717529297e+01
1.668565464019775391e+01
1.743292617797851562e+01
1.818554377555847168e+01
1.888134098052978516e+01
1.956240606307983398e+01
2.026240348815917969e+01
2.103063130378723145e+01
2.170962572097778320e+01
2.253880214691162109e+01
2.324911141395568848e+01
2.392008781433105469e+01
2.467712640762329102e+01
2.542565870285034180e+01
2.609131336212158203e+01
2.683684349060058594e+01
2.751381397247314453e+01
2.817883849143981934e+01
2.886566972732543945e+01
2.953264427185058594e+01
3.025039982795715332e+01
3.094625878334045410e+01
3.168135094642639160e+01
3.241262531280517578e+01
3.308221578598022461e+01
3.379515171051025391e+01
3.446958661079406738e+01
3.516328144073486328e+01
3.588654327392578125e+01
3.656933879852294922e+01
3.723487329483032227e+01
3.807875633239746094e+01
3.875280642509460449e+01
3.944814133644104004e+01
4.018807053565979004e+01
4.088119292259216309e+01
4.156568455696105957e+01
4.226768398284912109e+01
4.305225038528442383e+01
4.376723837852478027e+01
4.454670000076293945e+01
4.528855037689208984e+01
4.606518030166625977e+01
4.674533295631408691e+01
4.749990034103393555e+01
4.826349401473999023e+01
4.909315061569213867e+01
4.975083708763122559e+01
5.043479967117309570e+01
5.113841009140014648e+01
5.180711889266967773e+01
5.259239029884338379e+01
5.336793923377990723e+01
5.407493209838867188e+01
5.473786401748657227e+01
5.540458965301513672e+01
5.609007692337036133e+01
5.674673795700073242e+01
5.743146038055419922e+01
5.832442307472229004e+01
5.899466180801391602e+01
5.971116590499877930e+01
6.048057198524475098e+01
6.118477368354797363e+01
6.187791228294372559e+01
6.260903334617614746e+01
6.332135915756225586e+01
6.395719408988952637e+01
6.466682314872741699e+01
6.533072400093078613e+01
6.603437829017639160e+01
6.673670959472656250e+01
6.746421480178833008e+01
6.817140221595764160e+01
6.886219263076782227e+01
6.962432885169982910e+01
7.038865590095520020e+01
7.103218793869018555e+01
7.172618532180786133e+01
7.240381646156311035e+01
7.308323597908020020e+01
7.376821494102478027e+01
7.447286748886108398e+01
7.515422940254211426e+01
7.589974737167358398e+01
7.658790731430053711e+01
7.732445025444030762e+01
7.801183962821960449e+01
7.872686886787414551e+01
7.947038722038269043e+01
8.017944574356079102e+01
8.089921927452087402e+01
8.159483814239501953e+01
8.226489233970642090e+01
8.319660902023315430e+01
8.443107867240905762e+01
8.517432832717895508e+01
8.585329341888427734e+01
8.654200863838195801e+01
8.723006415367126465e+01
8.805575895309448242e+01
8.887889695167541504e+01
8.958327794075012207e+01
9.025466585159301758e+01
9.110592150688171387e+01
9.183051109313964844e+01
9.253042984008789062e+01
9.326446294784545898e+01
9.398781728744506836e+01
9.466625332832336426e+01
9.537650728225708008e+01
9.609235310554504395e+01
9.681617021560668945e+01
9.779287862777709961e+01
9.872445631027221680e+01
9.958523011207580566e+01
1.004783644676208496e+02
1.013337917327880859e+02
1.021458694934844971e+02
1.028535125255584717e+02
1.035801880359649658e+02
1.042721855640411377e+02
1.049362232685089111e+02
1.056545579433441162e+02
1.064184198379516602e+02
1.071192288398742676e+02
1.078226604461669922e+02
1.085052351951599121e+02
1.092048749923706055e+02
1.099826779365539551e+02
1.106843526363372803e+02
1.113683664798736572e+02
1.120687668323516846e+02
1.127759745121002197e+02
1.134625692367553711e+02
1.141949317455291748e+02
1.149282474517822266e+02
1.156323883533477783e+02
1.163115608692169189e+02
1.170011529922485352e+02
1.177335135936737061e+02
1.184403574466705322e+02
1.191092321872711182e+02
1.198670413494110107e+02
1.206114118099212646e+02
1.213234176635742188e+02
1.220489337444305420e+02
1.227724480628967285e+02
1.234629395008087158e+02
1.241659531593322754e+02
1.248869514465332031e+02
1.256065034866333008e+02
1.263039989471435547e+02
1.269684712886810303e+02
1.276979906558990479e+02
1.284190027713775635e+02
1.291375138759613037e+02
1.298305063247680664e+02
1.305785651206970215e+02
1.313010785579681396e+02
1.320426063537597656e+02
1.328301665782928467e+02
1.336762676239013672e+02
1.345448856353759766e+02
1.353774774074554443e+02
1.361785464286804199e+02
1.369480943679809570e+02
1.377201583385467529e+02
1.384706907272338867e+02
1.391821966171264648e+02
1.399727590084075928e+02
1.407573173046112061e+02
1.414853341579437256e+02
1.421958632469177246e+02
1.429098711013793945e+02
1.436063659191131592e+02
1.443799161911010742e+02
1.451619722843170166e+02
1.458934926986694336e+02
