1.001234292984008789e+00
1.774783611297607422e+00
2.571852445602416992e+00
3.368439912796020508e+00
4.175049304962158203e+00
5.014145612716674805e+00
5.771684169769287109e+00
6.579295635223388672e+00
7.496447801589965820e+00
8.310026407241821289e+00
9.100087881088256836e+00
1.002474498748779297e+01
1.086534333229064941e+01
1.171344542503356934e+01
1.250650930404663086e+01
1.330207538604736328e+01
1.414117217063903809e+01
1.490871715545654297e+01
1.578884339332580566e+01
1.657790446281433105e+01
1.735845947265625000e+01
1.815053677558898926e+01
1.897811102867126465e+01
1.980221414566040039e+01
2.061179041862487793e+01
2.143387460708618164e+01
2.228397893905639648e+01
2.314208984375000000e+01
2.392116332054138184e+01
2.470627570152282715e+01
2.548835563659667969e+01
2.639900326728820801e+01
2.721658563613891602e+01
2.799719595909118652e+01
2.881684112548828125e+01
2.963445353507995605e+01
3.046004080772399902e+01
3.130614185333251953e+01
3.213275027275085449e+01
3.292981696128845215e+01
3.375490355491638184e+01
3.462352132797241211e+01
3.544660615921020508e+01
3.628120064735412598e+01
3.707331156730651855e+01
3.783286547660827637e+01
3.869296312332153320e+01
3.953010225296020508e+01
4.031818795204162598e+01
4.112380599975585938e+01
4.192237329483032227e+01
4.277347850799560547e+01
4.355353331565856934e+01
4.437964224815368652e+01
4.518071150779724121e+01
4.594735908508300781e+01
4.686049461364746094e+01
4.779265666007995605e+01
4.865683889389038086e+01
5.010536956787109375e+01
5.104453706741333008e+01
5.183860158920288086e+01
5.267525720596313477e+01
5.349183797836303711e+01
5.438847541809082031e+01
5.529311823844909668e+01
5.613671827316284180e+01
5.701137375831604004e+01
5.792852592468261719e+01
5.880114626884460449e+01
5.975642061233520508e+01
6.090123534202575684e+01
6.173282575607299805e+01
6.258148503303527832e+01
6.339033436775207520e+01
6.421341872215270996e+01
6.500398135185241699e+01
6.608675098419189453e+01
6.696187305450439453e+01
6.788552999496459961e+01
6.885073328018188477e+01
6.985744976997375488e+01
7.070054817199707031e+01
7.157116818428039551e+01
7.252134346961975098e+01
7.469288730621337891e+01
7.558552169799804688e+01
7.645163798332214355e+01
7.749137735366821289e+01
7.891238713264465332e+01
7.993961834907531738e+01
8.293824958801269531e+01
8.407255697250366211e+01
8.490366029739379883e+01
8.576527261734008789e+01
8.657087254524230957e+01
8.736843991279602051e+01
8.826507735252380371e+01
8.911468148231506348e+01
8.993278646469116211e+01
9.076237630844116211e+01
9.159246683120727539e+01
9.241154861450195312e+01
9.328867244720458984e+01
9.408974218368530273e+01
9.490884900093078613e+01
9.571942496299743652e+01
9.654351115226745605e+01
9.739761829376220703e+01
9.824071788787841797e+01
9.910333132743835449e+01
9.991192102432250977e+01
1.007510564327239990e+02
1.016486942768096924e+02
1.024548447132110596e+02
1.032569153308868408e+02
1.041080203056335449e+02
1.049416563510894775e+02
1.058197810649871826e+02
1.066453676223754883e+02
1.074874804019927979e+02
1.083150687217712402e+02
1.092137079238891602e+02
1.100042703151702881e+02
1.108563759326934814e+02
1.116765019893646240e+02
1.124785726070404053e+02
1.133426871299743652e+02
1.141517617702484131e+02
1.149948613643646240e+02
1.158229501247406006e+02
1.166200735569000244e+02
1.174756817817687988e+02
1.183219258785247803e+02
1.191590209007263184e+02
1.200216591358184814e+02
1.208547601699829102e+02
1.216783370971679688e+02
1.224854562282562256e+02
1.233190922737121582e+02
1.241486823558807373e+02
1.250493223667144775e+02
1.258739085197448730e+02
1.266950066089630127e+02
1.275290999412536621e+02
1.284182310104370117e+02
1.292924170494079590e+02
1.301064958572387695e+02
1.309125692844390869e+02
1.317636742591857910e+02
1.326473939418792725e+02
1.335340158939361572e+02
1.343706722259521484e+02
1.351878063678741455e+02
1.360819408893585205e+02
1.369410514831542969e+02
1.377886543273925781e+02
1.386513161659240723e+02
1.395384674072265625e+02
1.403885359764099121e+02
1.412397522926330566e+02
1.420973620414733887e+02
1.429704842567443848e+02
1.438335964679718018e+02
1.447047164440155029e+02
1.455523190498352051e+02
1.464089272022247314e+02
1.472545285224914551e+02
1.480956275463104248e+02
1.489722497463226318e+02
1.498644173145294189e+02
1.506789960861206055e+02
1.515461125373840332e+02
1.524422492980957031e+02
1.532518708705902100e+02
1.540839624404907227e+02
1.549215581417083740e+02
1.558267014026641846e+02
1.567228682041168213e+02
1.575549614429473877e+02
1.583880522251129150e+02
1.593112082481384277e+02
1.601753227710723877e+02
1.610489439964294434e+02
1.620166318416595459e+02
1.628512480258941650e+02
1.636793651580810547e+02
1.645530192852020264e+02
1.654501569271087646e+02
1.663327841758728027e+02
1.672169129848480225e+02
1.680830290317535400e+02
1.689021112918853760e+02
1.697927618026733398e+02
1.706088247299194336e+02
1.714344115257263184e+02
1.722890191078186035e+02
1.731491308212280273e+02
1.740362629890441895e+02
1.748769371509552002e+02
