7.675464153289794922e-01
1.495063304901123047e+00
2.227584362030029297e+00
2.956103086471557617e+00
3.839261054992675781e+00
4.641330957412719727e+00
5.380356073379516602e+00
6.161923885345458984e+00
6.953986883163452148e+00
7.831110477447509766e+00
8.609664916992187500e+00
9.380712032318115234e+00
1.021380496025085449e+01
1.103238701820373535e+01
1.179843187332153320e+01
1.256601667404174805e+01
1.335958027839660645e+01
1.418716883659362793e+01
1.496722340583801270e+01
1.577179551124572754e+01
1.661689686775207520e+01
1.765463399887084961e+01
1.863684272766113281e+01
1.942490386962890625e+01
2.039759492874145508e+01
2.205677413940429688e+01
2.295341229438781738e+01
2.373346638679504395e+01
2.448299908638000488e+01
2.542616987228393555e+01
2.637134814262390137e+01
2.723602175712585449e+01
2.814667296409606934e+01
2.895825004577636719e+01
2.976632428169250488e+01
3.048833775520324707e+01
3.124887919425964355e+01
3.207946920394897461e+01
3.279397749900817871e+01
3.355401730537414551e+01
3.431706070899963379e+01
3.507165431976318359e+01
3.585020756721496582e+01
3.659623789787292480e+01
3.734404277801513672e+01
3.807961463928222656e+01
3.882068037986755371e+01
3.958272218704223633e+01
4.035577154159545898e+01
4.108028650283813477e+01
4.183882689476013184e+01
4.257234740257263184e+01
4.330336761474609375e+01
4.406949162483215332e+01
4.483704018592834473e+01
4.555560231208801270e+01
4.644423413276672363e+01
4.748097157478332520e+01
4.857424855232238770e+01
4.931627607345581055e+01
5.014886808395385742e+01
5.091442394256591797e+01
5.164244198799133301e+01
5.239497709274291992e+01
5.321008396148681641e+01
5.397462821006774902e+01
5.470264530181884766e+01
5.541966819763183594e+01
5.617123603820800781e+01
5.693830990791320801e+01
5.769434785842895508e+01
5.845939159393310547e+01
5.918390655517578125e+01
5.996946525573730469e+01
6.071999883651733398e+01
6.170670080184936523e+01
6.253879165649414062e+01
6.329783177375793457e+01
6.402640795707702637e+01
6.485149455070495605e+01
6.559463143348693848e+01
6.634569573402404785e+01
6.714126157760620117e+01
6.790280270576477051e+01
6.877792501449584961e+01
6.968456912040710449e+01
7.057770442962646484e+01
7.135425639152526855e+01
7.250607562065124512e+01
7.378648662567138672e+01
7.490928411483764648e+01
7.566382074356079102e+01
7.641389536857604980e+01
7.717243409156799316e+01
7.825270295143127441e+01
7.902074837684631348e+01
7.976581048965454102e+01
8.051534223556518555e+01
8.133545684814453125e+01
8.207756066322326660e+01
8.286662149429321289e+01
8.358769059181213379e+01
8.432671546936035156e+01
8.510076594352722168e+01
8.588082051277160645e+01
8.663285541534423828e+01
8.741347074508666992e+01
8.820003008842468262e+01
8.898658919334411621e+01
8.986021113395690918e+01
9.101557636260986328e+01
9.183666014671325684e+01
9.266474866867065430e+01
9.353190541267395020e+01
9.448308157920837402e+01
9.546778154373168945e+01
9.646699333190917969e+01
9.742217063903808594e+01
9.832731556892395020e+01
9.929750490188598633e+01
1.001045784950256348e+02
1.009296653270721436e+02
1.016691906452178955e+02
1.024377372264862061e+02
1.032323021888732910e+02
1.039828357696533203e+02
1.047628905773162842e+02
1.054974129199981689e+02
1.062695016860961914e+02
1.070711188316345215e+02
1.078477029800415039e+02
1.086697871685028076e+02
1.094428369998931885e+02
1.102028772830963135e+02
1.110905077457427979e+02
1.119777038097381592e+02
1.128193023204803467e+02
1.136839177608489990e+02
1.144979960918426514e+02
1.163878397941589355e+02
1.173180007934570312e+02
1.180500755310058594e+02
1.187865991592407227e+02
1.195266485214233398e+02
1.203477320671081543e+02
1.211362934112548828e+02
1.219283556938171387e+02
1.227229399681091309e+02
1.235055100917816162e+02
1.243225910663604736e+02
1.251857049465179443e+02
1.259972817897796631e+02
1.267668287754058838e+02
1.275734024047851562e+02
1.284040791988372803e+02
1.291641130447387695e+02
1.300202221870422363e+02
1.309407198429107666e+02
1.316889574527740479e+02
1.324940297603607178e+02
1.332830910682678223e+02
1.341042056083679199e+02
1.348842601776123047e+02
1.356468405723571777e+02
1.365284678936004639e+02
1.373185298442840576e+02
1.380790700912475586e+02
1.388936774730682373e+02
1.397407796382904053e+02
1.406944572925567627e+02
1.415485832691192627e+02
1.423106384277343750e+02
1.430886776447296143e+02
1.438967528343200684e+02
1.446788082122802734e+02
1.454353463649749756e+02
1.463074660301208496e+02
1.470775141716003418e+02
1.479005994796752930e+02
1.486741490364074707e+02
1.494757187366485596e+02
1.502307560443878174e+02
1.510233192443847656e+02
1.518038744926452637e+02
1.525899336338043213e+02
1.533670833110809326e+02
1.542146856784820557e+02
1.549987435340881348e+02
1.557778158187866211e+02
1.565578701496124268e+02
1.573264167308807373e+02
1.581019885540008545e+02
1.588746175765991211e+02
1.596551730632781982e+02
1.604167141914367676e+02
1.612708215713500977e+02
1.620833988189697266e+02
1.628526098728179932e+02
1.636402394771575928e+02
1.644247972965240479e+02
