1.221001334488391876e-02
1.221001241356134415e-02
1.221001241356134415e-02
1.587301678955554962e-02
1.343101356178522110e-02
1.709401793777942657e-02
2.075702138245105743e-02
1.343101449310779572e-02
1.709401793777942657e-02
2.075702138245105743e-02
1.465201564133167267e-02
2.075702138245105743e-02
2.686202712357044220e-02
1.953602023422718048e-02
2.564102597534656525e-02
2.319902367889881134e-02
2.808302827179431915e-02
1.709401793777942657e-02
2.930403128266334534e-02
3.174603357911109924e-02
2.319902367889881134e-02
1.831501908600330353e-02
2.808302827179431915e-02
3.174603357911109924e-02
4.517704620957374573e-02
4.517704620957374573e-02
5.982906371355056763e-02
5.860806256532669067e-02
5.982905998826026917e-02
6.471306830644607544e-02
7.692307978868484497e-02
8.180708438158035278e-02
9.157509356737136841e-02
1.269841343164443970e-01
1.196581199765205383e-01
1.135531142354011536e-01
1.184371262788772583e-01
1.233211308717727661e-01
1.318681389093399048e-01
1.514041572809219360e-01
1.355311423540115356e-01
1.684981733560562134e-01
1.794871836900711060e-01
1.770451813936233521e-01
2.002442032098770142e-01
2.075702100992202759e-01
2.136752158403396606e-01
2.307692319154739380e-01
2.515262663364410400e-01
2.576312720775604248e-01
2.442002594470977783e-01
2.722832858562469482e-01
2.783882915973663330e-01
2.954823076725006104e-01
3.101343214511871338e-01
3.015873134136199951e-01
3.247863352298736572e-01
2.991453111171722412e-01
3.418803513050079346e-01
3.272283375263214111e-01
3.565323650836944580e-01
3.492063581943511963e-01
3.846153914928436279e-01
3.772893846035003662e-01
3.736263811588287354e-01
3.724053800106048584e-01
4.053724110126495361e-01
4.065934121608734131e-01
4.236874282360076904e-01
4.273504316806793213e-01
4.554334580898284912e-01
4.163614213466644287e-01
4.310134649276733398e-01
4.322344362735748291e-01
4.590964615345001221e-01
4.468864500522613525e-01
4.603174626827239990e-01
4.676434993743896484e-01
4.737485051155090332e-01
4.847375154495239258e-01
4.920635223388671875e-01
5.018315315246582031e-01
5.054945349693298340e-01
4.896215200424194336e-01
5.201465487480163574e-01
5.115995407104492188e-01
5.091575384140014648e-01
4.884005188941955566e-01
5.177045464515686035e-01
5.250305533409118652e-01
5.177045464515686035e-01
5.347985625267028809e-01
5.201465487480163574e-01
5.579975843429565430e-01
5.555555820465087891e-01
5.543345808982849121e-01
5.494505763053894043e-01
5.409035682678222656e-01
5.653235912322998047e-01
5.384615659713745117e-01
5.579975843429565430e-01
5.628815889358520508e-01
5.934066176414489746e-01
5.897436141967773438e-01
5.897436141967773438e-01
5.824176073074340820e-01
6.117216348648071289e-01
5.982906222343444824e-01
5.738705992698669434e-01
6.019536256790161133e-01
6.007326245307922363e-01
5.714285969734191895e-01
6.043956279754638672e-01
5.726495981216430664e-01
5.848596096038818359e-01
6.129426360130310059e-01
6.117216348648071289e-01
6.117216348648071289e-01
6.080586314201354980e-01
5.995116233825683594e-01
6.068376302719116211e-01
6.117216348648071289e-01
6.080586314201354980e-01
6.373626589775085449e-01
6.410256624221801758e-01
6.300366520881652832e-01
6.275946497917175293e-01
6.031746268272399902e-01
6.300366520881652832e-01
6.459096670150756836e-01
6.251526474952697754e-01
6.361416578292846680e-01
6.556776762008666992e-01
6.349206566810607910e-01
6.227106451988220215e-01
6.373626589775085449e-01
6.349206566810607910e-01
6.336996555328369141e-01
6.459096670150756836e-01
6.422466635704040527e-01
6.471306681632995605e-01
6.361416578292846680e-01
6.556776762008666992e-01
6.507936716079711914e-01
6.434676647186279297e-01
6.300366520881652832e-01
6.459096670150756836e-01
6.495726704597473145e-01
6.666666865348815918e-01
6.263736486434936523e-01
6.703296899795532227e-01
6.666666865348815918e-01
6.422466635704040527e-01
6.520146727561950684e-01
6.617826819419860840e-01
6.556776762008666992e-01
6.617826819419860840e-01
6.642246842384338379e-01
6.385836601257324219e-01
6.483516693115234375e-01
6.422466635704040527e-01
6.654456853866577148e-01
6.935287117958068848e-01
6.605616807937622070e-01
6.862027049064636230e-01
6.764346957206726074e-01
6.947497129440307617e-01
6.800976991653442383e-01
6.898657083511352539e-01
6.715506911277770996e-01
6.935287117958068848e-01
6.898657083511352539e-01
6.849817037582397461e-01
6.947497129440307617e-01
6.813187003135681152e-01
6.678876876831054688e-01
6.971917152404785156e-01
6.752136945724487305e-01
6.764346957206726074e-01
6.996337175369262695e-01
6.886447072029113770e-01
6.788766980171203613e-01
6.984127163887023926e-01
6.947497129440307617e-01
6.849817037582397461e-01
6.800976991653442383e-01
6.666666865348815918e-01
6.947497129440307617e-01
6.886447072029113770e-01
6.947497129440307617e-01
7.020757198333740234e-01
6.910867094993591309e-01
6.910867094993591309e-01
6.874237060546875000e-01
6.886447072029113770e-01
7.008547186851501465e-01
6.947497129440307617e-01
7.032967209815979004e-01
7.167277336120605469e-01
6.959707140922546387e-01
