1.831501908600330353e-02
1.098901126533746719e-02
1.343101356178522110e-02
1.343101449310779572e-02
1.098901126533746719e-02
1.953602023422718048e-02
1.831501908600330353e-02
2.197802253067493439e-02
1.709401793777942657e-02
2.319902367889881134e-02
1.831501908600330353e-02
2.197802253067493439e-02
1.953602023422718048e-02
2.197802253067493439e-02
1.343101449310779572e-02
2.808303013443946838e-02
2.197802253067493439e-02
2.075702138245105743e-02
2.075702138245105743e-02
1.953602023422718048e-02
1.587301678955554962e-02
2.075702138245105743e-02
2.319902367889881134e-02
2.808303013443946838e-02
1.831501908600330353e-02
3.540903702378273010e-02
3.296703472733497620e-02
4.395604506134986877e-02
5.372405797243118286e-02
5.982906371355056763e-02
5.372405424714088440e-02
6.105006486177444458e-02
5.738705769181251526e-02
6.715507060289382935e-02
7.081807404756546021e-02
7.326007634401321411e-02
9.645909816026687622e-02
9.523809701204299927e-02
1.086691096425056458e-01
1.123321130871772766e-01
1.184371262788772583e-01
1.428571492433547974e-01
1.489621549844741821e-01
1.562881618738174438e-01
1.709401756525039673e-01
1.782661825418472290e-01
1.636141687631607056e-01
1.868131905794143677e-01
1.868131905794143677e-01
2.112332135438919067e-01
2.283272445201873779e-01
2.283272445201873779e-01
2.503052651882171631e-01
2.698412835597991943e-01
2.551892697811126709e-01
2.832722961902618408e-01
2.625152766704559326e-01
3.003663122653961182e-01
3.028083145618438721e-01
3.174603283405303955e-01
2.979243099689483643e-01
3.040293157100677490e-01
3.516483604907989502e-01
3.443223536014556885e-01
3.577533662319183350e-01
3.516483604907989502e-01
3.553113639354705811e-01
3.699633777141571045e-01
3.919413983821868896e-01
3.943834006786346436e-01
4.175824224948883057e-01
3.919413983821868896e-01
4.236874580383300781e-01
4.029304087162017822e-01
4.151404201984405518e-01
4.114774167537689209e-01
4.188034236431121826e-01
4.420024752616882324e-01
4.322344660758972168e-01
4.493284821510314941e-01
4.407814443111419678e-01
4.468864798545837402e-01
4.529914557933807373e-01
4.749695062637329102e-01
4.615384936332702637e-01
4.981685280799865723e-01
4.884005188941955566e-01
4.639804959297180176e-01
5.006105303764343262e-01
4.932845234870910645e-01
5.054945349693298340e-01
4.896215200424194336e-01
5.286935567855834961e-01
5.347985625267028809e-01
5.164835453033447266e-01
5.067155361175537109e-01
5.177045464515686035e-01
5.299145579338073730e-01
5.445665717124938965e-01
5.238095521926879883e-01
5.372405648231506348e-01
5.372405648231506348e-01
5.372405648231506348e-01
5.518925786018371582e-01
5.506715774536132812e-01
5.372405648231506348e-01
5.543345808982849121e-01
5.579975843429565430e-01
5.689865946769714355e-01
5.543345808982849121e-01
5.689865946769714355e-01
5.531135797500610352e-01
5.653235912322998047e-01
5.885226130485534668e-01
5.860806107521057129e-01
5.811966061592102051e-01
5.787546038627624512e-01
5.787546038627624512e-01
5.921856164932250977e-01
5.995116233825683594e-01
6.019536256790161133e-01
5.836386084556579590e-01
5.848596096038818359e-01
6.092796325683593750e-01
6.007326245307922363e-01
6.129426360130310059e-01
5.958486199378967285e-01
6.166056394577026367e-01
6.190476417541503906e-01
6.105006337165832520e-01
5.970696210861206055e-01
6.129426360130310059e-01
5.897436141967773438e-01
6.288156509399414062e-01
6.141636371612548828e-01
6.178266406059265137e-01
6.288156509399414062e-01
6.288156509399414062e-01
6.202686429023742676e-01
6.141636371612548828e-01
6.434676647186279297e-01
6.056166291236877441e-01
5.934066176414489746e-01
6.288156509399414062e-01
6.129426360130310059e-01
6.141636371612548828e-01
6.239316463470458984e-01
6.324786543846130371e-01
6.214896440505981445e-01
6.288156509399414062e-01
6.251526474952697754e-01
6.459096670150756836e-01
6.361416578292846680e-01
6.275946497917175293e-01
6.520146727561950684e-01
6.556776762008666992e-01
6.459096670150756836e-01
6.532356739044189453e-01
6.336996555328369141e-01
6.471306681632995605e-01
6.568986773490905762e-01
6.678876876831054688e-01
6.556776762008666992e-01
6.446886658668518066e-01
6.398046612739562988e-01
6.520146727561950684e-01
6.678876876831054688e-01
6.520146727561950684e-01
6.581196784973144531e-01
6.788766980171203613e-01
6.630036830902099609e-01
6.556776762008666992e-01
6.593406796455383301e-01
6.764346957206726074e-01
6.544566750526428223e-01
6.691086888313293457e-01
6.837607026100158691e-01
6.666666865348815918e-01
6.678876876831054688e-01
6.947497129440307617e-01
6.678876876831054688e-01
6.715506911277770996e-01
6.471306681632995605e-01
6.764346957206726074e-01
6.556776762008666992e-01
6.959707140922546387e-01
6.849817037582397461e-01
6.630036830902099609e-01
6.862027049064636230e-01
6.923077106475830078e-01
6.898657083511352539e-01
6.715506911277770996e-01
6.654456853866577148e-01
6.788766980171203613e-01
7.008547186851501465e-01
6.727716922760009766e-01
6.959707140922546387e-01
6.898657083511352539e-01
6.727716922760009766e-01
6.996337175369262695e-01
