1.075268816202878952e-02
1.564027369022369385e-02
1.857282593846321106e-02
1.564027369022369385e-02
1.564027369022369385e-02
1.857282407581806183e-02
1.759530790150165558e-02
1.564027369022369385e-02
1.466275658458471298e-02
1.173020526766777039e-02
1.955034211277961731e-02
1.955034211277961731e-02
1.857282593846321106e-02
1.857282593846321106e-02
1.270772237330675125e-02
1.661778986454010010e-02
2.346041053533554077e-02
1.173020526766777039e-02
1.270772237330675125e-02
1.564027369022369385e-02
6.842619739472866058e-03
1.368523947894573212e-02
1.759530790150165558e-02
2.150537818670272827e-02
1.368523947894573212e-02
1.466275658458471298e-02
1.759530790150165558e-02
1.173020526766777039e-02
1.368523947894573212e-02
1.759530790150165558e-02
1.857282593846321106e-02
1.564027369022369385e-02
1.466275658458471298e-02
1.857282593846321106e-02
2.052785828709602356e-02
1.270772237330675125e-02
2.052785828709602356e-02
1.466275658458471298e-02
1.368523947894573212e-02
1.857282593846321106e-02
7.820136845111846924e-03
1.564027369022369385e-02
1.759530790150165558e-02
1.661778986454010010e-02
1.173020526766777039e-02
1.564027369022369385e-02
1.270772237330675125e-02
2.150537446141242981e-02
1.661778986454010010e-02
1.368523947894573212e-02
1.466275658458471298e-02
1.368523947894573212e-02
2.248289436101913452e-02
1.075268816202878952e-02
1.857282593846321106e-02
1.759530790150165558e-02
9.775171056389808655e-03
1.564027369022369385e-02
9.775171056389808655e-03
2.443793043494224548e-02
2.052785828709602356e-02
1.759530790150165558e-02
1.857282593846321106e-02
1.661778986454010010e-02
1.466275658458471298e-02
1.857282407581806183e-02
1.173020526766777039e-02
1.173020526766777039e-02
1.368523947894573212e-02
1.564027369022369385e-02
2.346041053533554077e-02
2.150537632405757904e-02
2.052785828709602356e-02
1.075268816202878952e-02
1.270772237330675125e-02
1.564027369022369385e-02
1.661778986454010010e-02
1.075268816202878952e-02
1.466275658458471298e-02
1.857282593846321106e-02
2.052786014974117279e-02
1.661778986454010010e-02
1.759530790150165558e-02
1.075268816202878952e-02
1.564027369022369385e-02
1.368523947894573212e-02
1.466275658458471298e-02
1.564027369022369385e-02
2.346041053533554077e-02
2.052785828709602356e-02
1.466275658458471298e-02
1.270772237330675125e-02
1.564027369022369385e-02
1.466275658458471298e-02
1.564027369022369385e-02
1.857282593846321106e-02
1.857282593846321106e-02
1.564027369022369385e-02
1.955034211277961731e-02
1.466275658458471298e-02
1.368523947894573212e-02
1.368523947894573212e-02
1.564027369022369385e-02
1.661778986454010010e-02
1.661778986454010010e-02
2.150537632405757904e-02
2.541544474661350250e-02
1.368523947894573212e-02
1.270772237330675125e-02
1.759530603885650635e-02
1.270772237330675125e-02
1.270772237330675125e-02
1.368523947894573212e-02
1.564027369022369385e-02
2.248289436101913452e-02
1.661778986454010010e-02
1.661778986454010010e-02
1.466275658458471298e-02
1.466275658458471298e-02
1.368523947894573212e-02
1.466275658458471298e-02
1.564027369022369385e-02
1.955034211277961731e-02
1.075268816202878952e-02
1.661778986454010010e-02
1.759530790150165558e-02
1.661778986454010010e-02
1.661778986454010010e-02
9.775171056389808655e-03
1.270772237330675125e-02
1.759530790150165558e-02
1.661778986454010010e-02
1.759530790150165558e-02
1.466275658458471298e-02
1.270772237330675125e-02
1.759530790150165558e-02
2.248289063572883606e-02
1.759530790150165558e-02
2.346041053533554077e-02
1.759530790150165558e-02
1.759530790150165558e-02
2.443792670965194702e-02
1.955034211277961731e-02
2.639296278357505798e-02
3.323557972908020020e-02
2.737047895789146423e-02
4.398826882243156433e-02
5.083088949322700500e-02
7.038123160600662231e-02
7.038123905658721924e-02
7.722384482622146606e-02
9.481915831565856934e-02
9.677418321371078491e-02
1.036168113350868225e-01
1.270772218704223633e-01
1.368523836135864258e-01
1.241446733474731445e-01
1.417399793863296509e-01
1.593352854251861572e-01
1.622678637504577637e-01
2.033235579729080200e-01
2.150537520647048950e-01
1.925708800554275513e-01
2.238514125347137451e-01
2.238514125347137451e-01
2.277614921331405640e-01
2.551319599151611328e-01
2.473118305206298828e-01
2.512218952178955078e-01
2.766373455524444580e-01
2.815249264240264893e-01
2.737047672271728516e-01
2.893450260162353516e-01
2.922776043415069580e-01
3.304007351398468018e-01
3.000977337360382080e-01
3.186705410480499268e-01
3.352883458137512207e-01
3.421309888362884521e-01
3.362658321857452393e-01
3.665689229965209961e-01
3.636363744735717773e-01
3.626588582992553711e-01
3.900293707847595215e-01
3.743890523910522461e-01
3.978494703769683838e-01
3.900293111801147461e-01
3.998044729232788086e-01
3.919844031333923340e-01
4.046921133995056152e-01
4.183773398399353027e-01
4.213098883628845215e-01
4.281525313854217529e-01
4.389051795005798340e-01
4.173998236656188965e-01
4.457478523254394531e-01
4.477028846740722656e-01
4.574780464172363281e-01
4.457478225231170654e-01
4.584555327892303467e-01
