2.686202898621559143e-02
1.465201471000909805e-02
1.098901219666004181e-02
1.221001241356134415e-02
2.075702138245105743e-02
1.343101449310779572e-02
2.197802253067493439e-02
2.197802253067493439e-02
1.221001241356134415e-02
1.098901126533746719e-02
1.465201564133167267e-02
2.930403128266334534e-02
2.197802253067493439e-02
2.197802253067493439e-02
2.442002482712268829e-02
3.052503243088722229e-02
3.907204046845436096e-02
2.686202712357044220e-02
3.296703472733497620e-02
5.616605654358863831e-02
5.616606026887893677e-02
6.471306830644607544e-02
7.448107749223709106e-02
7.203907519578933716e-02
9.279609471559524536e-02
1.037851125001907349e-01
1.111111193895339966e-01
1.282051354646682739e-01
1.465201526880264282e-01
1.330891400575637817e-01
1.623931676149368286e-01
1.672771722078323364e-01
1.648351699113845825e-01
1.758241802453994751e-01
2.161172181367874146e-01
2.258852422237396240e-01
2.466422617435455322e-01
2.368742376565933228e-01
2.576312720775604248e-01
2.710622847080230713e-01
2.991453111171722412e-01
2.979243099689483643e-01
3.150183260440826416e-01
3.052503168582916260e-01
3.247863352298736572e-01
3.638583719730377197e-01
3.601953685283660889e-01
3.601953685283660889e-01
3.809524178504943848e-01
4.175824224948883057e-01
4.249084293842315674e-01
4.285714328289031982e-01
4.065934419631958008e-01
4.212454259395599365e-01
4.139194190502166748e-01
4.334554672241210938e-01
4.517704844474792480e-01
4.554334878921508789e-01
4.639804959297180176e-01
4.603174924850463867e-01
4.542124569416046143e-01
4.664224982261657715e-01
5.079365372657775879e-01
4.859585165977478027e-01
5.140415430068969727e-01
5.140415430068969727e-01
5.409035682678222656e-01
5.225885510444641113e-01
5.311355590820312500e-01
5.238095521926879883e-01
5.372405648231506348e-01
5.494505763053894043e-01
5.409035682678222656e-01
5.531135797500610352e-01
5.372405648231506348e-01
5.372405648231506348e-01
5.592185854911804199e-01
5.689865946769714355e-01
5.787546038627624512e-01
5.714285969734191895e-01
5.677655935287475586e-01
6.019536256790161133e-01
5.763126015663146973e-01
5.775336027145385742e-01
5.921856164932250977e-01
6.007326245307922363e-01
5.653235912322998047e-01
6.300366520881652832e-01
5.836386084556579590e-01
6.031746268272399902e-01
6.092796325683593750e-01
6.263736486434936523e-01
6.007326245307922363e-01
6.080586314201354980e-01
6.043956279754638672e-01
6.105006337165832520e-01
6.153846383094787598e-01
6.251526474952697754e-01
6.153846383094787598e-01
6.080586314201354980e-01
6.312576532363891602e-01
6.483516693115234375e-01
6.312576532363891602e-01
6.300366520881652832e-01
6.434676647186279297e-01
6.495726704597473145e-01
6.520146727561950684e-01
6.422466635704040527e-01
6.581196784973144531e-01
6.312576532363891602e-01
6.312576532363891602e-01
6.263736486434936523e-01
6.385836601257324219e-01
6.275946497917175293e-01
6.373626589775085449e-01
6.507936716079711914e-01
6.556776762008666992e-01
6.715506911277770996e-01
6.398046612739562988e-01
6.324786543846130371e-01
6.507936716079711914e-01
6.532356739044189453e-01
6.556776762008666992e-01
6.556776762008666992e-01
6.886447072029113770e-01
6.507936716079711914e-01
6.654456853866577148e-01
6.630036830902099609e-01
6.715506911277770996e-01
6.507936716079711914e-01
6.800976991653442383e-01
6.800976991653442383e-01
6.617826819419860840e-01
6.532356739044189453e-01
6.727716922760009766e-01
6.703296899795532227e-01
6.703296899795532227e-01
6.837607026100158691e-01
6.703296899795532227e-01
6.752136945724487305e-01
6.715506911277770996e-01
6.874237060546875000e-01
6.813187003135681152e-01
6.862027049064636230e-01
6.727716922760009766e-01
6.886447072029113770e-01
6.837607026100158691e-01
6.837607026100158691e-01
6.825397014617919922e-01
6.923077106475830078e-01
6.959707140922546387e-01
6.849817037582397461e-01
6.898657083511352539e-01
6.935287117958068848e-01
6.788766980171203613e-01
6.910867094993591309e-01
6.825397014617919922e-01
6.862027049064636230e-01
7.069597244262695312e-01
6.959707140922546387e-01
7.130647301673889160e-01
6.996337175369262695e-01
7.167277336120605469e-01
6.935287117958068848e-01
7.032967209815979004e-01
7.069597244262695312e-01
7.081807255744934082e-01
6.617826819419860840e-01
7.203907370567321777e-01
7.020757198333740234e-01
6.996337175369262695e-01
7.191697359085083008e-01
6.898657083511352539e-01
7.118437290191650391e-01
6.849817037582397461e-01
7.032967209815979004e-01
7.032967209815979004e-01
7.057387232780456543e-01
7.240537405014038086e-01
6.996337175369262695e-01
7.118437290191650391e-01
6.959707140922546387e-01
7.203907370567321777e-01
7.289377450942993164e-01
7.106227278709411621e-01
7.130647301673889160e-01
7.118437290191650391e-01
7.142857313156127930e-01
7.094017267227172852e-01
7.179487347602844238e-01
7.240537405014038086e-01
7.130647301673889160e-01
7.094017267227172852e-01
7.228327393531799316e-01
7.203907370567321777e-01
7.252747416496276855e-01
7.289377450942993164e-01
7.203907370567321777e-01
7.179487347602844238e-01
7.216117382049560547e-01
