1.703148365020751953e+00
3.296934604644775391e+00
4.875068187713623047e+00
6.484463214874267578e+00
8.093861103057861328e+00
9.703270912170410156e+00
1.128140330314636230e+01
1.284392571449279785e+01
1.442208552360534668e+01
1.600021815299987793e+01
1.760962820053100586e+01
1.920338559150695801e+01
2.079717063903808594e+01
2.235967969894409180e+01
2.398470187187194824e+01
2.557848548889160156e+01
2.715661907196044922e+01
2.873476576805114746e+01
3.031291294097900391e+01
3.193793416023254395e+01
3.354734396934509277e+01
3.514111781120300293e+01
3.675051236152648926e+01
3.832864642143249512e+01
3.990680694580078125e+01
4.150056433677673340e+01
4.317246341705322266e+01
4.475060796737670898e+01
4.631313109397888184e+01
4.790691471099853516e+01
4.953192424774169922e+01
5.111006975173950195e+01
5.271947884559631348e+01
5.432886481285095215e+01
5.589138436317443848e+01
5.750079417228698730e+01
5.909455323219299316e+01
6.068833875656127930e+01
6.231334662437438965e+01
6.392274332046508789e+01
6.553214097023010254e+01
6.715716266632080078e+01
6.875094819068908691e+01
7.032909417152404785e+01
7.192286658287048340e+01
7.348537373542785645e+01
7.507915830612182617e+01
7.665729165077209473e+01
7.825106477737426758e+01
7.984483456611633301e+01
8.143860650062561035e+01
8.303237819671630859e+01
8.461052513122558594e+01
8.618868517875671387e+01
8.781369280815124512e+01
8.940746545791625977e+01
9.101687502861022949e+01
9.262627267837524414e+01
9.422002983093261719e+01
9.578255200386047363e+01
9.739194750785827637e+01
9.901698398590087891e+01
1.006107556819915771e+02
1.022045269012451172e+02
1.038139100074768066e+02
1.054233074188232422e+02
1.070327184200286865e+02
1.086264886856079102e+02
1.102202475070953369e+02
1.118296446800231934e+02
1.134390420913696289e+02
1.150484387874603271e+02
1.166265857219696045e+02
1.182203562259674072e+02
1.198610031604766846e+02
1.215172760486602783e+02
1.231110606193542480e+02
1.247360694408416748e+02
1.263298556804656982e+02
1.279236137866973877e+02
1.295330240726470947e+02
1.311424078941345215e+02
1.327518169879913330e+02
1.343612143993377686e+02
1.359549720287322998e+02
1.375800075531005859e+02
1.391737790107727051e+02
1.408456635475158691e+02
1.425644373893737793e+02
1.441894595623016357e+02
1.457832310199737549e+02
1.474082522392272949e+02
1.490176622867584229e+02
1.506114213466644287e+02
1.522052059173583984e+02
1.537833528518676758e+02
1.553927364349365234e+02
1.569865229129791260e+02
1.586427803039550781e+02
1.602521777153015137e+02
1.618459491729736328e+02
1.634709720611572266e+02
1.650647425651550293e+02
1.666741530895233154e+02
1.682991757392883301e+02
1.699085583686828613e+02
1.715179555416107178e+02
1.731429777145385742e+02
1.747523741722106934e+02
1.763305211067199707e+02
1.779555432796478271e+02
1.795805656909942627e+02
1.811899740695953369e+02
1.827837331295013428e+02
1.844087548255920410e+02
1.860181527137756348e+02
1.876275486946105957e+02
1.892056958675384521e+02
1.908150944709777832e+02
1.924557535648345947e+02
1.940651493072509766e+02
1.956745333671569824e+02
1.972683186531066895e+02
1.988777153491973877e+02
2.005027427673339844e+02
2.021121206283569336e+02
2.037058937549591064e+02
2.053309147357940674e+02
2.069246857166290283e+02
2.086747100353240967e+02
2.102528567314147949e+02
2.118622534275054932e+02
2.134872760772705078e+02
2.150810465812683105e+02
2.166904432773590088e+02
2.183311040401458740e+02
2.199561135768890381e+02
2.215498852729797363e+02
2.231905322074890137e+02
2.247843184471130371e+02
2.263937013149261475e+02
2.280031111240386963e+02
2.296281342506408691e+02
2.314093937873840332e+02
2.330344152450561523e+02
2.346438126564025879e+02
2.362532107830047607e+02
2.380969841480255127e+02
2.397376449108123779e+02
2.413782787322998047e+02
2.430189266204833984e+02
2.446283240318298340e+02
2.462689714431762695e+02
2.479096310138702393e+02
2.495190150737762451e+02
2.511284251213073730e+02
2.527690589427947998e+02
2.543784561157226562e+02
2.560034780502319336e+02
2.576285138130187988e+02
2.592379283905029297e+02
2.608785569667816162e+02
2.624723308086395264e+02
2.641285881996154785e+02
2.657536113262176514e+02
2.673630073070526123e+02
2.690036544799804688e+02
2.706130647659301758e+02
2.722224478721618652e+02
2.738318450450897217e+02
2.754724919795989990e+02
2.771131398677825928e+02
2.787225365638732910e+02
2.803475596904754639e+02
2.819569568634033203e+02
2.835976033210754395e+02
2.852382495403289795e+02
2.868788979053497314e+02
2.885039193630218506e+02
2.901758170127868652e+02
2.917852156162261963e+02
2.934102368354797363e+02
2.950508964061737061e+02
2.966759195327758789e+02
2.983165531158447266e+02
2.999415755271911621e+02
3.015353596210479736e+02
3.031447436809539795e+02
3.047541401386260986e+02
3.064104259014129639e+02
3.080198104381561279e+02
3.096604568958282471e+02
3.113011045455932617e+02
3.129105145931243896e+02
3.145198986530303955e+02
3.161292946338653564e+02
3.177699754238128662e+02
3.193949778079986572e+02
3.210199985504150391e+02
3.226293957233428955e+02
