4.260434627532958984e+00
7.541320323944091797e+00
1.053794479370117188e+01
1.384227824211120605e+01
1.737909746170043945e+01
2.038177919387817383e+01
2.379740238189697266e+01
2.683299064636230469e+01
2.979995965957641602e+01
3.273446941375732422e+01
3.574141669273376465e+01
3.941886115074157715e+01
4.259411883354187012e+01
4.592348766326904297e+01
4.893162703514099121e+01
5.218244004249572754e+01
5.566591811180114746e+01
5.873810410499572754e+01
6.171822237968444824e+01
6.466031503677368164e+01
6.758489584922790527e+01
7.048846101760864258e+01
7.340603613853454590e+01
7.641717815399169922e+01
7.933625411987304688e+01
8.229085588455200195e+01
8.536455225944519043e+01
8.834166932106018066e+01
9.125874400138854980e+01
9.414229607582092285e+01
9.715844058990478516e+01
1.001300554275512695e+02
1.035484867095947266e+02
1.066722085475921631e+02
1.096923570632934570e+02
1.126674726009368896e+02
1.156580996513366699e+02
1.185431530475616455e+02
1.214977533817291260e+02
1.249452064037322998e+02
1.278487715721130371e+02
1.308303921222686768e+02
1.341477515697479248e+02
1.375791931152343750e+02
1.410381526947021484e+02
1.440247781276702881e+02
1.474542176723480225e+02
1.510382659435272217e+02
1.544416866302490234e+02
1.580982882976531982e+02
1.616207938194274902e+02
1.651803255081176758e+02
1.688129098415374756e+02
1.719536435604095459e+02
1.754416251182556152e+02
1.790802137851715088e+02
1.828378865718841553e+02
1.866000630855560303e+02
1.900274996757507324e+02
1.935289907455444336e+02
1.965916690826416016e+02
1.995127606391906738e+02
2.024593424797058105e+02
2.055230226516723633e+02
2.092837979793548584e+02
2.129814291000366211e+02
2.167951416969299316e+02
2.198207931518554688e+02
2.231466586589813232e+02
2.266311371326446533e+02
2.303437790870666504e+02
2.343706431388854980e+02
2.380097534656524658e+02
2.415943036079406738e+02
2.451889338493347168e+02
2.481450359821319580e+02
2.511036405563354492e+02
2.542283635139465332e+02
2.579009757041931152e+02
2.615065407752990723e+02
2.650145354270935059e+02
2.684019448757171631e+02
2.717173178195953369e+02
2.748960649967193604e+02
2.783350110054016113e+02
2.814267573356628418e+02
2.844504077434539795e+02
2.873899989128112793e+02
2.905977802276611328e+02
2.936919813156127930e+02
2.969227788448333740e+02
3.000945353507995605e+02
3.032292652130126953e+02
3.064470591545104980e+02
3.097701261043548584e+02
3.127967789173126221e+02
3.158869764804840088e+02
3.189886829853057861e+02
3.220053288936614990e+02
3.250700092315673828e+02
3.283833661079406738e+02
3.314515500068664551e+02
3.345707664489746094e+02
3.375248675346374512e+02
3.405530223846435547e+02
3.436152005195617676e+02
3.468650279045104980e+02
3.502089054584503174e+02
3.536860430240631104e+02
3.571167862415313721e+02
3.605410528182983398e+02
3.658281917572021484e+02
3.722087302207946777e+02
3.783060154914855957e+02
3.843816761970520020e+02
3.898840889930725098e+02
3.950432596206665039e+02
3.990320963859558105e+02
4.028092875480651855e+02
4.063072760105133057e+02
4.093434357643127441e+02
4.123941061496734619e+02
4.155313372611999512e+02
4.187382998466491699e+02
4.217341778278350830e+02
4.246937832832336426e+02
4.276683995723724365e+02
4.306017718315124512e+02
4.334973318576812744e+02
4.365224835872650146e+02
4.404462754726409912e+02
4.436175298690795898e+02
4.473651959896087646e+02
4.509337334632873535e+02
4.538888361454010010e+02
4.568957495689392090e+02
4.600139672756195068e+02
4.632542722225189209e+02
4.662404136657714844e+02
4.692875638008117676e+02
4.723477411270141602e+02
4.755365090370178223e+02
4.785561573505401611e+02
4.818510010242462158e+02
4.849997398853302002e+02
4.882020180225372314e+02
4.913147323131561279e+02
4.947346646785736084e+02
4.980315096378326416e+02
5.015760309696197510e+02
5.094651427268981934e+02
5.174082932472229004e+02
5.252373001575469971e+02
5.328021824359893799e+02
5.403060188293457031e+02
5.474621090888977051e+02
5.520493719577789307e+02
5.550004708766937256e+02
5.580981745719909668e+02
5.611568500995635986e+02
5.642565555572509766e+02
5.674233074188232422e+02
5.705655429363250732e+02
5.735646765232086182e+02
5.771227073669433594e+02
5.802584376335144043e+02
5.832575709819793701e+02
5.868161022663116455e+02
5.898037269115447998e+02
5.927738394737243652e+02
5.956333737373352051e+02
5.985904772281646729e+02
6.014485101699829102e+02
6.044931764602661133e+02
6.079201133251190186e+02
6.112119548320770264e+02
6.143611953258514404e+02
6.178346660137176514e+02
6.210114357471466064e+02
6.243463075160980225e+02
6.276301438808441162e+02
6.306232721805572510e+02
6.337950286865234375e+02
6.368977358341217041e+02
6.403156676292419434e+02
6.435394597053527832e+02
6.466922030448913574e+02
6.496838302612304688e+02
6.526899690628051758e+02
6.556000382900238037e+02
6.586717238426208496e+02
6.619845798015594482e+02
6.648541574478149414e+02
6.676991810798645020e+02
6.705822319984436035e+02
6.735738608837127686e+02
6.766180262565612793e+02
6.798037917613983154e+02
6.830803723335266113e+02
6.864396033287048340e+02
