1.781269550323486328e+00
3.421920299530029297e+00
5.062566757202148438e+00
6.703211545944213867e+00
8.343858718872070312e+00
1.000013303756713867e+01
1.164076519012451172e+01
1.328141307830810547e+01
1.490643548965454102e+01
1.656272196769714355e+01
1.820336794853210449e+01
1.982839083671569824e+01
2.148464989662170410e+01
2.312529659271240234e+01
2.476595783233642578e+01
2.640659236907958984e+01
2.806286430358886719e+01
2.973476123809814453e+01
3.139104747772216797e+01
3.301606869697570801e+01
3.464107894897460938e+01
3.631297922134399414e+01
3.795362329483032227e+01
3.957865834236145020e+01
4.120366859436035156e+01
4.289120507240295410e+01
4.457872557640075684e+01
4.621937513351440430e+01
4.787563419342041016e+01
4.953191876411437988e+01
5.121944117546081543e+01
5.284445142745971680e+01
5.448511219024658203e+01
5.621949648857116699e+01
5.787576961517333984e+01
5.954768061637878418e+01
6.120395183563232422e+01
6.282897520065307617e+01
6.446960806846618652e+01
6.612588095664978027e+01
6.776652860641479492e+01
6.942281460762023926e+01
7.112594866752624512e+01
7.275097012519836426e+01
7.440724301338195801e+01
7.601664042472839355e+01
7.764166283607482910e+01
7.926668405532836914e+01
8.090733122825622559e+01
8.254799318313598633e+01
8.418863940238952637e+01
8.586052489280700684e+01
8.754804611206054688e+01
8.920433211326599121e+01
9.082935619354248047e+01
9.247000217437744141e+01
9.414189958572387695e+01
9.579815936088562012e+01
9.745443201065063477e+01
9.909507846832275391e+01
1.007513654232025146e+02
1.024076373577117920e+02
1.040482704639434814e+02
1.056889176368713379e+02
1.073764417171478271e+02
1.090171020030975342e+02
1.106889860630035400e+02
1.123452589511871338e+02
1.139702959060668945e+02
1.155953166484832764e+02
1.172828385829925537e+02
1.189234724044799805e+02
1.205797591209411621e+02
1.222204062938690186e+02
1.238766648769378662e+02
1.255329511165618896e+02
1.271892113685607910e+02
1.288767459392547607e+02
1.305173950195312500e+02
1.321580410003662109e+02
1.338143138885498047e+02
1.354549622535705566e+02
1.371112196445465088e+02
1.387831177711486816e+02
1.404394066333770752e+02
1.420956773757934570e+02
1.437519488334655762e+02
1.454082212448120117e+02
1.470801186561584473e+02
1.487207531929016113e+02
1.503614015579223633e+02
1.520489230155944824e+02
1.536895699501037598e+02
1.554239706993103027e+02
1.570802557468414307e+02
1.587521519660949707e+02
1.604084258079528809e+02
1.620490598678588867e+02
1.636897072792053223e+02
1.653459782600402832e+02
1.670178759098052979e+02
1.686897878646850586e+02
1.703616721630096436e+02
1.720335693359375000e+02
1.736898419857025146e+02
1.753461294174194336e+02
1.769867618083953857e+02
1.786742980480194092e+02
1.803149464130401611e+02
1.819868440628051758e+02
1.836587405204772949e+02
1.853618879318237305e+02
1.870181672573089600e+02
1.886744217872619629e+02
1.903619575500488281e+02
1.920025908946990967e+02
1.937526140213012695e+02
1.953932757377624512e+02
1.971589102745056152e+02
1.988308100700378418e+02
2.004870946407318115e+02
2.021433532238006592e+02
2.037996270656585693e+02
2.054559140205383301e+02
2.071121714115142822e+02
2.087840690612792969e+02
2.104247303009033203e+02
2.121122388839721680e+02
2.137997612953186035e+02
2.154404222965240479e+02
2.170966954231262207e+02
2.188467195034027100e+02
2.205186033248901367e+02
2.222373905181884766e+02
2.238936491012573242e+02
2.255655603408813477e+02
2.272218351364135742e+02
2.288624675273895264e+02
2.305500025749206543e+02
2.322375142574310303e+02
2.338937864303588867e+02
2.355969462394714355e+02
2.372532064914703369e+02
2.389251034259796143e+02
2.406438770294189453e+02
2.423157889842987061e+02
2.439876856803894043e+02
2.456439447402954102e+02
2.473158421516418457e+02
2.489877405166625977e+02
2.506440126895904541e+02
2.523471601009368896e+02
2.540034472942352295e+02
2.556753308773040771e+02
2.573472292423248291e+02
2.590035016536712646e+02
2.606597750186920166e+02
2.623629345893859863e+02
2.640660715103149414e+02
2.657848570346832275e+02
2.675036168098449707e+02
2.692067642211914062e+02
2.708786780834197998e+02
2.725818099975585938e+02
2.742537219524383545e+02
2.759099941253662109e+02
2.775818779468536377e+02
2.792225391864776611e+02
2.808944230079650879e+02
2.825975842475891113e+02
2.842538444995880127e+02
2.859413816928863525e+02
2.875976390838623047e+02
2.892851631641387939e+02
2.909570617675781250e+02
2.926133465766906738e+02
2.943008689880371094e+02
2.959883913993835449e+02
2.976602907180786133e+02
2.993478126525878906e+02
3.010353221893310547e+02
3.027072193622589111e+02
3.044103810787200928e+02
3.060978906154632568e+02
3.078166775703430176e+02
3.094729371070861816e+02
3.111604726314544678e+02
3.128479826450347900e+02
3.144886441230773926e+02
3.161605408191680908e+02
3.178324258327484131e+02
3.195199847221374512e+02
3.212387351989746094e+02
3.229106323719024658e+02
3.245981564521789551e+02
3.262544286251068115e+02
3.279419515132904053e+02
3.295982108116149902e+02
3.313169836997985840e+02
3.329888961315155029e+02
