1.921899795532226562e+00
3.718797922134399414e+00
5.500072717666625977e+00
7.296972036361694336e+00
9.062635660171508789e+00
1.081264543533325195e+01
1.260954427719116211e+01
1.443769478797912598e+01
1.626585865020751953e+01
1.812330269813537598e+01
1.996706342697143555e+01
2.177960300445556641e+01
2.357648801803588867e+01
2.540463757514953613e+01
2.718591213226318359e+01
2.895156002044677734e+01
3.073283433914184570e+01
3.251410865783691406e+01
3.429539847373962402e+01
3.592040419578552246e+01
3.749855113029479980e+01
3.907671117782592773e+01
4.067046976089477539e+01
4.223299026489257812e+01
4.382677555084228516e+01
4.543615913391113281e+01
4.695181822776794434e+01
4.852995133399963379e+01
5.007684707641601562e+01
5.162374258041381836e+01
5.317063903808593750e+01
5.471754741668701172e+01
5.629569482803344727e+01
5.788946700096130371e+01
5.943636274337768555e+01
6.096763348579406738e+01
6.253014159202575684e+01
6.409266209602355957e+01
6.563957452774047852e+01
6.720209336280822754e+01
6.876460075378417969e+01
7.034276056289672852e+01
7.192090773582458496e+01
7.346780323982238770e+01
7.503032398223876953e+01
7.665533375740051270e+01
7.845223307609558105e+01
8.004601812362670898e+01
8.162415075302124023e+01
8.321792221069335938e+01
8.479608178138732910e+01
8.634297752380371094e+01
8.792111206054687500e+01
8.949927091598510742e+01
9.107740426063537598e+01
9.263992476463317871e+01
9.424932312965393066e+01
9.582748246192932129e+01
9.735875368118286133e+01
9.892127370834350586e+01
1.004837820529937744e+02
1.020619418621063232e+02
1.036244492530822754e+02
1.051713461875915527e+02
1.067495074272155762e+02
1.083588891029357910e+02
1.098901605606079102e+02
1.115308206081390381e+02
1.130933406352996826e+02
1.146558630466461182e+02
1.162183849811553955e+02
1.177965297698974609e+02
1.193590521812438965e+02
1.209059476852416992e+02
1.224528434276580811e+02
1.240466156005859375e+02
1.256091227531433105e+02
1.271872830390930176e+02
1.287498047351837158e+02
1.303123130798339844e+02
1.319060845375061035e+02
1.334529926776885986e+02
1.350311384201049805e+02
1.365780227184295654e+02
1.381717934608459473e+02
1.397499530315399170e+02
1.413124761581420898e+02
1.428749961853027344e+02
1.444375181198120117e+02
1.460312771797180176e+02
1.476094362735748291e+02
1.491719577312469482e+02
1.507501029968261719e+02
1.523282365798950195e+02
1.539063823223114014e+02
1.554979720115661621e+02
1.570448818206787109e+02
1.586074023246765137e+02
1.601855487823486328e+02
1.617793223857879639e+02
1.633574533462524414e+02
1.649043636322021484e+02
1.664825108051300049e+02
1.680293915271759033e+02
1.695919141769409180e+02
1.711544349193572998e+02
1.727013309001922607e+02
1.742794778347015381e+02
1.758576374053955078e+02
1.774514088630676270e+02
1.789983043670654297e+02
1.805608253479003906e+02
1.821233472824096680e+02
1.837014949321746826e+02
1.852796268463134766e+02
1.868421490192413330e+02
1.884202942848205566e+02
1.900140790939331055e+02
1.915453495979309082e+02
1.931391222476959229e+02
1.947016301155090332e+02
1.962797892093658447e+02
1.978422966003417969e+02
1.994360690116882324e+02
2.009829781055450439e+02
2.026079893112182617e+02
2.046392676830291748e+02
2.063424143791198730e+02
2.079361848831176758e+02
2.097643351554870605e+02
2.115768582820892334e+02
2.131862554550170898e+02
2.147644152641296387e+02
2.163269238471984863e+02
2.179050836563110352e+02
2.194832162857055664e+02
2.210457372665405273e+02
2.226082589626312256e+02
2.241864190101623535e+02
2.257489395141601562e+02
2.273270950317382812e+02
2.288896062374114990e+02
2.304521284103393555e+02
2.320302753448486328e+02
2.336084072589874268e+02
2.351709301471710205e+02
2.367647135257720947e+02
2.383272352218627930e+02
2.399210066795349121e+02
2.415147802829742432e+02
2.430929248332977295e+02
2.446710586547851562e+02
2.462804546356201172e+02
2.478586022853851318e+02
2.494211225509643555e+02
2.509992721080780029e+02
2.525617902278900146e+02
2.541243259906768799e+02
2.557024583816528320e+02
2.572962293624877930e+02
2.589681415557861328e+02
2.605462739467620850e+02
2.621400456428527832e+02
2.637181932926177979e+02
2.652963383197784424e+02
2.669682512283325195e+02
2.685463833808898926e+02
2.701245431900024414e+02
2.717183144092559814e+02
2.733433377742767334e+02
2.749371070861816406e+02
2.765308806896209717e+02
2.781090257167816162e+02
2.796871609687805176e+02
2.812809309959411621e+02
2.828590769767761230e+02
2.844528484344482422e+02
2.860309951305389404e+02
2.876091420650482178e+02
2.892029147148132324e+02
2.908279347419738770e+02
2.924217195510864258e+02
2.940311181545257568e+02
2.956248762607574463e+02
2.972342858314514160e+02
2.987968072891235352e+02
3.003905653953552246e+02
3.019687247276306152e+02
3.035624964237213135e+02
3.051406447887420654e+02
3.067187898159027100e+02
3.083125598430633545e+02
3.098750696182250977e+02
3.114532155990600586e+02
3.130626118183135986e+02
3.146720092296600342e+02
3.162501568794250488e+02
3.178595542907714844e+02
3.194689502716064453e+02
3.210471086502075195e+02
