1.576354727149009705e-02
2.068965509533882141e-02
1.379310246556997299e-02
1.543514057993888855e-02
1.806239783763885498e-02
1.937602460384368896e-02
1.970443315804004669e-02
2.036124654114246368e-02
1.707717590034008026e-02
1.773398928344249725e-02
1.674876734614372253e-02
1.839080452919006348e-02
1.970443502068519592e-02
1.806239597499370575e-02
2.003284171223640442e-02
1.707717590034008026e-02
1.346469577401876450e-02
1.806239783763885498e-02
1.970443315804004669e-02
1.904761977493762970e-02
1.904761977493762970e-02
1.937602646648883820e-02
2.200328186154365540e-02
2.036124654114246368e-02
1.543513871729373932e-02
2.068965509533882141e-02
2.988505922257900238e-02
3.152709454298019409e-02
3.152709454298019409e-02
3.875205293297767639e-02
5.320197343826293945e-02
5.845648795366287231e-02
6.830870360136032104e-02
6.699507683515548706e-02
8.407224714756011963e-02
9.129720926284790039e-02
1.139573007822036743e-01
1.172413825988769531e-01
1.188834160566329956e-01
1.336617469787597656e-01
1.484400629997253418e-01
1.711001694202423096e-01
1.865353286266326904e-01
2.022988498210906982e-01
2.331691384315490723e-01
2.344827502965927124e-01
2.446633726358413696e-01
2.683086991310119629e-01
2.755336761474609375e-01
2.995073795318603516e-01
3.041050732135772705e-01
3.192118108272552490e-01
3.221674859523773193e-01
3.385878205299377441e-01
3.477832376956939697e-01
3.592774868011474609e-01
3.651888370513916016e-01
3.747126460075378418e-01
3.770114779472351074e-01
3.842364549636840820e-01
3.980295360088348389e-01
3.977011144161224365e-01
4.032840430736541748e-01
4.216748774051666260e-01
4.315270483493804932e-01
4.187191724777221680e-01
4.259441494941711426e-01
4.495894610881805420e-01
4.403940141201019287e-01
4.466338157653808594e-01
4.528735578060150146e-01
4.600985050201416016e-01
4.486042261123657227e-01
4.676518440246582031e-01
4.738916158676147461e-01
4.637109637260437012e-01
4.656814336776733398e-01
4.903119802474975586e-01
4.788177013397216797e-01
4.866994619369506836e-01
4.873562753200531006e-01
4.906403422355651855e-01
5.083743333816528320e-01
5.211822390556335449e-01
5.050902962684631348e-01
5.087027549743652344e-01
5.146141052246093750e-01
4.962233006954193115e-01
5.277503728866577148e-01
5.238094925880432129e-01
5.231527090072631836e-01
5.244662761688232422e-01
5.507388114929199219e-01
5.257799625396728516e-01
5.448275804519653320e-01
5.405582189559936523e-01
5.402298569679260254e-01
5.559933781623840332e-01
5.379309654235839844e-01
5.343185067176818848e-01
5.444990992546081543e-01
5.405582189559936523e-01
5.346469283103942871e-01
5.513956546783447266e-01
5.678160786628723145e-01
5.638751387596130371e-01
5.691296458244323730e-01
5.651887655258178711e-01
5.740557909011840820e-01
5.625615715980529785e-01
5.665023922920227051e-01
5.783250331878662109e-01
5.622330904006958008e-01
5.655171275138854980e-01
5.822659730911254883e-01
5.786534547805786133e-01
5.977010726928710938e-01
5.779966711997985840e-01
5.931034088134765625e-01
5.894908905029296875e-01
5.885056853294372559e-01
5.894909501075744629e-01
5.809523463249206543e-01
5.957306623458862305e-01
5.996714830398559570e-01
6.029555201530456543e-01
5.937601923942565918e-01
5.973726511001586914e-01
5.960590839385986328e-01
6.075533032417297363e-01
5.898193120956420898e-01
6.095236539840698242e-01
5.934317708015441895e-01
6.052544713020324707e-01
5.980294942855834961e-01
6.108373999595642090e-01
6.137930154800415039e-01
6.068964600563049316e-01
6.256157159805297852e-01
6.095237731933593750e-01
6.121509671211242676e-01
6.187191605567932129e-01
6.036123633384704590e-01
6.141214370727539062e-01
6.210179924964904785e-01
6.338258981704711914e-01
6.239736676216125488e-01
6.213464140892028809e-01
6.305418610572814941e-01
6.203612089157104492e-01
6.200327277183532715e-01
6.308702230453491211e-01
6.285713911056518555e-01
6.269292831420898438e-01
6.292281746864318848e-01
6.246305108070373535e-01
6.348110437393188477e-01
6.325122714042663574e-01
6.318554282188415527e-01
6.305418014526367188e-01
6.423644423484802246e-01
6.308702230453491211e-01
6.482757329940795898e-01
6.344826221466064453e-01
6.348111033439636230e-01
6.387519240379333496e-01
6.334974169731140137e-01
6.394087672233581543e-01
6.417076587677001953e-01
6.397371888160705566e-01
6.449916362762451172e-01
6.528735160827636719e-01
6.348111033439636230e-01
6.545155048370361328e-01
6.331690549850463867e-01
6.436780691146850586e-01
6.466338038444519043e-01
6.469621658325195312e-01
6.476189494132995605e-01
6.430212259292602539e-01
6.535302996635437012e-01
6.528735160827636719e-01
6.476190090179443359e-01
6.436781287193298340e-01
6.518883109092712402e-01
6.604268550872802734e-01
6.525450944900512695e-01
6.555007696151733398e-01
6.482757329940795898e-01
6.495894193649291992e-01
6.630541086196899414e-01
6.610835790634155273e-01
6.623973250389099121e-01
6.627257466316223145e-01
6.630541086196899414e-01
6.604268550872802734e-01
6.528735160827636719e-01
6.656813025474548340e-01
6.610836386680603027e-01
6.633825302124023438e-01
