1.904761791229248047e-02
1.707717590034008026e-02
1.740558259189128876e-02
1.444991677999496460e-02
1.280788239091634750e-02
1.839080452919006348e-02
1.576354727149009705e-02
1.773398928344249725e-02
2.233169227838516235e-02
1.937602646648883820e-02
1.576354727149009705e-02
1.839080639183521271e-02
1.477832440286874771e-02
1.839080452919006348e-02
1.937602460384368896e-02
1.904761977493762970e-02
1.477832533419132233e-02
2.101806178689002991e-02
1.740558259189128876e-02
2.003283984959125519e-02
1.806239597499370575e-02
1.904761791229248047e-02
1.674876734614372253e-02
1.773398928344249725e-02
1.674876920878887177e-02
1.674876920878887177e-02
1.674876734614372253e-02
1.970443315804004669e-02
1.871921122074127197e-02
2.003283984959125519e-02
1.904761791229248047e-02
2.233169041574001312e-02
1.773398928344249725e-02
1.871921122074127197e-02
1.904761977493762970e-02
2.167487703263759613e-02
1.806239783763885498e-02
2.003283984959125519e-02
1.970443315804004669e-02
1.937602646648883820e-02
2.101806364953517914e-02
1.674876734614372253e-02
2.397372759878635406e-02
2.167487516999244690e-02
2.627257816493511200e-02
2.495894581079483032e-02
3.119868785142898560e-02
3.809523582458496094e-02
4.433497413992881775e-02
5.155993625521659851e-02
5.418718978762626648e-02
5.714285746216773987e-02
7.816091924905776978e-02
8.998356759548187256e-02
9.688013792037963867e-02
1.096880137920379639e-01
1.100164130330085754e-01
1.215106770396232605e-01
1.280788183212280273e-01
1.379310339689254761e-01
1.540229767560958862e-01
1.638752073049545288e-01
1.707717478275299072e-01
1.678160876035690308e-01
1.822660118341445923e-01
2.006568163633346558e-01
2.085386067628860474e-01
2.111658453941345215e-01
2.387520372867584229e-01
2.446633577346801758e-01
2.551724016666412354e-01
2.597700953483581543e-01
2.706075608730316162e-01
2.742200493812561035e-01
2.942528724670410156e-01
2.863710820674896240e-01
3.155993521213531494e-01
3.175697624683380127e-01
3.343185186386108398e-01
3.372741937637329102e-01
3.481116294860839844e-01
3.530377447605133057e-01
3.609195053577423096e-01
3.569786548614501953e-01
3.694581389427185059e-01
3.809523582458496094e-01
3.957306444644927979e-01
3.934318423271179199e-01
4.088670015335083008e-01
4.016419947147369385e-01
4.065681397914886475e-01
4.249589145183563232e-01
4.315270781517028809e-01
4.226600825786590576e-01
4.417077004909515381e-01
4.361247420310974121e-01
4.522166848182678223e-01
4.505746662616729736e-01
4.463053941726684570e-01
4.466337859630584717e-01
4.640393257141113281e-01
4.666666388511657715e-01
4.775041043758392334e-01
4.597700834274291992e-01
4.755336344242095947e-01
4.637109637260437012e-01
4.804597496986389160e-01
4.768472909927368164e-01
4.847290217876434326e-01
4.998357295989990234e-01
5.047619342803955078e-01
5.014777779579162598e-01
5.050902962684631348e-01
5.024630427360534668e-01
5.113300085067749023e-01
5.162561535835266113e-01
4.991789460182189941e-01
5.139572620391845703e-01
5.116584300994873047e-01
5.228242874145507812e-01
5.290639996528625488e-01
5.359604954719543457e-01
5.182265639305114746e-01
5.366173386573791504e-01
5.339900851249694824e-01
5.395730137825012207e-01
5.313628911972045898e-01
5.408866405487060547e-01
5.336617231369018555e-01
5.579638481140136719e-01
5.451559424400329590e-01
5.385878086090087891e-01
5.546797513961791992e-01
5.543513298034667969e-01
5.523809194564819336e-01
5.520524978637695312e-01
5.638751387596130371e-01
5.747126340866088867e-01
5.559933185577392578e-01
5.756977796554565430e-01
5.684728622436523438e-01
5.730705261230468750e-01
5.750409364700317383e-01
5.779966115951538086e-01
5.835795998573303223e-01
5.825943946838378906e-01
5.904761552810668945e-01
5.914613604545593262e-01
5.760262012481689453e-01
5.924465656280517578e-01
5.862068533897399902e-01
5.796386599540710449e-01
5.868636369705200195e-01
5.750409960746765137e-01
5.894908905029296875e-01
5.960590243339538574e-01
5.848931670188903809e-01
5.999999642372131348e-01
5.931034088134765625e-01
6.009851694107055664e-01
5.963874459266662598e-01
6.013135910034179688e-01
5.947453975677490234e-01
6.003283262252807617e-01
5.940886139869689941e-01
6.055828332901000977e-01
6.088669300079345703e-01
6.141214370727539062e-01
5.996714830398559570e-01
6.026271581649780273e-01
6.114941835403442383e-01
6.128078699111938477e-01
6.068964600563049316e-01
6.183907389640808105e-01
6.157634854316711426e-01
6.226600408554077148e-01
6.229884624481201172e-01
6.160919070243835449e-01
6.256157159805297852e-01
6.220031976699829102e-01
6.151066422462463379e-01
6.331689953804016113e-01
6.275861263275146484e-01
6.187191009521484375e-01
6.233168840408325195e-01
6.410507559776306152e-01
6.364531517028808594e-01
6.318554282188415527e-01
6.351394653320312500e-01
6.394087672233581543e-01
6.410507559776306152e-01
6.315270066261291504e-01
6.374383568763732910e-01
6.397371888160705566e-01
6.403940320014953613e-01
6.394087672233581543e-01
6.338258981704711914e-01
6.377667188644409180e-01
6.443349123001098633e-01
6.456484794616699219e-01
