1.904761977493762970e-02
1.674876734614372253e-02
1.642036065459251404e-02
1.543513964861631393e-02
2.101806364953517914e-02
2.233169041574001312e-02
1.740558072924613953e-02
1.674876920878887177e-02
1.773398928344249725e-02
1.609195210039615631e-02
1.642036065459251404e-02
1.773399114608764648e-02
1.970443129539489746e-02
1.477832626551389694e-02
1.740558259189128876e-02
1.510673202574253082e-02
1.674876734614372253e-02
1.740558259189128876e-02
1.642036065459251404e-02
1.346469670534133911e-02
1.510673295706510544e-02
1.871921308338642120e-02
1.937602460384368896e-02
1.674876734614372253e-02
2.101806178689002991e-02
1.576354727149009705e-02
2.036124840378761292e-02
1.543514057993888855e-02
2.036124840378761292e-02
3.251231461763381958e-02
2.758620865643024445e-02
3.579638525843620300e-02
3.513957187533378601e-02
4.006567969918251038e-02
5.057471245527267456e-02
5.812808126211166382e-02
6.896550953388214111e-02
8.111657947301864624e-02
8.801314234733581543e-02
9.852217137813568115e-02
1.133004873991012573e-01
1.159277483820915222e-01
1.353037804365158081e-01
1.425287425518035889e-01
1.546798050403594971e-01
1.756978631019592285e-01
1.977011561393737793e-01
2.151067256927490234e-01
2.229885160923004150e-01
2.357963621616363525e-01
2.469622194766998291e-01
2.597700953483581543e-01
2.870278954505920410e-01
2.975369691848754883e-01
2.972085177898406982e-01
3.077175617218017578e-01
3.169129490852355957e-01
3.313628733158111572e-01
3.379310369491577148e-01
3.474548161029815674e-01
3.619047701358795166e-01
3.592774868011474609e-01
3.701149225234985352e-01
3.868637084960937500e-01
3.963875472545623779e-01
3.967159390449523926e-01
4.016419947147369385e-01
4.111658334732055664e-01
4.134646654129028320e-01
4.203612208366394043e-01
4.229885041713714600e-01
4.341543018817901611e-01
4.334974884986877441e-01
4.426929056644439697e-01
4.469622373580932617e-01
4.637109339237213135e-01
4.600985050201416016e-01
4.676518738269805908e-01
4.715927243232727051e-01
4.656814336776733398e-01
4.857142865657806396e-01
4.794745147228240967e-01
4.857142269611358643e-01
4.840722084045410156e-01
4.883415400981903076e-01
4.945812523365020752e-01
5.004925727844238281e-01
5.067323446273803711e-01
4.965516924858093262e-01
4.995073676109313965e-01
5.159277319908142090e-01
5.037766695022583008e-01
5.241378545761108398e-01
5.228242874145507812e-01
5.195401310920715332e-01
5.284071564674377441e-01
5.369457006454467773e-01
5.224958062171936035e-01
5.307060480117797852e-01
5.454843044281005859e-01
5.395730137825012207e-01
5.530377030372619629e-01
5.477831959724426270e-01
5.376026034355163574e-01
5.625615119934082031e-01
5.389162302017211914e-01
5.737273097038269043e-01
5.471263527870178223e-01
5.665024518966674805e-01
5.628899335861206055e-01
5.678160190582275391e-01
5.635467171669006348e-01
5.720853209495544434e-01
5.750410556793212891e-01
5.799671411514282227e-01
5.717568993568420410e-01
5.786534547805786133e-01
5.783250331878662109e-01
5.809522867202758789e-01
5.868636965751647949e-01
5.842363834381103516e-01
5.904760956764221191e-01
6.022987365722656250e-01
5.832511186599731445e-01
5.996714830398559570e-01
5.934318304061889648e-01
6.095237135887145996e-01
6.029555797576904297e-01
5.970442891120910645e-01
6.003283262252807617e-01
5.990147590637207031e-01
6.065680980682373047e-01
5.924466252326965332e-01
6.128078699111938477e-01
6.036124229431152344e-01
6.088669300079345703e-01
6.134645938873291016e-01
6.091953516006469727e-01
6.236452460289001465e-01
6.075533032417297363e-01
6.220031976699829102e-01
6.351395249366760254e-01
6.213463544845581055e-01
6.141214966773986816e-01
6.367815732955932617e-01
6.295565962791442871e-01
6.367815732955932617e-01
6.206896305084228516e-01
6.390803456306457520e-01
6.236453056335449219e-01
6.266009211540222168e-01
6.341543197631835938e-01
6.394087672233581543e-01
6.387519240379333496e-01
6.361247301101684570e-01
6.440064907073974609e-01
6.443349123001098633e-01
6.571427583694458008e-01
6.394087672233581543e-01
6.436780691146850586e-01
6.486041545867919922e-01
6.371099352836608887e-01
6.469621658325195312e-01
6.499178409576416016e-01
6.476189494132995605e-01
6.463053226470947266e-01
6.453201174736022949e-01
6.377667784690856934e-01
6.387519836425781250e-01
6.541870832443237305e-01
6.400656104087829590e-01
6.545155048370361328e-01
6.453201174736022949e-01
6.469621658325195312e-01
6.545155048370361328e-01
6.591132283210754395e-01
6.545155644416809082e-01
6.640393137931823730e-01
6.633825302124023438e-01
6.630541086196899414e-01
6.535302400588989258e-01
6.604267954826354980e-01
6.679801940917968750e-01
6.535303592681884766e-01
6.545155644416809082e-01
6.666666269302368164e-01
6.630541086196899414e-01
6.676518917083740234e-01
6.712642908096313477e-01
6.584563851356506348e-01
6.732347011566162109e-01
6.725779175758361816e-01
6.784892082214355469e-01
6.686370372772216797e-01
6.761904358863830566e-01
6.768472194671630859e-01
6.666666269302368164e-01
6.807880997657775879e-01
6.656813621520996094e-01
6.781608462333679199e-01
