1.674876920878887177e-02
1.543513871729373932e-02
1.543514057993888855e-02
1.543514057993888855e-02
1.806239783763885498e-02
1.412151008844375610e-02
2.068965323269367218e-02
1.839080452919006348e-02
1.707717403769493103e-02
1.806239783763885498e-02
1.871921122074127197e-02
2.003284171223640442e-02
1.412151101976633072e-02
1.510673202574253082e-02
1.871921122074127197e-02
1.642036065459251404e-02
1.839080452919006348e-02
1.707717590034008026e-02
2.298850566148757935e-02
1.740558259189128876e-02
1.477832626551389694e-02
2.331691235303878784e-02
2.233169227838516235e-02
2.167487703263759613e-02
2.660098299384117126e-02
3.054187074303627014e-02
3.152709081768989563e-02
3.908045962452888489e-02
4.105090722441673279e-02
5.155993252992630005e-02
5.517241731286048889e-02
6.272578239440917969e-02
6.798029690980911255e-02
8.407224714756011963e-02
8.932676166296005249e-02
9.096881002187728882e-02
1.110016405582427979e-01
1.047619059681892395e-01
1.244663372635841370e-01
1.330049335956573486e-01
1.405583024024963379e-01
1.481116563081741333e-01
1.625615656375885010e-01
1.701149344444274902e-01
1.835796386003494263e-01
2.006568014621734619e-01
2.009852230548858643e-01
2.311986684799194336e-01
2.348111569881439209e-01
2.390804588794708252e-01
2.440065741539001465e-01
2.637110054492950439e-01
2.738916277885437012e-01
2.798029482364654541e-01
2.745484411716461182e-01
2.844006419181823730e-01
3.001642227172851562e-01
3.215106427669525146e-01
3.284072279930114746e-01
3.454843759536743164e-01
3.451559841632843018e-01
3.612479269504547119e-01
3.481116294860839844e-01
3.711001276969909668e-01
3.773398995399475098e-01
3.651887774467468262e-01
3.799670934677124023e-01
3.799671232700347900e-01
3.917897939682006836e-01
3.960590958595275879e-01
4.042692780494689941e-01
4.151067137718200684e-01
4.085385799407958984e-01
4.220032691955566406e-01
4.282430112361907959e-01
4.334974884986877441e-01
4.430213272571563721e-01
4.417077004909515381e-01
4.423645138740539551e-01
4.512314796447753906e-01
4.604268968105316162e-01
4.617405235767364502e-01
4.600984752178192139e-01
4.653530120849609375e-01
4.646962285041809082e-01
4.676518440246582031e-01
4.886699318885803223e-01
4.686370491981506348e-01
4.893267154693603516e-01
4.824301600456237793e-01
4.903119504451751709e-01
4.873562753200531006e-01
4.998357594013214111e-01
4.893267154693603516e-01
4.939244389533996582e-01
5.077175498008728027e-01
5.050902366638183594e-01
5.139573216438293457e-01
5.139572620391845703e-01
5.037766695022583008e-01
5.155993103981018066e-01
5.185549855232238770e-01
5.238094925880432129e-01
5.313628315925598145e-01
5.274220108985900879e-01
5.366173386573791504e-01
5.349754095077514648e-01
5.241379737854003906e-01
5.356321930885314941e-01
5.428571105003356934e-01
5.320196747779846191e-01
5.382593870162963867e-01
5.454843640327453613e-01
5.438423156738281250e-01
5.487684011459350586e-01
5.527093410491943359e-01
5.504104495048522949e-01
5.477831959724426270e-01
5.540229082107543945e-01
5.658456087112426758e-01
5.632183551788330078e-01
5.609195232391357422e-01
5.711000561714172363e-01
5.638751387596130371e-01
5.737273693084716797e-01
5.651887655258178711e-01
5.770114064216613770e-01
5.878488421440124512e-01
5.688012838363647461e-01
5.845648050308227539e-01
5.724137425422668457e-01
5.779966711997985840e-01
5.862068533897399902e-01
5.852215886116027832e-01
5.806238651275634766e-01
5.858784317970275879e-01
5.786534547805786133e-01
5.980294942855834961e-01
5.891625285148620605e-01
5.894909501075744629e-01
5.924465060234069824e-01
6.055828928947448730e-01
5.990147590637207031e-01
5.944170355796813965e-01
6.039408445358276367e-01
5.871920585632324219e-01
6.003283262252807617e-01
6.128077507019042969e-01
6.213463544845581055e-01
6.170771121978759766e-01
6.082101464271545410e-01
6.091953516006469727e-01
6.193759441375732422e-01
6.180623173713684082e-01
6.105089783668518066e-01
6.174055337905883789e-01
6.206895709037780762e-01
6.328406333923339844e-01
6.292281746864318848e-01
6.190475821495056152e-01
6.239737272262573242e-01
6.210179924964904785e-01
6.114941835403442383e-01
6.131361722946166992e-01
6.206896305084228516e-01
6.315270662307739258e-01
6.174055337905883789e-01
6.252872943878173828e-01
6.308702230453491211e-01
6.259440779685974121e-01
6.302133798599243164e-01
6.262725591659545898e-01
6.420360803604125977e-01
6.292282342910766602e-01
6.338258981704711914e-01
6.430213451385498047e-01
6.463053226470947266e-01
6.351395249366760254e-01
6.331690549850463867e-01
6.413792371749877930e-01
6.420360803604125977e-01
6.384235620498657227e-01
6.374383568763732910e-01
6.541871428489685059e-01
6.361247301101684570e-01
6.344826817512512207e-01
6.459769606590270996e-01
6.397371888160705566e-01
6.443349123001098633e-01
6.334974169731140137e-01
6.371099352836608887e-01
6.397372484207153320e-01
6.357963085174560547e-01
6.476189494132995605e-01
6.551723480224609375e-01
6.502461433410644531e-01
6.666665673255920410e-01
6.522166728973388672e-01
6.446632742881774902e-01
6.518882513046264648e-01
