1.524584531784057617e+00
2.984620809555053711e+00
4.474209547042846680e+00
5.949258804321289062e+00
7.395286321640014648e+00
8.805192708969116211e+00
1.018417334556579590e+01
1.152512550354003906e+01
1.310182738304138184e+01
1.453800725936889648e+01
1.588696479797363281e+01
1.723041963577270508e+01
1.863241529464721680e+01
2.007793068885803223e+01
2.148793244361877441e+01
2.290603232383728027e+01
2.440604281425476074e+01
2.597939682006835938e+01
2.730083584785461426e+01
2.868982315063476562e+01
3.016210818290710449e+01
3.155309653282165527e+01
3.286702942848205566e+01
3.419897580146789551e+01
3.553492569923400879e+01
3.709005045890808105e+01
3.847953724861145020e+01
4.001979327201843262e+01
4.148383331298828125e+01
4.294537234306335449e+01
4.435737586021423340e+01
4.574229788780212402e+01
4.751962399482727051e+01
4.885057020187377930e+01
5.030073523521423340e+01
5.185754227638244629e+01
5.345390105247497559e+01
5.480335974693298340e+01
5.617833662033081055e+01
5.780238461494445801e+01
5.938100600242614746e+01
6.073847103118896484e+01
6.234210944175720215e+01
6.394975280761718750e+01
6.545305562019348145e+01
6.681304550170898438e+01
6.822760272026062012e+01
6.957756233215332031e+01
7.115309548377990723e+01
7.278125357627868652e+01
7.423890423774719238e+01
7.574498891830444336e+01
7.718451166152954102e+01
7.885179901123046875e+01
8.034836220741271973e+01
8.182140898704528809e+01
8.332650327682495117e+01
8.495157265663146973e+01
8.656321787834167480e+01
8.803058743476867676e+01
8.948812747001647949e+01
9.086460590362548828e+01
9.237285923957824707e+01
9.385791516304016113e+01
9.525540709495544434e+01
9.698063755035400391e+01
9.860829401016235352e+01
1.000052878856658936e+02
1.016784753799438477e+02
1.033431589603424072e+02
1.048147032260894775e+02
1.064944562911987305e+02
1.078589251041412354e+02
1.094475839138031006e+02
1.111177637577056885e+02
1.127108950614929199e+02
1.141929478645324707e+02
1.157350430488586426e+02
1.172876710891723633e+02
1.187672219276428223e+02
1.201832280158996582e+02
1.216342670917510986e+02
1.231397643089294434e+02
1.246666028499603271e+02
1.260958387851715088e+02
1.275763905048370361e+02
1.291119813919067383e+02
1.307731609344482422e+02
1.321747169494628906e+02
1.336542673110961914e+02
1.350747776031494141e+02
1.366678905487060547e+02
1.382194929122924805e+02
1.398112874031066895e+02
1.414546809196472168e+02
1.429242782592773438e+02
1.444158403873443604e+02
1.458903872966766357e+02
1.473524448871612549e+02
1.486938977241516113e+02
1.502064993381500244e+02
1.517522337436676025e+02
1.531257088184356689e+02
1.548224141597747803e+02
1.562412419319152832e+02
1.576982774734497070e+02
1.594441535472869873e+02
1.608259639739990234e+02
1.622129595279693604e+02
1.637544460296630859e+02
1.652475051879882812e+02
1.666540043354034424e+02
1.681850926876068115e+02
1.698114316463470459e+02
1.711779036521911621e+02
1.728690171241760254e+02
1.743258247375488281e+02
1.758654186725616455e+02
1.773629829883575439e+02
1.787719805240631104e+02
1.804459216594696045e+02
1.819281995296478271e+02
1.833552131652832031e+02
1.849288163185119629e+02
1.865499684810638428e+02
1.882721922397613525e+02
1.901262753009796143e+02
1.917707915306091309e+02
1.932498426437377930e+02
1.949210295677185059e+02
1.964210951328277588e+02
1.979661936759948730e+02
1.995048642158508301e+02
2.010737116336822510e+02
2.026748495101928711e+02
2.041415405273437500e+02
2.058417780399322510e+02
2.074329390525817871e+02
2.089655282497406006e+02
2.109366397857666016e+02
2.125928170680999756e+02
2.142930374145507812e+02
2.158716599941253662e+02
2.174400281906127930e+02
2.191337306499481201e+02
2.206438033580780029e+02
2.222215991020202637e+02
2.237892129421234131e+02
2.256484792232513428e+02
2.274477565288543701e+02
2.290634610652923584e+02
2.309372923374176025e+02
2.324753851890563965e+02
2.340166647434234619e+02
2.356147489547729492e+02
2.372987895011901855e+02
2.388729071617126465e+02
2.407072055339813232e+02
2.423665707111358643e+02
2.440182616710662842e+02
2.456926577091217041e+02
2.474726572036743164e+02
2.491878752708435059e+02
2.507711176872253418e+02
2.522985293865203857e+02
2.538105494976043701e+02
2.553740196228027344e+02
2.569366927146911621e+02
2.585657048225402832e+02
2.604109480381011963e+02
2.620141072273254395e+02
2.636018033027648926e+02
2.654121618270874023e+02
2.672420427799224854e+02
2.691906738281250000e+02
2.709604315757751465e+02
2.747331993579864502e+02
2.765865230560302734e+02
2.784453444480895996e+02
2.802964379787445068e+02
2.825719649791717529e+02
2.847007710933685303e+02
2.864440093040466309e+02
2.881325123310089111e+02
2.900950944423675537e+02
2.917087428569793701e+02
2.936882185935974121e+02
2.957977044582366943e+02
2.996680369377136230e+02
3.029863941669464111e+02
3.077746067047119141e+02
3.121792356967926025e+02
3.162382235527038574e+02
3.188250606060028076e+02
3.203185429573059082e+02
3.223791022300720215e+02
3.239826064109802246e+02
3.254926803112030029e+02
3.272809498310089111e+02
3.299940619468688965e+02
