1.846051454544067383e+00
4.591373682022094727e+00
6.952801227569580078e+00
9.318071126937866211e+00
1.108801841735839844e+01
1.305031561851501465e+01
1.505677413940429688e+01
1.683277845382690430e+01
1.900139403343200684e+01
2.133768796920776367e+01
2.373006343841552734e+01
2.651236486434936523e+01
2.901225304603576660e+01
3.098345875740051270e+01
3.361409950256347656e+01
3.586474132537841797e+01
3.792036724090576172e+01
3.992056107521057129e+01
4.178782320022583008e+01
4.429852890968322754e+01
4.700888586044311523e+01
4.908982038497924805e+01
5.090616393089294434e+01
5.265016651153564453e+01
5.455079674720764160e+01
5.650009775161743164e+01
5.824860858917236328e+01
6.008815097808837891e+01
6.194134211540222168e+01
6.363180756568908691e+01
6.544586229324340820e+01
6.739473795890808105e+01
6.940527248382568359e+01
7.139277529716491699e+01
7.326715707778930664e+01
7.504132437705993652e+01
7.722269439697265625e+01
7.896537566184997559e+01
8.095088219642639160e+01
8.352373743057250977e+01
8.561372399330139160e+01
8.798653745651245117e+01
9.010365772247314453e+01
9.269993901252746582e+01
9.471984672546386719e+01
9.654025554656982422e+01
9.839199876785278320e+01
1.004181966781616211e+02
1.023903715610504150e+02
1.043868417739868164e+02
1.061016156673431396e+02
1.080123584270477295e+02
1.097190430164337158e+02
1.120667791366577148e+02
1.143337936401367188e+02
1.164200868606567383e+02
1.185461249351501465e+02
1.206318473815917969e+02
1.226626591682434082e+02
1.245568494796752930e+02
1.263004240989685059e+02
1.282931549549102783e+02
1.301797919273376465e+02
1.320208666324615479e+02
1.339302248954772949e+02
1.360205750465393066e+02
1.379036638736724854e+02
1.396227805614471436e+02
1.413352456092834473e+02
1.430610911846160889e+02
1.448390424251556396e+02
1.465840764045715332e+02
1.483667869567871094e+02
1.501557393074035645e+02
1.519547815322875977e+02
1.539241323471069336e+02
1.563278079032897949e+02
1.584228599071502686e+02
1.605143120288848877e+02
1.623615717887878418e+02
1.644010922908782959e+02
1.662466824054718018e+02
1.682087757587432861e+02
1.703657886981964111e+02
1.721511223316192627e+02
1.740739789009094238e+02
1.757544641494750977e+02
1.775801532268524170e+02
1.795457360744476318e+02
1.813062450885772705e+02
1.835691699981689453e+02
1.852862350940704346e+02
1.874077179431915283e+02
1.894644801616668701e+02
1.915428538322448730e+02
1.933406114578247070e+02
1.955812947750091553e+02
1.975818369388580322e+02
1.995791077613830566e+02
2.017100291252136230e+02
2.036089112758636475e+02
2.055277888774871826e+02
2.075169980525970459e+02
2.094471704959869385e+02
2.112892770767211914e+02
2.134053847789764404e+02
2.161661269664764404e+02
2.181855630874633789e+02
2.209424705505371094e+02
2.228077802658081055e+02
2.245661301612854004e+02
2.264801924228668213e+02
2.284615094661712646e+02
2.303877871036529541e+02
2.322473201751708984e+02
2.340763108730316162e+02
2.361065785884857178e+02
2.379033102989196777e+02
2.398140668869018555e+02
2.418681166172027588e+02
2.440812373161315918e+02
2.463421123027801514e+02
2.494539604187011719e+02
2.511993398666381836e+02
2.537821340560913086e+02
2.556688089370727539e+02
2.579336714744567871e+02
2.601677141189575195e+02
2.630214004516601562e+02
2.650177760124206543e+02
2.669358136653900146e+02
2.689914984703063965e+02
2.709228682518005371e+02
2.727336575984954834e+02
2.744831764698028564e+02
2.764800775051116943e+02
2.782145686149597168e+02
2.800634353160858154e+02
2.818133172988891602e+02
2.837477827072143555e+02
2.858752260208129883e+02
2.877767357826232910e+02
2.895353107452392578e+02
2.913585400581359863e+02
2.931653425693511963e+02
2.950547642707824707e+02
2.971315748691558838e+02
2.990867714881896973e+02
3.012391781806945801e+02
3.032478244304656982e+02
3.051868591308593750e+02
3.071592640876770020e+02
3.094283907413482666e+02
3.115743622779846191e+02
3.138928959369659424e+02
3.163132042884826660e+02
3.187046685218811035e+02
3.207878041267395020e+02
3.228555011749267578e+02
3.249749486446380615e+02
3.275163207054138184e+02
3.301403090953826904e+02
3.322553167343139648e+02
3.341747081279754639e+02
3.363878827095031738e+02
3.388674452304840088e+02
3.405843350887298584e+02
3.423655402660369873e+02
3.443374607563018799e+02
3.463149106502532959e+02
3.481807425022125244e+02
3.503105070590972900e+02
3.521520652770996094e+02
3.539420294761657715e+02
3.558622419834136963e+02
3.579112458229064941e+02
3.600044128894805908e+02
3.617529947757720947e+02
3.635550422668457031e+02
3.652332611083984375e+02
3.670659227371215820e+02
3.688198130130767822e+02
3.705751025676727295e+02
3.725283882617950439e+02
3.744212455749511719e+02
3.765450367927551270e+02
3.786885592937469482e+02
3.806860828399658203e+02
3.825061175823211670e+02
3.850390646457672119e+02
3.871826939582824707e+02
3.891061983108520508e+02
3.910063939094543457e+02
3.929842271804809570e+02
3.950222420692443848e+02
3.974444568157196045e+02
3.993208341598510742e+02
4.011738197803497314e+02
4.029909205436706543e+02
4.051450333595275879e+02
