1.412151008844375610e-02
1.871921308338642120e-02
2.134646847844123840e-02
1.510673202574253082e-02
1.773398928344249725e-02
1.609195396304130554e-02
1.182265952229499817e-02
2.068965509533882141e-02
1.871921122074127197e-02
1.543514057993888855e-02
1.970443315804004669e-02
1.806239783763885498e-02
1.609195396304130554e-02
1.444991864264011383e-02
1.576354540884494781e-02
1.904761977493762970e-02
2.003283798694610596e-02
1.576354727149009705e-02
1.773399114608764648e-02
1.839080639183521271e-02
1.707717590034008026e-02
1.609195396304130554e-02
1.642036065459251404e-02
1.609195396304130554e-02
1.740558259189128876e-02
1.773398928344249725e-02
1.740558259189128876e-02
1.773398928344249725e-02
1.412151008844375610e-02
1.510673202574253082e-02
1.642036065459251404e-02
1.839080266654491425e-02
2.003284171223640442e-02
1.674876734614372253e-02
1.839080452919006348e-02
1.806239783763885498e-02
1.707717403769493103e-02
1.773398928344249725e-02
1.707717590034008026e-02
1.871921122074127197e-02
1.839080452919006348e-02
1.642036065459251404e-02
2.134646847844123840e-02
1.970443315804004669e-02
1.806239783763885498e-02
2.331691421568393707e-02
2.463054284453392029e-02
3.908045962452888489e-02
4.794745147228240967e-02
6.502462923526763916e-02
7.586207240819931030e-02
8.932676166296005249e-02
1.041050851345062256e-01
1.234811097383499146e-01
1.392446756362915039e-01
1.619047522544860840e-01
1.894909739494323730e-01
2.108374387025833130e-01
2.151067256927490234e-01
2.476190626621246338e-01
2.673234939575195312e-01
2.929392158985137939e-01
2.945812940597534180e-01
3.110016584396362305e-01
3.287355899810791016e-01
3.461411893367767334e-01
3.517241179943084717e-01
3.681444823741912842e-01
3.819375932216644287e-01
3.904761970043182373e-01
3.996715545654296875e-01
3.963874578475952148e-01
4.170771241188049316e-01
4.295566082000732422e-01
4.509030878543853760e-01
4.403940737247467041e-01
4.568144083023071289e-01
4.617405533790588379e-01
4.689654707908630371e-01
4.729063808917999268e-01
4.830870032310485840e-01
4.968801140785217285e-01
4.935960173606872559e-01
5.034482479095458984e-01
5.192117691040039062e-01
5.182265639305114746e-01
5.060755014419555664e-01
5.277503132820129395e-01
5.238094925880432129e-01
5.313628911972045898e-01
5.385878086090087891e-01
5.481116175651550293e-01
5.362889766693115234e-01
5.412150621414184570e-01
5.379310250282287598e-01
5.536945462226867676e-01
5.520524978637695312e-01
5.596059560775756836e-01
5.635467171669006348e-01
5.724137425422668457e-01
5.799671411514282227e-01
5.717568993568420410e-01
5.881772041320800781e-01
5.816091299057006836e-01
5.812807679176330566e-01
5.888340473175048828e-01
5.914614200592041016e-01
6.003283262252807617e-01
5.970442891120910645e-01
5.947454571723937988e-01
5.931034684181213379e-01
5.888341069221496582e-01
6.128078103065490723e-01
6.111658215522766113e-01
6.114941835403442383e-01
6.233168244361877441e-01
6.164202690124511719e-01
6.088669300079345703e-01
6.233168244361877441e-01
6.206895709037780762e-01
6.305418014526367188e-01
6.213464140892028809e-01
6.200328469276428223e-01
6.328406929969787598e-01
6.302133798599243164e-01
6.170771718025207520e-01
6.410508751869201660e-01
6.417076587677001953e-01
6.334974765777587891e-01
6.463053226470947266e-01
6.364531517028808594e-01
6.410508155822753906e-01
6.426928639411926270e-01
6.387519836425781250e-01
6.558291316032409668e-01
6.502462625503540039e-01
6.492609977722167969e-01
6.577995419502258301e-01
6.528734564781188965e-01
6.669949293136596680e-01
6.545155048370361328e-01
6.545155048370361328e-01
6.532019376754760742e-01
6.633824706077575684e-01
6.630541086196899414e-01
6.577996015548706055e-01
6.679802536964416504e-01
6.640393137931823730e-01
6.600984930992126465e-01
6.597700715065002441e-01
6.617404818534851074e-01
6.712642908096313477e-01
6.577996015548706055e-01
6.614120602607727051e-01
6.745483875274658203e-01
6.663381457328796387e-01
6.653529405593872070e-01
6.784892082214355469e-01
6.765187978744506836e-01
6.712642908096313477e-01
6.745483875274658203e-01
6.817733645439147949e-01
6.850574016571044922e-01
6.752052307128906250e-01
6.811164617538452148e-01
6.798028945922851562e-01
6.722494959831237793e-01
6.896551251411437988e-01
6.719210743904113770e-01
6.857142448425292969e-01
6.798028945922851562e-01
6.778324246406555176e-01
6.949095726013183594e-01
6.778324246406555176e-01
6.863710284233093262e-01
6.791460514068603516e-01
6.745483875274658203e-01
6.909687519073486328e-01
6.866995096206665039e-01
6.827585101127624512e-01
6.955664157867431641e-01
6.958948373794555664e-01
7.031197547912597656e-01
6.981937885284423828e-01
6.945812106132507324e-01
6.935960054397583008e-01
6.991789340972900391e-01
6.919538974761962891e-01
6.922824382781982422e-01
6.995072960853576660e-01
6.988504528999328613e-01
7.001640796661376953e-01
6.958948373794555664e-01
7.011494040489196777e-01
6.866993904113769531e-01
7.080458998680114746e-01
6.988505125045776367e-01
6.981936693191528320e-01
7.093595266342163086e-01
7.067323327064514160e-01
