1.543514057993888855e-02
1.379310339689254761e-02
1.543513964861631393e-02
1.280788239091634750e-02
1.740558259189128876e-02
1.609195396304130554e-02
1.937602646648883820e-02
1.871921122074127197e-02
1.346469670534133911e-02
1.444991771131753922e-02
2.003283984959125519e-02
1.543513964861631393e-02
1.412151101976633072e-02
2.233169227838516235e-02
1.871921122074127197e-02
2.266009710729122162e-02
1.904761791229248047e-02
2.003283984959125519e-02
2.266009896993637085e-02
1.674876920878887177e-02
2.397372759878635406e-02
2.660098299384117126e-02
3.481116518378257751e-02
3.973727300763130188e-02
5.484400689601898193e-02
6.732348352670669556e-02
7.684728503227233887e-02
8.801312744617462158e-02
9.195402264595031738e-02
1.169129610061645508e-01
1.234811097383499146e-01
1.530377566814422607e-01
1.550082117319107056e-01
1.753694415092468262e-01
2.000000029802322388e-01
2.272577881813049316e-01
2.502462863922119141e-01
2.650246322154998779e-01
2.778325080871582031e-01
2.945812642574310303e-01
3.050903081893920898e-01
3.133004903793334961e-01
3.218390643596649170e-01
3.405582904815673828e-01
3.523809611797332764e-01
3.635467886924743652e-01
3.819375932216644287e-01
3.960590958595275879e-01
3.947454988956451416e-01
4.013136327266693115e-01
4.160919189453125000e-01
4.200328290462493896e-01
4.328406751155853271e-01
4.423645138740539551e-01
4.545155763626098633e-01
4.446633458137512207e-01
4.528735280036926270e-01
4.660098552703857422e-01
4.669950604438781738e-01
4.761904478073120117e-01
4.827586114406585693e-01
4.899835288524627686e-01
4.893267452716827393e-01
5.073891282081604004e-01
4.985221624374389648e-01
5.067322850227355957e-01
5.070607066154479980e-01
5.221674442291259766e-01
5.201970338821411133e-01
5.188834071159362793e-01
5.146141052246093750e-01
5.261083245277404785e-01
5.244663357734680176e-01
5.297207832336425781e-01
5.405582189559936523e-01
5.461411476135253906e-01
5.504105091094970703e-01
5.422002673149108887e-01
5.395729541778564453e-01
5.484399795532226562e-01
5.566501617431640625e-01
5.556650161743164062e-01
5.481116175651550293e-01
5.625615119934082031e-01
5.645319819450378418e-01
5.747125148773193359e-01
5.684728622436523438e-01
5.753694176673889160e-01
5.862069129943847656e-01
5.727421641349792480e-01
5.733989477157592773e-01
5.816091299057006836e-01
5.812807083129882812e-01
5.832511782646179199e-01
5.999999046325683594e-01
6.036124825477600098e-01
5.832511782646179199e-01
5.973726511001586914e-01
6.062396764755249023e-01
6.085385084152221680e-01
6.026272177696228027e-01
6.032840013504028320e-01
6.065680980682373047e-01
6.220031976699829102e-01
6.091953516006469727e-01
6.039408445358276367e-01
6.151066422462463379e-01
6.095237731933593750e-01
6.154350638389587402e-01
6.256156563758850098e-01
6.144498586654663086e-01
6.292281150817871094e-01
6.183907389640808105e-01
6.160918474197387695e-01
6.272577047348022461e-01
6.321838498115539551e-01
6.318553686141967773e-01
6.292281746864318848e-01
6.390804052352905273e-01
6.305418014526367188e-01
6.440064907073974609e-01
6.259440779685974121e-01
6.341542601585388184e-01
6.443349123001098633e-01
6.426928639411926270e-01
6.311985850334167480e-01
6.384235620498657227e-01
6.430212855339050293e-01
6.486042141914367676e-01
6.486042141914367676e-01
6.505746841430664062e-01
6.502462029457092285e-01
6.532018780708312988e-01
6.518883109092712402e-01
6.479473710060119629e-01
6.486042141914367676e-01
6.515598297119140625e-01
6.568143367767333984e-01
6.607552170753479004e-01
6.538587808609008789e-01
6.683086156845092773e-01
6.581280231475830078e-01
6.610836982727050781e-01
6.656813621520996094e-01
6.630541086196899414e-01
6.663382649421691895e-01
6.614120602607727051e-01
6.627256870269775391e-01
6.614120602607727051e-01
6.614120602607727051e-01
6.577996015548706055e-01
6.568143367767333984e-01
6.735631227493286133e-01
6.696223020553588867e-01
6.614120602607727051e-01
6.712642908096313477e-01
6.630541086196899414e-01
6.775040626525878906e-01
6.679801940917968750e-01
6.696222424507141113e-01
6.830868721008300781e-01
6.827585697174072266e-01
6.656813621520996094e-01
6.775040030479431152e-01
6.771756410598754883e-01
6.798028945922851562e-01
6.811165213584899902e-01
6.765187978744506836e-01
6.847289800643920898e-01
6.811164617538452148e-01
6.873562335968017578e-01
6.761903762817382812e-01
6.844005584716796875e-01
6.926108002662658691e-01
6.857142448425292969e-01
6.758620142936706543e-01
6.860426068305969238e-01
6.880130767822265625e-01
6.870278120040893555e-01
6.850573420524597168e-01
6.850574016571044922e-01
6.801312565803527832e-01
6.932675838470458984e-01
6.899834871292114258e-01
6.998357176780700684e-01
6.811165213584899902e-01
6.965516209602355957e-01
6.899835467338562012e-01
6.853858232498168945e-01
6.860426068305969238e-01
6.975368857383728027e-01
7.041050195693969727e-01
6.866995096206665039e-01
7.014777064323425293e-01
6.844006180763244629e-01
6.929391622543334961e-01
7.057470083236694336e-01
6.932675242424011230e-01
6.899834871292114258e-01
6.926107406616210938e-01
