1.510673295706510544e-02
1.247947476804256439e-02
1.346469577401876450e-02
1.937602460384368896e-02
2.036124654114246368e-02
1.543513964861631393e-02
1.970443315804004669e-02
1.740558259189128876e-02
1.674877107143402100e-02
1.576354727149009705e-02
1.871921122074127197e-02
2.364531904458999634e-02
2.463054284453392029e-02
2.003284171223640442e-02
1.937602646648883820e-02
1.839080452919006348e-02
2.298850566148757935e-02
3.119868598878383636e-02
4.269294068217277527e-02
4.794745519757270813e-02
6.009852141141891479e-02
6.896551698446273804e-02
9.720853716135025024e-02
9.852216392755508423e-02
1.087027937173843384e-01
1.274220049381256104e-01
1.642036139965057373e-01
1.628899872303009033e-01
1.852216720581054688e-01
2.157635390758514404e-01
2.256157547235488892e-01
2.479474544525146484e-01
2.686371207237243652e-01
2.778324782848358154e-01
3.011493980884552002e-01
3.024630248546600342e-01
3.169129490852355957e-01
3.395730853080749512e-01
3.530377745628356934e-01
3.553366065025329590e-01
3.839080333709716797e-01
3.898193836212158203e-01
3.829227983951568604e-01
4.118226468563079834e-01
4.220032393932342529e-01
4.305418431758880615e-01
4.361247718334197998e-01
4.397372305393218994e-01
4.469621777534484863e-01
4.571428596973419189e-01
4.643677771091461182e-01
4.683086276054382324e-01
4.765188694000244141e-01
4.781608581542968750e-01
4.995073974132537842e-01
4.899835586547851562e-01
4.886699318885803223e-01
5.080459117889404297e-01
5.129720568656921387e-01
5.057470798492431641e-01
5.116584897041320801e-01
5.247946977615356445e-01
5.257799029350280762e-01
5.405582189559936523e-01
5.257798433303833008e-01
5.431855320930480957e-01
5.402298569679260254e-01
5.550081729888916016e-01
5.385878086090087891e-01
5.471263527870178223e-01
5.507388710975646973e-01
5.724137425422668457e-01
5.592774748802185059e-01
5.605910420417785645e-01
5.707717537879943848e-01
5.832511782646179199e-01
5.733989477157592773e-01
5.717569589614868164e-01
5.701148509979248047e-01
5.816091299057006836e-01
5.855500102043151855e-01
5.888341069221496582e-01
6.068965196609497070e-01
6.045976281166076660e-01
6.049260497093200684e-01
5.944170355796813965e-01
6.088669300079345703e-01
6.216747760772705078e-01
5.921182036399841309e-01
6.111657619476318359e-01
5.977010726928710938e-01
6.068965196609497070e-01
6.170771121978759766e-01
6.272577047348022461e-01
6.269293427467346191e-01
6.078817248344421387e-01
6.305418014526367188e-01
6.305418014526367188e-01
6.298849582672119141e-01
6.216747760772705078e-01
6.361247301101684570e-01
6.417076587677001953e-01
6.331690549850463867e-01
6.443349123001098633e-01
6.341542601585388184e-01
6.354680061340332031e-01
6.288997530937194824e-01
6.371099352836608887e-01
6.305418014526367188e-01
6.371099948883056641e-01
6.426929235458374023e-01
6.515598893165588379e-01
6.367815136909484863e-01
6.410507559776306152e-01
6.627256870269775391e-01
6.397372484207153320e-01
6.528734564781188965e-01
6.479473710060119629e-01
6.640393733978271484e-01
6.515598297119140625e-01
6.577996015548706055e-01
6.541871428489685059e-01
6.646962165832519531e-01
6.577996015548706055e-01
6.591132879257202148e-01
6.561575531959533691e-01
6.522166728973388672e-01
6.555007696151733398e-01
6.604268550872802734e-01
6.627256870269775391e-01
6.712642908096313477e-01
6.587847471237182617e-01
6.637109518051147461e-01
6.646960973739624023e-01
6.620689630508422852e-01
6.725779771804809570e-01
6.755336523056030273e-01
6.725779175758361816e-01
6.696222424507141113e-01
6.653529405593872070e-01
6.725779771804809570e-01
6.758620142936706543e-01
6.709358692169189453e-01
6.696223020553588867e-01
6.771756410598754883e-01
6.866993904113769531e-01
6.771755814552307129e-01
6.768472790718078613e-01
6.889983415603637695e-01
6.798028945922851562e-01
6.876846551895141602e-01
6.968799829483032227e-01
6.811164617538452148e-01
6.873562335968017578e-01
6.873562335968017578e-01
6.853858232498168945e-01
6.896551251411437988e-01
6.952379941940307617e-01
6.814448833465576172e-01
6.942527890205383301e-01
6.886699199676513672e-01
6.949096322059631348e-01
6.870278716087341309e-01
6.857142448425292969e-01
6.939243674278259277e-01
6.932675838470458984e-01
6.912971138954162598e-01
6.919539570808410645e-01
6.978653073310852051e-01
6.896551847457885742e-01
6.949095726013183594e-01
6.981936693191528320e-01
6.972084641456604004e-01
6.909687519073486328e-01
6.942527890205383301e-01
7.008209228515625000e-01
6.903118491172790527e-01
7.073890566825866699e-01
7.034481167793273926e-01
6.981936693191528320e-01
7.008209824562072754e-01
6.998357176780700684e-01
7.011493444442749023e-01
7.083743810653686523e-01
6.981936693191528320e-01
7.031198143959045410e-01
7.093594670295715332e-01
7.057470083236694336e-01
7.054186463356018066e-01
7.054185867309570312e-01
7.077174186706542969e-01
7.064038515090942383e-01
6.929391622543334961e-01
7.050902247428894043e-01
7.054185867309570312e-01
7.047618031501770020e-01
7.001641392707824707e-01
7.113299369812011719e-01
7.113299965858459473e-01
7.142856717109680176e-01
