3.186815500259399414e+00
6.011322021484375000e+00
9.089008331298828125e+00
1.203109931945800781e+01
1.484059500694274902e+01
1.761359238624572754e+01
2.046011400222778320e+01
2.324058938026428223e+01
2.610462784767150879e+01
2.913278722763061523e+01
3.208288216590881348e+01
3.499196243286132812e+01
3.780245852470397949e+01
4.067750096321105957e+01
4.355857086181640625e+01
4.637056827545166016e+01
4.929616069793701172e+01
5.225424838066101074e+01
5.506324362754821777e+01
5.792627763748168945e+01
6.081282782554626465e+01
6.371488976478576660e+01
6.667152214050292969e+01
6.963462734222412109e+01
7.251067042350769043e+01
7.535068798065185547e+01
7.822472953796386719e+01
8.116832089424133301e+01
8.405236983299255371e+01
8.696645736694335938e+01
8.982999181747436523e+01
9.267801523208618164e+01
9.548601007461547852e+01
9.831351828575134277e+01
1.011080040931701660e+02
1.039280071258544922e+02
1.067920470237731934e+02
1.096090476512908936e+02
1.124630753993988037e+02
1.153161025047302246e+02
1.181401081085205078e+02
1.209796259403228760e+02
1.238031318187713623e+02
1.266882052421569824e+02
1.294946994781494141e+02
1.323372189998626709e+02
1.351832408905029297e+02
1.381593551635742188e+02
1.410153839588165283e+02
1.439571382999420166e+02
1.467791531085968018e+02
1.495936524868011475e+02
1.523941423892974854e+02
1.553382334709167480e+02
1.583808951377868652e+02
1.613334999084472656e+02
1.641490008831024170e+02
1.670040283203125000e+02
1.698895783424377441e+02
1.726945710182189941e+02
1.755706138610839844e+02
1.784061291217803955e+02
1.812526507377624512e+02
1.840851633548736572e+02
1.869511985778808594e+02
1.897977216243743896e+02
1.926252298355102539e+02
1.954877634048461914e+02
1.982762441635131836e+02
2.011187636852264404e+02
2.040928766727447510e+02
2.069449026584625244e+02
2.098134636878967285e+02
2.126529808044433594e+02
2.154950001239776611e+02
2.183280127048492432e+02
2.211350059509277344e+02
2.239760241508483887e+02
2.268205516338348389e+02
2.296605689525604248e+02
2.325341100692749023e+02
2.353951423168182373e+02
2.382621798515319824e+02
2.410841841697692871e+02
2.438916783332824707e+02
2.467542123794555664e+02
2.495812211036682129e+02
2.524252409934997559e+02
2.552772672176361084e+02
2.580947687625885010e+02
2.609432923793792725e+02
2.637823085784912109e+02
2.667604339122772217e+02
2.695829527378082275e+02
2.724359796047210693e+02
2.753040173053741455e+02
2.781765580177307129e+02
2.810275828838348389e+02
2.838580939769744873e+02
2.867081189155578613e+02
2.895721530914306641e+02
2.924341871738433838e+02
2.952752048969268799e+02
2.981017127037048340e+02
3.009442322254180908e+02
3.038037631511688232e+02
3.066457827091217041e+02
3.094692883491516113e+02
3.123378260135650635e+02
3.152003593444824219e+02
3.180273678302764893e+02
3.209334332942962646e+02
3.237889876365661621e+02
3.266270034313201904e+02
3.296076209545135498e+02
3.324676527976989746e+02
3.353667125701904297e+02
3.382422549724578857e+02
3.410822727680206299e+02
3.439868361949920654e+02
3.468353598117828369e+02
3.497104027271270752e+02
3.525994546413421631e+02
3.554544825553894043e+02
3.583530423641204834e+02
3.612165923118591309e+02
3.640771253108978271e+02
3.669316527843475342e+02
3.697666664123535156e+02
3.726407084465026855e+02
3.755988101959228516e+02
3.784853608608245850e+02
3.813053638935089111e+02
3.841588909626007080e+02
3.870224254131317139e+02
3.898954660892486572e+02
3.928940966129302979e+02
3.957631349563598633e+02
3.987127296924591064e+02
4.015867722034454346e+02
4.044873325824737549e+02
4.074059062004089355e+02
4.102279105186462402e+02
4.130774347782135010e+02
4.159159514904022217e+02
4.187609727382659912e+02
4.216190037727355957e+02
4.245095562934875488e+02
4.274586513042449951e+02
4.303341946601867676e+02
4.332967987060546875e+02
4.362073664665222168e+02
4.390969192981719971e+02
4.419399387836456299e+02
4.448560104370117188e+02
4.478521389961242676e+02
4.507046666145324707e+02
4.537908689975738525e+02
4.566694135665893555e+02
4.596820538043975830e+02
4.626256449222564697e+02
4.655352127552032471e+02
4.684537854194641113e+02
4.713443577289581299e+02
4.742153971195220947e+02
4.771079521179199219e+02
4.799940030574798584e+02
4.828950634002685547e+02
4.858117036819458008e+02
4.886812429428100586e+02
4.915632898807525635e+02
4.944208199977874756e+02
4.973178780078887939e+02
5.001929204463958740e+02
5.031490204334259033e+02
5.060450782775878906e+02
5.088976039886474609e+02
5.120563478469848633e+02
5.149143788814544678e+02
5.177969267368316650e+02
5.206695075035095215e+02
5.235695676803588867e+02
5.264891419410705566e+02
5.294037127494812012e+02
5.323097767829895020e+02
5.352033333778381348e+02
5.382164728641510010e+02
5.411605648994445801e+02
5.441301741600036621e+02
5.470707714557647705e+02
5.499568212032318115e+02
5.529124205112457275e+02
5.557959690093994141e+02
5.588141136169433594e+02
5.617431945800781250e+02
5.648038690090179443e+02
5.677389540672302246e+02
5.707676060199737549e+02
5.737437205314636230e+02
5.771436350345611572e+02
