1.951219327747821808e-02
1.707317121326923370e-02
1.951219514012336731e-02
1.463414542376995087e-02
1.951219514012336731e-02
3.902439028024673462e-02
4.878048971295356750e-02
2.682926878333091736e-02
4.390243440866470337e-02
5.365853384137153625e-02
5.121950805187225342e-02
7.317073643207550049e-02
5.853658542037010193e-02
1.024390235543251038e-01
9.268292784690856934e-02
1.073170676827430725e-01
1.170731708407402039e-01
1.341463476419448853e-01
1.780487596988677979e-01
1.609756201505661011e-01
1.609756201505661011e-01
1.902439147233963013e-01
2.048780471086502075e-01
2.121950984001159668e-01
2.414634227752685547e-01
2.707316875457763672e-01
2.439024448394775391e-01
2.609755992889404297e-01
2.804878056049346924e-01
3.195121884346008301e-01
3.170731365680694580e-01
3.341463506221771240e-01
2.951219379901885986e-01
3.463414907455444336e-01
3.585366010665893555e-01
3.341463208198547363e-01
3.536585569381713867e-01
3.658536970615386963e-01
3.707317113876342773e-01
3.682926893234252930e-01
3.951219618320465088e-01
3.804877996444702148e-01
4.024389982223510742e-01
4.000000059604644775e-01
4.146341383457183838e-01
4.048780500888824463e-01
4.195121824741363525e-01
4.024390280246734619e-01
4.414633810520172119e-01
4.341463148593902588e-01
4.487804770469665527e-01
4.731706976890563965e-01
4.292682707309722900e-01
4.463414251804351807e-01
4.512194693088531494e-01
4.536585211753845215e-01
4.560975432395935059e-01
4.682926535606384277e-01
4.829268455505371094e-01
4.829268157482147217e-01
4.780487418174743652e-01
5.048780441284179688e-01
4.902439117431640625e-01
4.902439117431640625e-01
4.878048896789550781e-01
5.000000000000000000e-01
4.975609183311462402e-01
4.926828742027282715e-01
5.390244126319885254e-01
5.024390220642089844e-01
5.024390220642089844e-01
4.951219558715820312e-01
5.121951103210449219e-01
5.317072868347167969e-01
5.024390816688537598e-01
5.097560882568359375e-01
5.292683243751525879e-01
5.317072868347167969e-01
5.219511985778808594e-01
5.243902206420898438e-01
5.268292427062988281e-01
5.317072868347167969e-01
5.195121765136718750e-01
5.487804412841796875e-01
5.243902206420898438e-01
5.463414192199707031e-01
5.390244126319885254e-01
5.365853309631347656e-01
5.439024567604064941e-01
5.365853309631347656e-01
5.317072868347167969e-01
5.463414788246154785e-01
5.658536553382873535e-01
5.365853309631347656e-01
5.512195229530334473e-01
5.439023971557617188e-01
5.585365295410156250e-01
5.439023971557617188e-01
5.463414192199707031e-01
5.682926774024963379e-01
5.634146332740783691e-01
5.560975670814514160e-01
5.292682647705078125e-01
5.463414192199707031e-01
5.585365891456604004e-01
5.609756112098693848e-01
5.658536553382873535e-01
5.780488252639770508e-01
5.682926774024963379e-01
5.756098031997680664e-01
5.853658318519592285e-01
5.707316994667053223e-01
5.536585450172424316e-01
5.804877877235412598e-01
5.634146332740783691e-01
5.560975074768066406e-01
5.585365891456604004e-01
5.878048539161682129e-01
5.853658914566040039e-01
5.731707215309143066e-01
5.780488252639770508e-01
5.560975670814514160e-01
5.634145736694335938e-01
6.024390459060668945e-01
5.756097435951232910e-01
5.609756112098693848e-01
5.926829576492309570e-01
5.634145736694335938e-01
5.804877877235412598e-01
6.000000238418579102e-01
5.487804412841796875e-01
5.707316994667053223e-01
5.853658318519592285e-01
5.487804412841796875e-01
5.926828980445861816e-01
5.463414192199707031e-01
5.634146332740783691e-01
5.853658914566040039e-01
5.902438759803771973e-01
5.804877877235412598e-01
5.878048539161682129e-01
5.804877281188964844e-01
5.634146332740783691e-01
5.707316994667053223e-01
5.682927370071411133e-01
5.707316994667053223e-01
5.780488252639770508e-01
5.682926774024963379e-01
5.682926774024963379e-01
5.731706619262695312e-01
5.634145736694335938e-01
5.878049135208129883e-01
5.829268097877502441e-01
5.756097435951232910e-01
5.756098031997680664e-01
5.780487656593322754e-01
5.804878473281860352e-01
5.951219797134399414e-01
5.878048539161682129e-01
5.902438759803771973e-01
5.707316994667053223e-01
5.707316994667053223e-01
5.512194633483886719e-01
5.780487656593322754e-01
5.658536553382873535e-01
5.731707215309143066e-01
6.097561120986938477e-01
5.756098031997680664e-01
5.682926177978515625e-01
5.975609421730041504e-01
5.804878473281860352e-01
5.829268097877502441e-01
6.024390459060668945e-01
5.756097435951232910e-01
5.682926177978515625e-01
6.024390459060668945e-01
5.975609421730041504e-01
5.951219797134399414e-01
5.853658318519592285e-01
5.829268097877502441e-01
5.634145736694335938e-01
6.000000238418579102e-01
5.878049135208129883e-01
5.926829576492309570e-01
5.951219797134399414e-01
5.926829576492309570e-01
5.731707215309143066e-01
5.951219797134399414e-01
6.121951341629028320e-01
5.926829576492309570e-01
5.804877877235412598e-01
5.951219797134399414e-01
5.975610017776489258e-01
6.073170900344848633e-01
5.951219201087951660e-01
5.756097435951232910e-01
5.951219797134399414e-01
6.097561120986938477e-01
5.951219201087951660e-01
5.878048539161682129e-01
