4.878048785030841827e-03
1.219512149691581726e-02
1.219512149691581726e-02
2.439024299383163452e-02
2.439024299383163452e-02
1.951219514012336731e-02
1.951219514012336731e-02
2.195121720433235168e-02
2.439024299383163452e-02
2.926829084753990173e-02
1.219512149691581726e-02
1.463414542376995087e-02
2.439024299383163452e-02
2.439024299383163452e-02
3.170731663703918457e-02
3.658536449074745178e-02
3.170731663703918457e-02
5.121951177716255188e-02
2.926829084753990173e-02
4.146341234445571899e-02
6.097561120986938477e-02
5.121950805187225342e-02
7.073170691728591919e-02
8.780486881732940674e-02
9.024389833211898804e-02
1.024390235543251038e-01
1.073170751333236694e-01
1.268292665481567383e-01
1.341463476419448853e-01
1.536585390567779541e-01
1.585365533828735352e-01
1.731707304716110229e-01
1.926829367876052856e-01
2.170731574296951294e-01
2.292682826519012451e-01
2.365853488445281982e-01
2.365853637456893921e-01
2.951219379901885986e-01
2.756097316741943359e-01
2.902438938617706299e-01
3.146341443061828613e-01
3.317072987556457520e-01
3.487804532051086426e-01
3.292682766914367676e-01
3.390243947505950928e-01
4.000000059604644775e-01
3.439024686813354492e-01
3.756097555160522461e-01
3.902438879013061523e-01
3.731707334518432617e-01
4.341463148593902588e-01
4.000000059604644775e-01
4.365853369235992432e-01
4.219512045383453369e-01
4.024390280246734619e-01
4.268292784690856934e-01
4.414634108543395996e-01
4.560975730419158936e-01
4.414634108543395996e-01
4.609756171703338623e-01
4.487804770469665527e-01
4.512194991111755371e-01
4.682926833629608154e-01
4.902438819408416748e-01
4.682926535606384277e-01
4.634146392345428467e-01
4.487804770469665527e-01
4.682926833629608154e-01
4.853658676147460938e-01
4.780487716197967529e-01
4.780487716197967529e-01
4.756097495555877686e-01
4.926829338073730469e-01
4.731707274913787842e-01
4.902438819408416748e-01
4.926829040050506592e-01
4.804877936840057373e-01
4.682926833629608154e-01
4.560975432395935059e-01
5.024390220642089844e-01
4.902438819408416748e-01
4.707317054271697998e-01
4.975609481334686279e-01
5.195121765136718750e-01
5.024390220642089844e-01
4.951219260692596436e-01
4.975609779357910156e-01
4.804878234863281250e-01
5.097560882568359375e-01
5.146341323852539062e-01
5.121951103210449219e-01
5.073170661926269531e-01
5.317073464393615723e-01
4.853658378124237061e-01
5.048780441284179688e-01
5.268292427062988281e-01
5.170731544494628906e-01
5.097560882568359375e-01
5.097560882568359375e-01
4.951219260692596436e-01
5.073170661926269531e-01
5.024390220642089844e-01
5.097560286521911621e-01
5.146341323852539062e-01
5.146341323852539062e-01
5.195121765136718750e-01
5.146341323852539062e-01
5.170731544494628906e-01
5.268292427062988281e-01
5.317072868347167969e-01
5.073170065879821777e-01
5.048780441284179688e-01
5.195121765136718750e-01
5.268292427062988281e-01
5.219511985778808594e-01
5.243902206420898438e-01
5.365853309631347656e-01
5.243902206420898438e-01
5.512194633483886719e-01
5.414633750915527344e-01
5.219511985778808594e-01
5.585365295410156250e-01
5.317072868347167969e-01
5.463414192199707031e-01
5.365853309631347656e-01
5.195121765136718750e-01
5.707316994667053223e-01
5.317072868347167969e-01
5.048780441284179688e-01
5.390243530273437500e-01
5.439023971557617188e-01
5.097560882568359375e-01
5.243902206420898438e-01
5.219511985778808594e-01
5.219511985778808594e-01
5.341463088989257812e-01
5.292682647705078125e-01
5.414634346961975098e-01
5.219511985778808594e-01
5.365853309631347656e-01
5.536584854125976562e-01
5.585365295410156250e-01
5.414633750915527344e-01
5.414634346961975098e-01
5.414634346961975098e-01
5.365853309631347656e-01
5.365853309631347656e-01
5.195121765136718750e-01
5.268292427062988281e-01
5.439023971557617188e-01
5.707316994667053223e-01
5.585365295410156250e-01
5.609755516052246094e-01
5.560975074768066406e-01
5.439023971557617188e-01
5.463414192199707031e-01
5.365853309631347656e-01
5.536585450172424316e-01
5.780487656593322754e-01
5.585365295410156250e-01
5.414634346961975098e-01
5.317072868347167969e-01
5.243902206420898438e-01
5.390243530273437500e-01
5.365853309631347656e-01
5.292682647705078125e-01
5.341463088989257812e-01
5.439023971557617188e-01
5.658535957336425781e-01
5.414633750915527344e-01
5.439023971557617188e-01
5.365853309631347656e-01
5.097560882568359375e-01
5.414633750915527344e-01
5.682926177978515625e-01
5.731706619262695312e-01
5.268292427062988281e-01
5.414633750915527344e-01
5.390243530273437500e-01
5.243902206420898438e-01
5.341463685035705566e-01
5.560975074768066406e-01
5.268292427062988281e-01
5.682926774024963379e-01
5.560975074768066406e-01
5.756097435951232910e-01
5.560975074768066406e-01
5.658536553382873535e-01
5.780487656593322754e-01
5.512195825576782227e-01
5.512194633483886719e-01
5.756097435951232910e-01
5.560975670814514160e-01
5.560975670814514160e-01
5.658535957336425781e-01
5.560975074768066406e-01
5.390243530273437500e-01
5.195121765136718750e-01
5.560975074768066406e-01
5.512194633483886719e-01
