2.682926692068576813e-02
2.682926878333091736e-02
2.195121906697750092e-02
2.926829084753990173e-02
2.926829084753990173e-02
3.170731663703918457e-02
2.439024299383163452e-02
4.146341606974601746e-02
4.146341234445571899e-02
5.365853756666183472e-02
5.853658914566040039e-02
6.341463327407836914e-02
6.585365533828735352e-02
7.560975104570388794e-02
9.756097942590713501e-02
9.512194246053695679e-02
1.073170825839042664e-01
1.536585390567779541e-01
1.219512149691581726e-01
1.682926863431930542e-01
1.975609809160232544e-01
2.048780471086502075e-01
2.048780620098114014e-01
2.268292754888534546e-01
2.414633929729461670e-01
2.390243858098983765e-01
2.756097614765167236e-01
3.195121586322784424e-01
3.097561001777648926e-01
3.317072987556457520e-01
3.560975790023803711e-01
3.756097853183746338e-01
3.634146451950073242e-01
4.073170721530914307e-01
3.658536374568939209e-01
4.024390280246734619e-01
3.756097555160522461e-01
4.121951162815093994e-01
4.195122122764587402e-01
4.170731604099273682e-01
4.512195289134979248e-01
4.682926535606384277e-01
4.487805068492889404e-01
4.707317352294921875e-01
4.829268455505371094e-01
4.951219558715820312e-01
4.902438819408416748e-01
4.975609779357910156e-01
5.000000000000000000e-01
5.195121765136718750e-01
5.341463088989257812e-01
4.975609779357910156e-01
5.268292427062988281e-01
5.024390220642089844e-01
5.024390220642089844e-01
5.243902206420898438e-01
4.829267859458923340e-01
5.414633750915527344e-01
5.292682647705078125e-01
5.317072868347167969e-01
5.463414192199707031e-01
5.439023971557617188e-01
5.487804412841796875e-01
5.414633750915527344e-01
5.609756112098693848e-01
5.195121765136718750e-01
5.341463088989257812e-01
5.463414192199707031e-01
5.585365891456604004e-01
5.609756112098693848e-01
5.414633750915527344e-01
5.560975074768066406e-01
5.390243530273437500e-01
5.512194633483886719e-01
5.560975074768066406e-01
5.585365891456604004e-01
5.682926177978515625e-01
5.463414192199707031e-01
5.634146332740783691e-01
5.487804412841796875e-01
5.707316994667053223e-01
5.804877877235412598e-01
5.536584854125976562e-01
5.780487656593322754e-01
5.560975074768066406e-01
5.658535957336425781e-01
5.487805008888244629e-01
5.560975670814514160e-01
5.439023971557617188e-01
5.756097435951232910e-01
5.902438759803771973e-01
5.658536553382873535e-01
5.951219797134399414e-01
5.682926177978515625e-01
5.634146332740783691e-01
5.658535957336425781e-01
5.682926774024963379e-01
5.634146332740783691e-01
5.804877281188964844e-01
5.560975074768066406e-01
5.536585450172424316e-01
5.634146332740783691e-01
5.682926774024963379e-01
5.804877877235412598e-01
5.756096839904785156e-01
5.658536553382873535e-01
5.853658318519592285e-01
5.658535957336425781e-01
5.853657722473144531e-01
5.634145736694335938e-01
6.000000238418579102e-01
5.878048539161682129e-01
5.853658318519592285e-01
5.829268097877502441e-01
5.902439355850219727e-01
5.731707811355590820e-01
5.804878473281860352e-01
5.682926177978515625e-01
5.975609421730041504e-01
5.902438759803771973e-01
5.902438759803771973e-01
5.975609421730041504e-01
5.756098031997680664e-01
5.609755516052246094e-01
5.731707215309143066e-01
5.853658318519592285e-01
5.756097435951232910e-01
5.731706619262695312e-01
5.780487656593322754e-01
6.048780679702758789e-01
5.682926774024963379e-01
5.560975074768066406e-01
5.829268097877502441e-01
5.731707215309143066e-01
5.853658318519592285e-01
5.804878473281860352e-01
5.878048539161682129e-01
5.902438759803771973e-01
5.951218605041503906e-01
5.902438759803771973e-01
5.878048539161682129e-01
5.804877877235412598e-01
5.804878473281860352e-01
5.634146928787231445e-01
5.829268097877502441e-01
5.804877877235412598e-01
5.780487656593322754e-01
5.853658318519592285e-01
5.804877877235412598e-01
5.853658318519592285e-01
5.804877877235412598e-01
5.585365891456604004e-01
5.951219201087951660e-01
5.926828980445861816e-01
5.926828980445861816e-01
5.804877877235412598e-01
6.048780679702758789e-01
5.951219797134399414e-01
5.609756112098693848e-01
5.878049135208129883e-01
5.731707811355590820e-01
5.902438759803771973e-01
5.853658318519592285e-01
6.048780679702758789e-01
5.902438759803771973e-01
6.146341562271118164e-01
5.951219797134399414e-01
5.926828980445861816e-01
6.048780083656311035e-01
5.804878473281860352e-01
5.878049135208129883e-01
6.048780083656311035e-01
6.097561120986938477e-01
5.951219797134399414e-01
5.780487060546875000e-01
5.878048539161682129e-01
5.926829576492309570e-01
5.951219201087951660e-01
6.121950745582580566e-01
5.975609421730041504e-01
5.999999642372131348e-01
6.097560524940490723e-01
5.780487060546875000e-01
5.902438759803771973e-01
5.902438759803771973e-01
5.926828980445861816e-01
6.195122003555297852e-01
5.951219201087951660e-01
5.902438759803771973e-01
5.975610017776489258e-01
5.902439355850219727e-01
5.878048539161682129e-01
6.073170304298400879e-01
5.902439355850219727e-01
6.073170900344848633e-01
6.097561120986938477e-01
5.926828980445861816e-01
5.853658318519592285e-01
5.829268097877502441e-01
5.999999642372131348e-01
