1.346469670534133911e-02
2.233168855309486389e-02
2.200328558683395386e-02
2.430213615298271179e-02
2.463054284453392029e-02
2.495894953608512878e-02
2.561576291918754578e-02
3.415435180068016052e-02
3.776682913303375244e-02
5.057471245527267456e-02
6.568144261837005615e-02
7.783251255750656128e-02
9.655172377824783325e-02
1.188834160566329956e-01
1.339901536703109741e-01
1.642036139965057373e-01
1.881773322820663452e-01
2.229885011911392212e-01
2.463054209947586060e-01
2.650246024131774902e-01
2.952380776405334473e-01
3.234811127185821533e-01
3.284071981906890869e-01
3.559933900833129883e-01
3.642036020755767822e-01
3.802955448627471924e-01
3.934318423271179199e-01
4.141215085983276367e-01
4.187191724777221680e-01
4.288997948169708252e-01
4.489326477050781250e-01
4.630541801452636719e-01
4.568144381046295166e-01
4.692939221858978271e-01
4.748768210411071777e-01
4.955664873123168945e-01
4.932675957679748535e-01
4.988505244255065918e-01
5.142856836318969727e-01
5.192117691040039062e-01
5.155993103981018066e-01
5.172413587570190430e-01
5.385878086090087891e-01
5.441707372665405273e-01
5.376025438308715820e-01
5.523809194564819336e-01
5.576354265213012695e-01
5.579637885093688965e-01
5.674875974655151367e-01
5.605910420417785645e-01
5.684728622436523438e-01
5.733989477157592773e-01
5.776681900024414062e-01
5.724137425422668457e-01
5.812807083129882812e-01
5.789818763732910156e-01
5.914613604545593262e-01
6.082100868225097656e-01
6.009851694107055664e-01
6.009851694107055664e-01
5.996715426445007324e-01
6.029555797576904297e-01
5.944170951843261719e-01
6.042692661285400391e-01
6.177338957786560059e-01
6.124793887138366699e-01
6.216748356819152832e-01
6.282429695129394531e-01
6.259441375732421875e-01
6.302133798599243164e-01
6.390804052352905273e-01
6.344826817512512207e-01
6.266008615493774414e-01
6.384235620498657227e-01
6.390804052352905273e-01
6.387519240379333496e-01
6.430212259292602539e-01
6.518882513046264648e-01
6.387519836425781250e-01
6.354679465293884277e-01
6.538587212562561035e-01
6.623973846435546875e-01
6.623973250389099121e-01
6.669950485229492188e-01
6.706074476242065430e-01
6.732347011566162109e-01
6.709358692169189453e-01
6.640392541885375977e-01
6.775040030479431152e-01
6.600983738899230957e-01
6.794744133949279785e-01
6.768472194671630859e-01
6.748767495155334473e-01
6.715927124023437500e-01
6.870278120040893555e-01
6.811164617538452148e-01
6.771756410598754883e-01
6.834154129028320312e-01
6.834154129028320312e-01
6.863710284233093262e-01
6.850574016571044922e-01
6.775039434432983398e-01
6.738915443420410156e-01
6.847289800643920898e-01
6.860426664352416992e-01
6.899834871292114258e-01
6.903118491172790527e-01
6.876846551895141602e-01
6.755335927009582520e-01
6.896550655364990234e-01
6.975368261337280273e-01
6.863710284233093262e-01
6.949095726013183594e-01
6.988505125045776367e-01
6.929391622543334961e-01
6.837437748908996582e-01
7.014777660369873047e-01
6.991788148880004883e-01
6.909687519073486328e-01
6.962232589721679688e-01
6.978652477264404297e-01
6.958948373794555664e-01
6.942528486251831055e-01
6.985220909118652344e-01
6.909687519073486328e-01
7.090311050415039062e-01
7.031197547912597656e-01
7.087026834487915039e-01
6.985220909118652344e-01
7.073890566825866699e-01
7.123152017593383789e-01
7.018061876296997070e-01
6.998357176780700684e-01
7.034482359886169434e-01
7.070606350898742676e-01
7.087027430534362793e-01
7.064038515090942383e-01
7.041050791740417480e-01
7.027913928031921387e-01
7.126435637474060059e-01
7.083742618560791016e-01
7.103447914123535156e-01
7.126436233520507812e-01
7.110015153884887695e-01
7.139572501182556152e-01
7.077174782752990723e-01
7.064038515090942383e-01
7.037765979766845703e-01
7.060754895210266113e-01
7.113299369812011719e-01
7.110015153884887695e-01
7.103447914123535156e-01
7.169128656387329102e-01
7.116583585739135742e-01
7.188833951950073242e-01
7.195401191711425781e-01
7.119867801666259766e-01
7.129719257354736328e-01
7.129719257354736328e-01
7.162561416625976562e-01
7.274218797683715820e-01
7.264367341995239258e-01
7.316911816596984863e-01
7.261082530021667480e-01
7.349753379821777344e-01
7.241378426551818848e-01
7.320196628570556641e-01
7.330048680305480957e-01
7.224957942962646484e-01
7.336616516113281250e-01
7.405582070350646973e-01
7.336617112159729004e-01
7.320195436477661133e-01
7.303776144981384277e-01
7.330048084259033203e-01
7.500820159912109375e-01
7.257798910140991211e-01
7.234810590744018555e-01
7.369457483291625977e-01
7.382593154907226562e-01
7.339900135993957520e-01
7.441706061363220215e-01
7.395730018615722656e-01
7.323479652404785156e-01
7.385877370834350586e-01
7.372741103172302246e-01
7.448274493217468262e-01
7.353036999702453613e-01
7.366173863410949707e-01
7.300491929054260254e-01
7.415434122085571289e-01
7.369457483291625977e-01
7.402297854423522949e-01
7.385877370834350586e-01
7.369457483291625977e-01
7.422001957893371582e-01
7.366172671318054199e-01
7.438423633575439453e-01
7.454842925071716309e-01
7.415434122085571289e-01
