3.439944267272949219e+00
6.362019538879394531e+00
9.315618276596069336e+00
1.258033132553100586e+01
1.567355346679687500e+01
1.878026080131530762e+01
2.177588844299316406e+01
2.471497631072998047e+01
2.768758797645568848e+01
3.073113393783569336e+01
3.372476077079772949e+01
3.673890161514282227e+01
4.000272870063781738e+01
4.294932174682617188e+01
4.592443537712097168e+01
4.885952019691467285e+01
5.184864401817321777e+01
5.480133700370788574e+01
5.781100201606750488e+01
6.103529262542724609e+01
6.412199234962463379e+01
6.708759903907775879e+01
7.011124730110168457e+01
7.310039353370666504e+01
7.611203360557556152e+01
7.953746652603149414e+01
8.261215090751647949e+01
8.566732144355773926e+01
8.862042760848999023e+01
9.164107418060302734e+01
9.472026133537292480e+01
9.771688961982727051e+01
1.007135190963745117e+02
1.037261600494384766e+02
1.068058466911315918e+02
1.098485083580017090e+02
1.130362818241119385e+02
1.161174619197845459e+02
1.190445413589477539e+02
1.219826345443725586e+02
1.250027801990509033e+02
1.279413678646087646e+02
1.323339941501617432e+02
1.361091759204864502e+02
1.391208202838897705e+02
1.421804943084716797e+02
1.453017117977142334e+02
1.485240073204040527e+02
1.516487343311309814e+02
1.547534399032592773e+02
1.580537848472595215e+02
1.625144758224487305e+02
1.658348343372344971e+02
1.684837164878845215e+02
1.712191591262817383e+02
1.738775939941406250e+02
1.764934678077697754e+02
1.790927996635437012e+02
1.817802441120147705e+02
1.844276087284088135e+02
1.870589778423309326e+02
1.897073602676391602e+02
1.922976996898651123e+02
1.949961166381835938e+02
1.976414961814880371e+02
2.002523505687713623e+02
2.028416900634765625e+02
2.055000789165496826e+02
2.080714054107666016e+02
2.107362985610961914e+02
2.134597332477569580e+02
2.160590806007385254e+02
2.187064604759216309e+02
2.212932984828948975e+02
2.238701291084289551e+02
2.264980089664459229e+02
2.291038599014282227e+02
2.323096380233764648e+02
2.350250663757324219e+02
2.376584377288818359e+02
2.403253321647644043e+02
2.429867229461669922e+02
2.456275990009307861e+02
2.481974248886108398e+02
2.508262917995452881e+02
2.534251382350921631e+02
2.560620117187500000e+02
2.586948819160461426e+02
2.613462655544281006e+02
2.639604330062866211e+02
2.665739159584045410e+02
2.691828558444976807e+02
2.718216807842254639e+02
2.744519767761230469e+02
2.771056501865386963e+02
2.797245111465454102e+02
2.823463733196258545e+02
2.849612305164337158e+02
2.875535726547241211e+02
2.901874430179595947e+02
2.928225510120391846e+02
2.954216043949127197e+02
2.980435767173767090e+02
3.006882457733154297e+02
3.032565391063690186e+02
3.058398308753967285e+02
3.084471840858459473e+02
3.110160086154937744e+02
3.135968525409698486e+02
3.162582437992095947e+02
3.188660960197448730e+02
3.214799706935882568e+02
3.241113395690917969e+02
3.267116868495941162e+02
3.293390536308288574e+02
3.319809310436248779e+02
3.346074914932250977e+02
3.372173459529876709e+02
3.408219063282012939e+02
3.437033526897430420e+02
3.464958653450012207e+02
3.495395274162292480e+02
3.523870499134063721e+02
3.553999223709106445e+02
3.586152136325836182e+02
3.615683388710021973e+02
3.648992047309875488e+02
3.686338584423065186e+02
3.723935286998748779e+02
3.764704256057739258e+02
3.806133687496185303e+02
3.843625319004058838e+02
3.873717193603515625e+02
3.901866464614868164e+02
3.930415985584259033e+02
3.957470211982727051e+02
3.990662357807159424e+02
4.022327485084533691e+02
4.049731950759887695e+02
4.075960814952850342e+02
4.102869954109191895e+02
4.129184401035308838e+02
4.156258635520935059e+02
4.184548728466033936e+02
4.214700157642364502e+02
4.243485605716705322e+02
4.271765692234039307e+02
4.298419620990753174e+02
4.325093576908111572e+02
4.352348628044128418e+02
4.380273463726043701e+02
4.406682226657867432e+02
4.432999560832977295e+02
4.459398317337036133e+02
4.485812227725982666e+02
4.512421123981475830e+02
4.538749949932098389e+02
4.564853935241699219e+02
4.591362843513488770e+02
4.618031785488128662e+02
4.644335534572601318e+02
4.670989477634429932e+02
4.697101669311523438e+02
4.723578841686248779e+02
4.750137703418731689e+02
4.776456403732299805e+02
4.802660014629364014e+02
4.829252197742462158e+02
4.855375757217407227e+02
4.881329195499420166e+02
4.907848181724548340e+02
4.933830916881561279e+02
4.960299723148345947e+02
4.986553373336791992e+02
5.012832040786743164e+02
5.039385902881622314e+02
5.065529477596282959e+02
5.091758108139038086e+02
5.118141851425170898e+02
5.144415519237518311e+02
5.170621991157531738e+02
5.197350983619689941e+02
5.223419501781463623e+02
5.249762079715728760e+02
5.275996048450469971e+02
5.302174654006958008e+02
5.328676881790161133e+02
5.355380845069885254e+02
5.381529421806335449e+02
5.407863132953643799e+02
5.434321925640106201e+02
5.461392843723297119e+02
5.487436351776123047e+02
5.513965191841125488e+02
5.539838573932647705e+02
5.566216053962707520e+02
5.592534751892089844e+02
5.619048593044281006e+02
5.645512387752532959e+02
5.671896131038665771e+02
