2.572052955627441406e+00
4.748770713806152344e+00
6.915562391281127930e+00
9.137349605560302734e+00
1.140225434303283691e+01
1.359499573707580566e+01
1.588081598281860352e+01
1.804161906242370605e+01
2.022984123229980469e+01
2.246013212203979492e+01
2.461888909339904785e+01
2.688286519050598145e+01
2.912761592864990234e+01
3.148455905914306641e+01
3.449876976013183594e+01
3.695595335960388184e+01
3.961829423904418945e+01
4.227793955802917480e+01
4.478154826164245605e+01
4.719761610031127930e+01
4.958272504806518555e+01
5.202199029922485352e+01
5.429757332801818848e+01
5.681067371368408203e+01
5.917474317550659180e+01
6.140409541130065918e+01
6.365643668174743652e+01
6.616825342178344727e+01
6.853458929061889648e+01
7.082496547698974609e+01
7.307310652732849121e+01
7.529756546020507812e+01
7.766379570960998535e+01
7.991724753379821777e+01
8.218121528625488281e+01
8.449086165428161621e+01
8.678510308265686035e+01
8.911318492889404297e+01
9.160076785087585449e+01
9.385790157318115234e+01
9.627296233177185059e+01
9.850498557090759277e+01
1.007478959560394287e+02
1.031146144866943359e+02
1.054126646518707275e+02
1.076988549232482910e+02
1.100608193874359131e+02
1.122977929115295410e+02
1.145187606811523438e+02
1.169418804645538330e+02
1.192819783687591553e+02
1.216278541088104248e+02
1.240388934612274170e+02
1.262367520332336426e+02
1.286703488826751709e+02
1.311268930435180664e+02
1.335087909698486328e+02
1.359404160976409912e+02
1.381773843765258789e+02
1.405919747352600098e+02
1.430996494293212891e+02
1.453518631458282471e+02
1.478453428745269775e+02
1.504838242530822754e+02
1.531522097587585449e+02
1.555542626380920410e+02
1.580143873691558838e+02
1.606033992767333984e+02
1.631410830020904541e+02
1.654591336250305176e+02
1.678334009647369385e+02
1.702438275814056396e+02
1.726496651172637939e+02
1.748454809188842773e+02
1.770898368358612061e+02
1.793452193737030029e+02
1.815661334991455078e+02
1.838758795261383057e+02
1.863047218322753906e+02
1.888314421176910400e+02
1.914404661655426025e+02
1.938903152942657471e+02
1.966206860542297363e+02
1.991735901832580566e+02
2.018146948814392090e+02
2.042485642433166504e+02
2.067208149433135986e+02
2.091205475330352783e+02
2.115608420372009277e+02
2.140124275684356689e+02
2.166249122619628906e+02
2.188385539054870605e+02
2.210646994113922119e+02
2.235858035087585449e+02
2.263865814208984375e+02
2.290799765586853027e+02
2.318457522392272949e+02
2.345357067584991455e+02
2.372849113941192627e+02
2.397319040298461914e+02
2.419650733470916748e+02
2.441581225395202637e+02
2.464169423580169678e+02
2.486668694019317627e+02
2.508666970729827881e+02
2.531135156154632568e+02
2.554037802219390869e+02
2.576715843677520752e+02
2.599645774364471436e+02
2.645351228713989258e+02
2.688151662349700928e+02
2.730376694202423096e+02
2.765716814994812012e+02
2.799691674709320068e+02
2.831802866458892822e+02
2.860440173149108887e+02
2.891738674640655518e+02
2.918814594745635986e+02
2.946836357116699219e+02
2.976349427700042725e+02
3.004045984745025635e+02
3.032246956825256348e+02
3.061880331039428711e+02
3.088270542621612549e+02
3.117804033756256104e+02
3.150901484489440918e+02
3.181105663776397705e+02
3.210618987083435059e+02
3.240764780044555664e+02
3.274942364692687988e+02
3.304842166900634766e+02
3.335001487731933594e+02
3.365566267967224121e+02
3.396430847644805908e+02
3.430374188423156738e+02
3.459472553730010986e+02
3.483963885307312012e+02
3.506218149662017822e+02
3.528134210109710693e+02
3.550331029891967773e+02
3.573048653602600098e+02
3.596226804256439209e+02
3.619164373874664307e+02
3.643455235958099365e+02
3.669545774459838867e+02
3.695181214809417725e+02
3.719638471603393555e+02
3.746458575725555420e+02
3.773556535243988037e+02
3.802830340862274170e+02
3.828731086254119873e+02
3.853299543857574463e+02
3.882536075115203857e+02
3.907623639106750488e+02
3.932846271991729736e+02
3.955983304977416992e+02
3.979752793312072754e+02
4.004926006793975830e+02
4.028312900066375732e+02
4.052802884578704834e+02
4.078407800197601318e+02
4.102927627563476562e+02
4.126228253841400146e+02
4.150509388446807861e+02
4.173715746402740479e+02
4.198424437046051025e+02
4.222322769165039062e+02
4.245271794795989990e+02
4.269264910221099854e+02
4.293443198204040527e+02
4.318189742565155029e+02
4.342401049137115479e+02
4.365261771678924561e+02
4.388609421253204346e+02
4.412560381889343262e+02
4.436220140457153320e+02
4.461634933948516846e+02
4.485918977260589600e+02
4.509265012741088867e+02
4.533343644142150879e+02
4.560419437885284424e+02
4.584239130020141602e+02
4.608733417987823486e+02
4.632925012111663818e+02
4.655991094112396240e+02
4.685357275009155273e+02
4.710660157203674316e+02
4.735470671653747559e+02
4.758999533653259277e+02
4.784658780097961426e+02
4.810190806388854980e+02
4.834436752796173096e+02
4.857970464229583740e+02
4.882115888595581055e+02
4.905463018417358398e+02
4.929163386821746826e+02
4.952633857727050781e+02
4.975979709625244141e+02
4.999753978252410889e+02
5.024185452461242676e+02
