2.886249065399169922e+00
5.536073684692382812e+00
8.106964349746704102e+00
1.069218897819519043e+01
1.319383740425109863e+01
1.569055986404418945e+01
1.824772500991821289e+01
2.078164577484130859e+01
2.318477845191955566e+01
2.577038073539733887e+01
2.822345423698425293e+01
3.056630873680114746e+01
3.300331759452819824e+01
3.558337783813476562e+01
3.816649198532104492e+01
4.080160140991210938e+01
4.389117932319641113e+01
4.703877043724060059e+01
4.959277701377868652e+01
5.216297674179077148e+01
5.483013987541198730e+01
5.737013411521911621e+01
5.986711454391479492e+01
6.235224413871765137e+01
6.480708932876586914e+01
6.733334755897521973e+01
6.982439613342285156e+01
7.232333564758300781e+01
7.489395380020141602e+01
7.746948361396789551e+01
7.995247626304626465e+01
8.251669955253601074e+01
8.496073722839355469e+01
8.742865848541259766e+01
9.015729594230651855e+01
9.276371741294860840e+01
9.522802233695983887e+01
9.780706167221069336e+01
1.003181505203247070e+02
1.028766694068908691e+02
1.052796480655670166e+02
1.076871397495269775e+02
1.102111196517944336e+02
1.125510447025299072e+02
1.148598947525024414e+02
1.172478828430175781e+02
1.196657669544219971e+02
1.221538565158843994e+02
1.245377132892608643e+02
1.273200507164001465e+02
1.300454125404357910e+02
1.325944085121154785e+02
1.350324847698211670e+02
1.374273598194122314e+02
1.398322751522064209e+02
1.422152249813079834e+02
1.446872308254241943e+02
1.470812029838562012e+02
1.495792009830474854e+02
1.520741763114929199e+02
1.546100571155548096e+02
1.572136092185974121e+02
1.597185878753662109e+02
1.621985385417938232e+02
1.646795022487640381e+02
1.673085961341857910e+02
1.700342648029327393e+02
1.727970762252807617e+02
1.751420698165893555e+02
1.774689111709594727e+02
1.797937550544738770e+02
1.822878031730651855e+02
1.848378260135650635e+02
1.874059216976165771e+02
1.897818920612335205e+02
1.921117744445800781e+02
1.946588768959045410e+02
1.980065436363220215e+02
2.017346010208129883e+02
2.044428122043609619e+02
2.070068569183349609e+02
2.094348530769348145e+02
2.118918480873107910e+02
2.144519817829132080e+02
2.170642092227935791e+02
2.195463416576385498e+02
2.219081122875213623e+02
2.243179461956024170e+02
2.267319529056549072e+02
2.290498316287994385e+02
2.313617095947265625e+02
2.337146832942962646e+02
2.360475344657897949e+02
2.389118218421936035e+02
2.413188364505767822e+02
2.436823742389678955e+02
2.460812504291534424e+02
2.484526472091674805e+02
2.509096722602844238e+02
2.541153254508972168e+02
2.567624163627624512e+02
2.594005565643310547e+02
2.620877621173858643e+02
2.646433939933776855e+02
2.670557892322540283e+02
2.696528551578521729e+02
2.722719438076019287e+02
2.747540273666381836e+02
2.773011281490325928e+02
2.798051440715789795e+02
2.821960992813110352e+02
2.847548444271087646e+02
2.873264234066009521e+02
2.896502351760864258e+02
2.922904214859008789e+02
2.946102573871612549e+02
2.972853958606719971e+02
2.997292976379394531e+02
3.022644510269165039e+02
3.047764365673065186e+02
3.072699487209320068e+02
3.096564645767211914e+02
3.120364069938659668e+02
3.145053448677062988e+02
3.168978891372680664e+02
3.191071078777313232e+02
3.215321438312530518e+02
3.238579854965209961e+02
3.261900804042816162e+02
3.285269176959991455e+02
3.308927798271179199e+02
3.332226219177246094e+02
3.356007270812988281e+02
3.380095603466033936e+02
3.406115562915802002e+02
3.429365456104278564e+02
3.452453641891479492e+02
3.475842778682708740e+02
3.501343333721160889e+02
3.527055788040161133e+02
3.552791121006011963e+02
3.580248882770538330e+02
3.605369074344635010e+02
3.632480518817901611e+02
3.657460882663726807e+02
3.683101811408996582e+02
3.709673624038696289e+02
3.735123946666717529e+02
3.760464713573455811e+02
3.787736549377441406e+02
3.814068222045898438e+02
3.840639796257019043e+02
3.867462058067321777e+02
3.892737429141998291e+02
3.918353257179260254e+02
3.944359571933746338e+02
3.968049032688140869e+02
3.993974647521972656e+02
4.019315507411956787e+02
4.045077500343322754e+02
4.069867458343505859e+02
4.096538200378417969e+02
4.121408512592315674e+02
4.145768334865570068e+02
4.169817843437194824e+02
4.194969608783721924e+02
4.219348781108856201e+02
4.244509015083312988e+02
4.268918271064758301e+02
4.294895894527435303e+02
4.319509923458099365e+02
4.343318424224853516e+02
4.367218163013458252e+02
4.391227824687957764e+02
4.415929746627807617e+02
4.440158834457397461e+02
4.464307935237884521e+02
4.489978561401367188e+02
4.514758081436157227e+02
4.541920650005340576e+02
4.566110863685607910e+02
4.589634633064270020e+02
4.613177914619445801e+02
4.637838463783264160e+02
4.665395574569702148e+02
4.699691257476806641e+02
4.739789764881134033e+02
4.775631310939788818e+02
4.809952275753021240e+02
4.845818161964416504e+02
4.879473807811737061e+02
4.916840977668762207e+02
4.951728422641754150e+02
4.987855591773986816e+02
5.021097075939178467e+02
5.055529470443725586e+02
5.087645022869110107e+02
5.117161386013031006e+02
5.149851400852203369e+02
5.185498094558715820e+02
