2.366000175476074219e+00
4.508983135223388672e+00
6.830996036529541016e+00
8.935791015625000000e+00
1.103106141090393066e+01
1.312431764602661133e+01
1.521657299995422363e+01
1.732272887229919434e+01
1.940436053276062012e+01
2.152305197715759277e+01
2.361239504814147949e+01
2.575958919525146484e+01
2.790523076057434082e+01
2.999558877944946289e+01
3.211287498474121094e+01
3.424109673500061035e+01
3.634186744689941406e+01
3.845710968971252441e+01
4.057905817031860352e+01
4.270422530174255371e+01
4.482758975028991699e+01
4.695639228820800781e+01
4.904886102676391602e+01
5.119655656814575195e+01
5.332837581634521484e+01
5.548038744926452637e+01
5.757557487487792969e+01
5.969643044471740723e+01
6.181356668472290039e+01
6.394551444053649902e+01
6.608066225051879883e+01
6.826356434822082520e+01
7.038035941123962402e+01
7.248416471481323242e+01
7.463453602790832520e+01
7.675987529754638672e+01
7.889006257057189941e+01
8.104206156730651855e+01
8.318304419517517090e+01
8.529967713356018066e+01
8.741033649444580078e+01
8.955400919914245605e+01
9.170747280120849609e+01
9.383916664123535156e+01
9.596288561820983887e+01
9.810198473930358887e+01
1.002335774898529053e+02
1.023653187751770020e+02
1.044899864196777344e+02
1.066324088573455811e+02
1.087233536243438721e+02
1.109044523239135742e+02
1.130440659523010254e+02
1.151935257911682129e+02
1.173158848285675049e+02
1.195056018829345703e+02
1.216305873394012451e+02
1.237441360950469971e+02
1.258754441738128662e+02
1.280105042457580566e+02
1.301254630088806152e+02
1.322439589500427246e+02
1.343912119865417480e+02
1.365413303375244141e+02
1.386943936347961426e+02
1.408205552101135254e+02
1.429535202980041504e+02
1.450979442596435547e+02
1.472232823371887207e+02
1.493493485450744629e+02
1.514681582450866699e+02
1.536039206981658936e+02
1.557146461009979248e+02
1.578305478096008301e+02
1.599615275859832764e+02
1.621619791984558105e+02
1.643075616359710693e+02
1.664408314228057861e+02
1.685580432415008545e+02
1.707450470924377441e+02
1.728606719970703125e+02
1.750550718307495117e+02
1.771896817684173584e+02
1.793460655212402344e+02
1.814775810241699219e+02
1.836185808181762695e+02
1.859198825359344482e+02
1.881032032966613770e+02
1.908355123996734619e+02
1.942485544681549072e+02
1.968171491622924805e+02
1.990279896259307861e+02
2.015252082347869873e+02
2.045592422485351562e+02
2.070375332832336426e+02
2.095170848369598389e+02
2.118359012603759766e+02
2.140450947284698486e+02
2.163495552539825439e+02
2.189612462520599365e+02
2.213517034053802490e+02
2.236880719661712646e+02
2.259474406242370605e+02
2.286035773754119873e+02
2.308853724002838135e+02
2.331991026401519775e+02
2.355624237060546875e+02
2.379632599353790283e+02
2.402553353309631348e+02
2.425125520229339600e+02
2.448927390575408936e+02
2.472132019996643066e+02
2.494795649051666260e+02
2.519829101562500000e+02
2.542572927474975586e+02
2.565088768005371094e+02
2.589035379886627197e+02
2.612333705425262451e+02
2.634905056953430176e+02
2.657055604457855225e+02
2.679500319957733154e+02
2.703950102329254150e+02
2.727540767192840576e+02
2.751316154003143311e+02
2.774312698841094971e+02
2.799765429496765137e+02
2.823202428817749023e+02
2.846226081848144531e+02
2.869881727695465088e+02
2.892410464286804199e+02
2.916232056617736816e+02
2.943376295566558838e+02
2.972872262001037598e+02
2.997965581417083740e+02
3.021155593395233154e+02
3.045877947807312012e+02
3.070146420001983643e+02
3.094655823707580566e+02
3.120968344211578369e+02
3.143157610893249512e+02
3.167359311580657959e+02
3.189750301837921143e+02
3.212416408061981201e+02
3.234752275943756104e+02
3.258283998966217041e+02
3.280704920291900635e+02
3.303325998783111572e+02
3.325706908702850342e+02
3.349929151535034180e+02
3.373580961227416992e+02
3.399839615821838379e+02
3.427949583530426025e+02
3.452877292633056641e+02
3.475238175392150879e+02
3.506780581474304199e+02
3.541089959144592285e+02
3.577053701877593994e+02
3.652622525691986084e+02
3.692430865764617920e+02
3.718619465827941895e+02
3.745378475189208984e+02
3.779742894172668457e+02
3.810915036201477051e+02
3.840591123104095459e+02
3.871648252010345459e+02
3.900573801994323730e+02
3.955653414726257324e+02
3.987861294746398926e+02
4.014110195636749268e+02
4.040243761539459229e+02
4.066682536602020264e+02
4.091750354766845703e+02
4.117878916263580322e+02
4.143146870136260986e+02
4.168534893989562988e+02
4.193977978229522705e+02
4.219065797328948975e+02
4.243968496322631836e+02
4.270252549648284912e+02
4.296816422939300537e+02
4.324330971240997314e+02
4.349884121417999268e+02
4.377503738403320312e+02
4.403472187519073486e+02
4.429755859375000000e+02
4.455003874301910400e+02
4.483008763790130615e+02
4.508932180404663086e+02
4.534073331356048584e+02
4.559881663322448730e+02
4.588242003917694092e+02
4.616802294254302979e+02
4.641865100860595703e+02
4.667993657588958740e+02
4.693922080993652344e+02
4.720681097507476807e+02
4.746274273395538330e+02
4.771687326431274414e+02
4.799053473472595215e+02
4.824731712341308594e+02
