1.609195396304130554e-02
1.970443315804004669e-02
1.083743851631879807e-02
2.003283984959125519e-02
2.134647034108638763e-02
1.740558259189128876e-02
1.740558445453643799e-02
1.444991771131753922e-02
1.871921308338642120e-02
1.477832533419132233e-02
1.642036065459251404e-02
1.182266045361757278e-02
1.674876734614372253e-02
1.576354540884494781e-02
1.477832533419132233e-02
2.003283984959125519e-02
1.674876734614372253e-02
1.642036065459251404e-02
1.871921122074127197e-02
1.609195396304130554e-02
1.313628815114498138e-02
1.510673388838768005e-02
1.576354727149009705e-02
1.970443315804004669e-02
1.412151101976633072e-02
1.839080266654491425e-02
1.412151008844375610e-02
1.609195396304130554e-02
1.740558259189128876e-02
1.773398928344249725e-02
1.247947476804256439e-02
1.806239597499370575e-02
1.313628908246755600e-02
1.806239783763885498e-02
1.642036065459251404e-02
1.609195210039615631e-02
1.970443315804004669e-02
1.412151008844375610e-02
1.642036065459251404e-02
1.543514057993888855e-02
1.477832533419132233e-02
1.576354540884494781e-02
1.642036065459251404e-02
1.543513871729373932e-02
1.773398928344249725e-02
1.970443315804004669e-02
1.839080452919006348e-02
2.134646847844123840e-02
1.674876734614372253e-02
1.576354727149009705e-02
1.609195396304130554e-02
1.412151101976633072e-02
1.477832533419132233e-02
1.740558072924613953e-02
1.477832533419132233e-02
1.707717403769493103e-02
1.477832533419132233e-02
1.642036065459251404e-02
1.871921122074127197e-02
1.871921122074127197e-02
1.510673202574253082e-02
1.642036065459251404e-02
1.642036065459251404e-02
1.576354727149009705e-02
1.707717403769493103e-02
1.839080452919006348e-02
1.444991864264011383e-02
1.773399114608764648e-02
1.674876920878887177e-02
1.707717403769493103e-02
1.247947476804256439e-02
1.510673202574253082e-02
1.839080452919006348e-02
1.740558259189128876e-02
1.773399114608764648e-02
1.510673202574253082e-02
1.576354727149009705e-02
1.543514057993888855e-02
1.642036065459251404e-02
1.871921122074127197e-02
1.215106714516878128e-02
1.477832533419132233e-02
1.642036065459251404e-02
1.412151101976633072e-02
1.642036065459251404e-02
1.576354727149009705e-02
1.740558259189128876e-02
1.806239783763885498e-02
1.379310246556997299e-02
1.444991771131753922e-02
1.510673202574253082e-02
1.806239783763885498e-02
1.576354727149009705e-02
1.674876734614372253e-02
1.609195396304130554e-02
1.674876734614372253e-02
1.773398928344249725e-02
1.642036251723766327e-02
1.477832533419132233e-02
1.444991864264011383e-02
1.543513964861631393e-02
1.806239783763885498e-02
1.674876920878887177e-02
1.806239783763885498e-02
1.215106807649135590e-02
1.642036065459251404e-02
1.806239783763885498e-02
1.904761977493762970e-02
1.543513778597116470e-02
2.167487703263759613e-02
1.642036065459251404e-02
1.937602460384368896e-02
2.068965509533882141e-02
2.101806178689002991e-02
1.970443315804004669e-02
1.904761791229248047e-02
2.430213615298271179e-02
2.167487703263759613e-02
1.937602646648883820e-02
2.758620865643024445e-02
4.499179124832153320e-02
4.236453026533126831e-02
4.729063808917999268e-02
5.353037267923355103e-02
6.239737570285797119e-02
7.422003149986267090e-02
7.619047164916992188e-02
8.998357504606246948e-02
1.077175736427307129e-01
1.270935982465744019e-01
1.333333402872085571e-01
1.543513834476470947e-01
1.688013225793838501e-01
1.740558296442031860e-01
1.947454810142517090e-01
2.131363004446029663e-01
2.203612327575683594e-01
2.377668321132659912e-01
2.463054209947586060e-01
2.673234939575195312e-01
2.893267869949340820e-01
2.886699438095092773e-01
2.896552085876464844e-01
2.978653609752655029e-01
3.188833892345428467e-01
3.257799744606018066e-01
3.349753618240356445e-01
3.320196866989135742e-01
3.428571224212646484e-01
3.527093231678009033e-01
3.651888370513916016e-01
3.717569708824157715e-01
3.714285194873809814e-01
3.783250749111175537e-01
3.816092014312744141e-01
3.934318125247955322e-01
4.006567597389221191e-01
4.108374118804931641e-01
4.137930870056152344e-01
4.075533449649810791e-01
4.262725710868835449e-01
4.190475940704345703e-01
4.272577762603759766e-01
4.380951821804046631e-01
4.449917674064636230e-01
4.512315094470977783e-01
4.476190209388732910e-01
4.545155465602874756e-01
4.400656521320343018e-01
4.502463042736053467e-01
4.610837101936340332e-01
4.715927243232727051e-01
4.758620262145996094e-01
4.745483994483947754e-01
4.899835586547851562e-01
4.873563349246978760e-01
4.817733764648437500e-01
4.807881712913513184e-01
4.837437868118286133e-01
4.919539690017700195e-01
4.929392039775848389e-01
5.080459117889404297e-01
4.906404018402099609e-01
5.116584300994873047e-01
4.985221326351165771e-01
5.146141052246093750e-01
5.113300085067749023e-01
5.123152732849121094e-01
5.175697803497314453e-01
5.185549259185791016e-01
5.264367461204528809e-01
5.228242278099060059e-01
5.297208428382873535e-01
5.349752902984619141e-01
5.307060480117797852e-01
5.261083245277404785e-01
5.444990992546081543e-01
5.343185067176818848e-01
5.431855320930480957e-01
5.297208428382873535e-01
