1.609195210039615631e-02
1.773398928344249725e-02
1.937602832913398743e-02
1.510673202574253082e-02
1.806239783763885498e-02
1.477832533419132233e-02
1.379310339689254761e-02
1.707717590034008026e-02
1.444991771131753922e-02
1.576354727149009705e-02
1.937602646648883820e-02
1.904761791229248047e-02
1.609195396304130554e-02
1.576354727149009705e-02
1.904761977493762970e-02
2.134646847844123840e-02
1.740558259189128876e-02
1.674876920878887177e-02
2.495894953608512878e-02
1.871921122074127197e-02
1.904761977493762970e-02
1.642036065459251404e-02
2.003283798694610596e-02
1.510673388838768005e-02
1.576354727149009705e-02
1.773399114608764648e-02
1.740558259189128876e-02
1.937602460384368896e-02
1.543514057993888855e-02
1.674876920878887177e-02
1.773398928344249725e-02
1.937602646648883820e-02
1.937602646648883820e-02
2.003283984959125519e-02
2.463054284453392029e-02
2.331691421568393707e-02
2.036124654114246368e-02
2.397372759878635406e-02
2.463054098188877106e-02
2.266009896993637085e-02
2.594416961073875427e-02
2.692939341068267822e-02
2.463054284453392029e-02
2.692939154803752899e-02
3.579638898372650146e-02
3.678160905838012695e-02
3.579638898372650146e-02
3.382594138383865356e-02
4.006568342447280884e-02
4.137931019067764282e-02
5.123152956366539001e-02
6.042693182826042175e-02
6.371100246906280518e-02
6.371100246906280518e-02
6.765189021825790405e-02
6.896551698446273804e-02
8.111658692359924316e-02
8.374384045600891113e-02
8.669950067996978760e-02
9.261083602905273438e-02
1.041051000356674194e-01
1.037766784429550171e-01
1.093596071004867554e-01
1.211822554469108582e-01
1.376026272773742676e-01
1.336617469787597656e-01
1.431855410337448120e-01
1.379310339689254761e-01
1.556650251150131226e-01
1.628899723291397095e-01
1.753694415092468262e-01
1.763546764850616455e-01
1.914614140987396240e-01
2.091954052448272705e-01
2.229885011911392212e-01
2.288998216390609741e-01
2.318554967641830444e-01
2.380952239036560059e-01
2.597700953483581543e-01
2.775040864944458008e-01
2.742200195789337158e-01
2.771756947040557861e-01
2.903119921684265137e-01
3.050903081893920898e-01
2.968801259994506836e-01
3.165845274925231934e-01
3.224959075450897217e-01
3.330049216747283936e-01
3.507388830184936523e-01
3.589490950107574463e-01
3.550081849098205566e-01
3.546797931194305420e-01
3.711001574993133545e-01
3.579638600349426270e-01
3.773398995399475098e-01
3.799671232700347900e-01
3.865352869033813477e-01
3.921182155609130859e-01
4.036124944686889648e-01
4.072249233722686768e-01
4.068965315818786621e-01
4.095237851142883301e-01
4.223316907882690430e-01
4.387520253658294678e-01
4.229884743690490723e-01
4.315271079540252686e-01
4.325122833251953125e-01
4.449917674064636230e-01
4.423644840717315674e-01
4.410508871078491211e-01
4.610837399959564209e-01
4.584564566612243652e-01
4.627257585525512695e-01
4.564860463142395020e-01
4.771756529808044434e-01
4.676518440246582031e-01
4.722495377063751221e-01
4.768472611904144287e-01
4.811165332794189453e-01
4.814449548721313477e-01
4.850574731826782227e-01
4.906404018402099609e-01
4.876846969127655029e-01
4.896551072597503662e-01
5.031198263168334961e-01
4.906403720378875732e-01
5.031198859214782715e-01
5.100164413452148438e-01
5.146141052246093750e-01
5.188833475112915039e-01
5.123152732849121094e-01
5.244663357734680176e-01
5.110015869140625000e-01
5.238094925880432129e-01
5.133004784584045410e-01
5.287355780601501465e-01
5.119868516921997070e-01
5.326764583587646484e-01
5.399014949798583984e-01
5.323480963706970215e-01
5.477831959724426270e-01
5.441706776618957520e-01
5.458127260208129883e-01
5.477831959724426270e-01
5.500820279121398926e-01
5.392446517944335938e-01
5.372741818428039551e-01
5.448275208473205566e-01
5.533660650253295898e-01
5.635467171669006348e-01
5.533661246299743652e-01
5.579637885093688965e-01
5.678159594535827637e-01
5.543513298034667969e-01
5.592774152755737305e-01
5.533660650253295898e-01
5.586206316947937012e-01
5.655171871185302734e-01
5.684728622436523438e-01
5.596058368682861328e-01
5.596058964729309082e-01
5.691295862197875977e-01
5.770114660263061523e-01
5.783250331878662109e-01
5.747126340866088867e-01
5.743841528892517090e-01
5.776682496070861816e-01
5.825943350791931152e-01
5.809523463249206543e-01
5.858784317970275879e-01
5.862068533897399902e-01
5.825943350791931152e-01
5.822659730911254883e-01
5.973727107048034668e-01
5.950738191604614258e-01
5.963874459266662598e-01
6.039408445358276367e-01
6.059113144874572754e-01
5.914613604545593262e-01
5.934317708015441895e-01
6.091953516006469727e-01
6.016419529914855957e-01
5.911328792572021484e-01
5.996715426445007324e-01
5.993431806564331055e-01
6.032840013504028320e-01
6.082101464271545410e-01
6.055828332901000977e-01
6.068964600563049316e-01
6.170771121978759766e-01
6.243020296096801758e-01
6.183907389640808105e-01
6.062396764755249023e-01
6.059112548828125000e-01
6.088669300079345703e-01
6.091953516006469727e-01
6.082101464271545410e-01
6.065680980682373047e-01
6.183907389640808105e-01
6.220032572746276855e-01
