4.754878044128417969e+00
8.708186149597167969e+00
1.279458999633789062e+01
1.666283988952636719e+01
2.046368026733398438e+01
2.427090501785278320e+01
2.793941378593444824e+01
3.178224325180053711e+01
3.563898372650146484e+01
3.961881136894226074e+01
4.355660843849182129e+01
4.753593659400939941e+01
5.134063816070556641e+01
5.505027341842651367e+01
5.893403291702270508e+01
6.293687629699707031e+01
6.678961300849914551e+01
7.059081363677978516e+01
7.440852594375610352e+01
7.821873235702514648e+01
8.203294205665588379e+01
8.580812525749206543e+01
8.954928231239318848e+01
9.350158977508544922e+01
9.739185452461242676e+01
1.012158813476562500e+02
1.049655449390411377e+02
1.088793265819549561e+02
1.129442131519317627e+02
1.168074574470520020e+02
1.206176748275756836e+02
1.244418916702270508e+02
1.282465951442718506e+02
1.323100059032440186e+02
1.362798340320587158e+02
1.401856083869934082e+02
1.441899530887603760e+02
1.481998023986816406e+02
1.519784862995147705e+02
1.558427314758300781e+02
1.597359981536865234e+02
1.635251893997192383e+02
1.672563402652740479e+02
1.710750529766082764e+02
1.748727509975433350e+02
1.787009699344635010e+02
1.824521639347076416e+02
1.862383539676666260e+02
1.899800114631652832e+02
1.937812123298645020e+02
1.976039280891418457e+02
2.014836840629577637e+02
2.052838838100433350e+02
2.090620682239532471e+02
2.132195215225219727e+02
2.169896996021270752e+02
2.207868974208831787e+02
2.246686558723449707e+02
2.284143154621124268e+02
2.322325289249420166e+02
2.362678952217102051e+02
2.404818887710571289e+02
2.442660772800445557e+02
2.480902936458587646e+02
2.520726230144500732e+02
2.558678193092346191e+02
2.599016857147216797e+02
2.639245421886444092e+02
2.678403244018554688e+02
2.717220826148986816e+02
2.758735315799713135e+02
2.797432806491851807e+02
2.836165325641632080e+02
2.874967894554138184e+02
2.912914841175079346e+02
2.951427202224731445e+02
2.990625047683715820e+02
3.029642767906188965e+02
3.067894942760467529e+02
3.106342251300811768e+02
3.143153407573699951e+02
3.183912367820739746e+02
3.223320355415344238e+02
3.262388224601745605e+02
3.303647422790527344e+02
3.340958921909332275e+02
3.380241835117340088e+02
3.419289574623107910e+02
3.456926317214965820e+02
3.496369333267211914e+02
3.536177637577056885e+02
3.576161019802093506e+02
3.615825192928314209e+02
3.655370461940765381e+02
3.693274548053741455e+02
3.735939409732818604e+02
3.775742681026458740e+02
3.816716790199279785e+02
3.858081173896789551e+02
3.898845138549804688e+02
3.938368215560913086e+02
3.980413079261779785e+02
4.020651664733886719e+02
4.060720260143280029e+02
4.103055329322814941e+02
4.143143804073333740e+02
4.184438147544860840e+02
4.226583085060119629e+02
4.263994657993316650e+02
4.306862509250640869e+02
4.348702230453491211e+02
4.387204585075378418e+02
4.426422445774078369e+02
4.465996189117431641e+02
4.505619335174560547e+02
4.545672793388366699e+02
4.585330955982208252e+02
4.624283628463745117e+02
4.663251311779022217e+02
4.701563529968261719e+02
4.739168319702148438e+02
4.778364374637603760e+02
4.815963842868804932e+02
4.854781408309936523e+02
4.892707142829895020e+02
4.930288839340209961e+02
4.968891258239746094e+02
5.006367883682250977e+02
5.044174742698669434e+02
5.081891536712646484e+02
5.119488244056701660e+02
5.157540278434753418e+02
5.195041923522949219e+02
5.233649349212646484e+02
5.271226036548614502e+02
5.308382437229156494e+02
5.346334397792816162e+02
5.383946118354797363e+02
5.422598581314086914e+02
5.462091639041900635e+02
5.499838027954101562e+02
5.537621128559112549e+02
5.576068441867828369e+02
5.615146200656890869e+02
5.652417676448822021e+02
5.691970784664154053e+02
5.730813369750976562e+02
5.769961194992065430e+02
5.814237639904022217e+02
5.851974449157714844e+02
5.889946422576904297e+02
5.929759705066680908e+02
5.968261382579803467e+02
6.009125416278839111e+02
6.047725079059600830e+02
6.087693464756011963e+02
6.127316613197326660e+02
6.169746935367584229e+02
6.208044154644012451e+02
6.248753063678741455e+02
6.287750768661499023e+02
6.325632684230804443e+02
6.363359477519989014e+02
6.400731031894683838e+02
6.439548606872558594e+02
6.477519681453704834e+02
6.514746129512786865e+02
6.552623040676116943e+02
6.590930249691009521e+02
6.628401868343353271e+02
6.665863482952117920e+02
6.704956254959106445e+02
6.743153390884399414e+02
6.780620017051696777e+02
6.820533361434936523e+02
6.861342635154724121e+02
6.899724903106689453e+02
6.938662569522857666e+02
6.977990498542785645e+02
7.018579335212707520e+02
7.067263920307159424e+02
7.108318083286285400e+02
7.145694632530212402e+02
7.183566541671752930e+02
7.221928791999816895e+02
7.261571958065032959e+02
7.298558230400085449e+02
7.338406543731689453e+02
7.376178376674652100e+02
7.414645700454711914e+02
7.459107286930084229e+02
7.496183629035949707e+02
7.533500137329101562e+02
7.574008972644805908e+02
7.615068144798278809e+02
7.658228802680969238e+02
7.695910570621490479e+02
7.734838225841522217e+02
7.772715129852294922e+02
7.810251870155334473e+02
