6.400546312332153320e+00
1.015020990371704102e+01
1.394040226936340332e+01
1.746440601348876953e+01
2.116703629493713379e+01
2.473206901550292969e+01
2.824956798553466797e+01
3.218136191368103027e+01
3.574489212036132812e+01
3.926239180564880371e+01
4.279440116882324219e+01
4.644149160385131836e+01
4.997249984741210938e+01
5.351601719856262207e+01
5.714059257507324219e+01
6.068811321258544922e+01
6.422362422943115234e+01
6.771660590171813965e+01
7.135216617584228516e+01
7.493631243705749512e+01
7.860035467147827148e+01
8.228576636314392090e+01
8.607988476753234863e+01
8.973397970199584961e+01
9.329701161384582520e+01
9.700914859771728516e+01
1.005761828422546387e+02
1.042462897300720215e+02
1.078718657493591309e+02
1.114068772792816162e+02
1.150634744167327881e+02
1.186455192565917969e+02
1.222926106452941895e+02
1.258826603889465332e+02
1.295998013019561768e+02
1.332203736305236816e+02
1.368069219589233398e+02
1.405045487880706787e+02
1.443582856655120850e+02
1.480614371299743652e+02
1.518146023750305176e+02
1.560621201992034912e+02
1.602566080093383789e+02
1.643525166511535645e+02
1.685004687309265137e+02
1.722341158390045166e+02
1.761569030284881592e+02
1.799841222763061523e+02
1.838083384037017822e+02
1.879127681255340576e+02
1.922023162841796875e+02
1.960685617923736572e+02
1.999465358257293701e+02
2.039415078163146973e+02
2.076931734085083008e+02
2.115509140491485596e+02
2.153511133193969727e+02
2.190647573471069336e+02
2.231469645500183105e+02
2.269221472740173340e+02
2.307008311748504639e+02
2.347417013645172119e+02
2.382827177047729492e+02
2.421144390106201172e+02
2.458631021976470947e+02
2.497830240726470947e+02
2.538208918571472168e+02
2.575038437843322754e+02
2.614536497592926025e+02
2.652728629112243652e+02
2.693342487812042236e+02
2.731339476108551025e+02
2.767214961051940918e+02
2.805550234317779541e+02
2.848867590427398682e+02
2.889433963298797607e+02
2.926553902626037598e+02
2.965586633682250977e+02
3.002302708625793457e+02
3.038823661804199219e+02
3.074979345798492432e+02
3.111645393371582031e+02
3.147070555686950684e+02
3.182655832767486572e+02
3.218316168785095215e+02
3.253836407661437988e+02
3.289841980934143066e+02
3.328384358882904053e+02
3.364845263957977295e+02
3.401916601657867432e+02
3.437782077789306641e+02
3.474488155841827393e+02
3.510528755187988281e+02
3.545928907394409180e+02
3.583645710945129395e+02
3.620614478588104248e+02
3.657449758052825928e+02
3.695666902065277100e+02
3.732413010597229004e+02
3.770049743652343750e+02
3.805539958477020264e+02
3.841620585918426514e+02
3.877831318378448486e+02
3.913301513195037842e+02
3.949312095642089844e+02
3.985657916069030762e+02
4.021123330593109131e+02
4.056723625659942627e+02
4.092423980236053467e+02
4.128614695072174072e+02
4.165515904426574707e+02
4.201571528911590576e+02
4.237457020282745361e+02
4.273332500457763672e+02
4.308762671947479248e+02
4.344738230705261230e+02
4.381224148273468018e+02
4.417084619998931885e+02
4.453495485782623291e+02
4.489250893592834473e+02
4.525066335201263428e+02
4.560836973190307617e+02
4.597082719802856445e+02
4.632257773876190186e+02
4.667537834644317627e+02
4.706910939216613770e+02
4.743041608333587646e+02
4.779217307567596436e+02
4.814757554531097412e+02
4.850723109245300293e+02
4.886363744735717773e+02
4.922374320030212402e+02
4.961582188606262207e+02
4.999093832969665527e+02
5.035759868621826172e+02
5.072541000843048096e+02
5.108691685199737549e+02
5.144674973487854004e+02
5.179930019378662109e+02
5.217901999950408936e+02
5.253612358570098877e+02
5.289212663173675537e+02
5.325348324775695801e+02
5.360643396377563477e+02
5.395878431797027588e+02
5.431108458042144775e+02
5.469425678253173828e+02
5.509273991584777832e+02
5.547010796070098877e+02
5.581945755481719971e+02
5.618876991271972656e+02
5.654637389183044434e+02
5.693229818344116211e+02
5.731642100811004639e+02
5.768047959804534912e+02
5.804398794174194336e+02
5.842921156883239746e+02
5.878421373367309570e+02
5.914972341060638428e+02
5.951198072433471680e+02
5.986968483924865723e+02
6.023394365310668945e+02
6.058609380722045898e+02
6.093704404830932617e+02
6.129549875259399414e+02
6.166661233901977539e+02
6.202911994457244873e+02
6.240638916492462158e+02
6.276869645118713379e+02
6.312870221138000488e+02
6.350942268371582031e+02
6.390135104656219482e+02
6.429633169174194336e+02
6.468620865345001221e+02
6.506879422664642334e+02
6.544316370487213135e+02
6.582286880016326904e+02
6.619952206611633301e+02
6.656533195972442627e+02
6.693789665699005127e+02
6.734018251895904541e+02
6.769098165035247803e+02
6.804483313560485840e+02
6.841244413852691650e+02
6.879446563720703125e+02
6.914951784610748291e+02
6.950827262401580811e+02
6.986292459964752197e+02
7.023218691349029541e+02
7.060229990482330322e+02
7.097861721515655518e+02
7.138405530452728271e+02
7.175797085762023926e+02
7.211902735233306885e+02
7.249064137935638428e+02
7.284719469547271729e+02
7.326804363727569580e+02
7.373497538566589355e+02
7.413706097602844238e+02
7.455445995330810547e+02
