3.690621614456176758e+00
7.052803754806518555e+00
1.040718770027160645e+01
1.370553016662597656e+01
1.692081427574157715e+01
2.024967861175537109e+01
2.367811465263366699e+01
2.705501317977905273e+01
3.029931831359863281e+01
3.364538931846618652e+01
3.708669614791870117e+01
4.038882613182067871e+01
4.379904413223266602e+01
4.731080102920532227e+01
5.059363341331481934e+01
5.388447141647338867e+01
5.727389049530029297e+01
6.094449782371520996e+01
6.483876442909240723e+01
6.893267250061035156e+01
7.343587160110473633e+01
7.679575848579406738e+01
8.011211419105529785e+01
8.429508614540100098e+01
8.911901307106018066e+01
9.268404603004455566e+01
9.620854973793029785e+01
9.963048028945922852e+01
1.034977469444274902e+02
1.073740005493164062e+02
1.111251659393310547e+02
1.146651802062988281e+02
1.180681211948394775e+02
1.216376576423645020e+02
1.255339248180389404e+02
1.293316233158111572e+02
1.330142390727996826e+02
1.366503219604492188e+02
1.402463767528533936e+02
1.437714021205902100e+02
1.474495141506195068e+02
1.509490001201629639e+02
1.547727169990539551e+02
1.583712339401245117e+02
1.623566122055053711e+02
1.661229617595672607e+02
1.699640173912048340e+02
1.737617149353027344e+02
1.777350378036499023e+02
1.829772624969482422e+02
1.884251441955566406e+02
1.929813871383666992e+02
1.973745083808898926e+02
2.032412695884704590e+02
2.084985044002532959e+02
2.132979135513305664e+02
2.173357825279235840e+02
2.220226118564605713e+02
2.268365375995635986e+02
2.312686867713928223e+02
2.348502309322357178e+02
2.382972042560577393e+02
2.423255658149719238e+02
2.466936695575714111e+02
2.518423464298248291e+02
2.562189552783966064e+02
2.601568167209625244e+02
2.639535136222839355e+02
2.682610797882080078e+02
2.723715131282806396e+02
2.767221033573150635e+02
2.811207287311553955e+02
2.852967059612274170e+02
2.893085367679595947e+02
2.933764271736145020e+02
2.974233140945434570e+02
3.015062153339385986e+02
3.057056977748870850e+02
3.099131865501403809e+02
3.138299691677093506e+02
3.178183152675628662e+02
3.222109363079071045e+02
3.265134932994842529e+02
3.305888922214508057e+02
3.347933802604675293e+02
3.391529769897460938e+02
3.432238759994506836e+02
3.472897648811340332e+02
3.513441445827484131e+02
3.553865215778350830e+02
3.595519809722900391e+02
3.637019298076629639e+02
3.678533773422241211e+02
3.717656579017639160e+02
3.757750053405761719e+02
3.799144461154937744e+02
3.841389482021331787e+02
3.880822484493255615e+02
3.924003241062164307e+02
3.965272569656372070e+02
4.010254516601562500e+02
4.049582655429840088e+02
4.090196516513824463e+02
4.138630912303924561e+02
4.196101739406585693e+02
4.265241057872772217e+02
4.308326659202575684e+02
4.347639784812927246e+02
4.392366812229156494e+02
4.435232272148132324e+02
4.476461565494537354e+02
4.517986054420471191e+02
4.558770029544830322e+02
4.604252340793609619e+02
4.647307927608489990e+02
4.687526495456695557e+02
4.733058850765228271e+02
4.777550454139709473e+02
4.823007745742797852e+02
4.866548678874969482e+02
4.907102487087249756e+02
4.947351076602935791e+02
4.988110036849975586e+02
5.028178501129150391e+02
5.067926805019378662e+02
5.108060319423675537e+02
5.152817125320434570e+02
5.197974314689636230e+02
5.238287951946258545e+02
5.278076229095458984e+02
5.319930956363677979e+02
5.360469758510589600e+02
5.400308055877685547e+02
5.441477313041687012e+02
5.482181253433227539e+02
5.522389874458312988e+02
5.563003721237182617e+02
5.605874178409576416e+02
5.646142785549163818e+02
5.686521477699279785e+02
5.729131841659545898e+02
5.769985868930816650e+02
5.810809860229492188e+02
5.850262949466705322e+02
5.890236341953277588e+02
5.930084650516510010e+02
5.970118093490600586e+02
6.009856324195861816e+02
6.050029873847961426e+02
6.092414994239807129e+02
6.132533545494079590e+02
6.175724601745605469e+02
6.218885610103607178e+02
6.270662391185760498e+02
6.316960284709930420e+02
6.357739253044128418e+02
6.400284478664398193e+02
6.444290738105773926e+02
6.487076139450073242e+02
6.529656379222869873e+02
6.569664974212646484e+02
6.611714844703674316e+02
6.651142857074737549e+02
6.693192863464355469e+02
6.735628004074096680e+02
6.780419952869415283e+02
6.822810342311859131e+02
6.864274911880493164e+02
6.907035348415374756e+02
6.947679221630096436e+02
6.991300208568572998e+02
7.033505384922027588e+02
7.073954117298126221e+02
7.118035428524017334e+02
7.158429126739501953e+02
7.198717832565307617e+02
7.243554677963256836e+02
7.285009126663208008e+02
7.325197682380676270e+02
7.364705817699432373e+02
7.404339280128479004e+02
7.448120388984680176e+02
7.493257451057434082e+02
7.534907126426696777e+02
7.575996325016021729e+02
7.616650314331054688e+02
7.658109753131866455e+02
7.697983081340789795e+02
7.740994570255279541e+02
7.785441527366638184e+02
7.826815907955169678e+02
7.866849424839019775e+02
7.910650668144226074e+02
7.952345280647277832e+02
7.997682497501373291e+02
8.043790361881256104e+02
8.088046894073486328e+02
8.128335561752319336e+02
8.172527019977569580e+02
8.218474667072296143e+02
