1.280788145959377289e-02
1.904761791229248047e-02
1.806239597499370575e-02
1.379310246556997299e-02
1.477832533419132233e-02
2.266009896993637085e-02
1.740558445453643799e-02
1.444991864264011383e-02
1.674876920878887177e-02
1.477832719683647156e-02
1.970443502068519592e-02
1.806239783763885498e-02
1.871921308338642120e-02
2.003284171223640442e-02
1.740558445453643799e-02
1.871921308338642120e-02
2.101806178689002991e-02
1.510673388838768005e-02
1.707717590034008026e-02
1.642036065459251404e-02
2.068965509533882141e-02
1.444991771131753922e-02
1.839080452919006348e-02
1.839080639183521271e-02
1.609195582568645477e-02
2.003283984959125519e-02
1.773398928344249725e-02
2.233169227838516235e-02
1.707717590034008026e-02
1.609195396304130554e-02
2.463054098188877106e-02
1.806239783763885498e-02
2.364532090723514557e-02
2.003283984959125519e-02
2.495894767343997955e-02
3.185550123453140259e-02
3.349753841757774353e-02
4.696223139762878418e-02
5.254515632987022400e-02
7.126437127590179443e-02
7.848933339118957520e-02
7.454843819141387939e-02
8.144499361515045166e-02
9.983579814434051514e-02
1.123152673244476318e-01
1.224958971142768860e-01
1.392446607351303101e-01
1.454844027757644653e-01
1.648604422807693481e-01
1.740558296442031860e-01
1.802955567836761475e-01
1.908046007156372070e-01
2.059113234281539917e-01
2.144499123096466064e-01
2.328407168388366699e-01
2.449917793273925781e-01
2.463054209947586060e-01
2.492610812187194824e-01
2.804597616195678711e-01
2.860426902770996094e-01
3.067323267459869385e-01
3.018062412738800049e-01
3.034482598304748535e-01
3.090312182903289795e-01
3.330049216747283936e-01
3.343185484409332275e-01
3.408866822719573975e-01
3.530377447605133057e-01
3.553366065025329590e-01
3.694581091403961182e-01
3.789819180965423584e-01
3.802955448627471924e-01
3.819375634193420410e-01
3.802955746650695801e-01
3.924466073513031006e-01
4.019704163074493408e-01
4.062397181987762451e-01
4.233168661594390869e-01
4.042692482471466064e-01
4.243021309375762939e-01
4.390804469585418701e-01
4.364531934261322021e-01
4.446633458137512207e-01
4.397372603416442871e-01
4.574712216854095459e-01
4.571428000926971436e-01
4.742200076580047607e-01
4.669950306415557861e-01
4.735632240772247314e-01
4.755336046218872070e-01
4.778324961662292480e-01
4.870278835296630859e-01
4.958949089050292969e-01
4.952380657196044922e-01
5.060755014419555664e-01
5.041050910949707031e-01
4.995073378086090088e-01
5.162560939788818359e-01
5.060755014419555664e-01
5.110015869140625000e-01
5.159276723861694336e-01
5.067322850227355957e-01
5.149424672126770020e-01
5.106732249259948730e-01
5.175697803497314453e-01
5.208537578582763672e-01
5.415434837341308594e-01
5.339900851249694824e-01
5.402298569679260254e-01
5.385878086090087891e-01
5.461411476135253906e-01
5.461411476135253906e-01
5.484400391578674316e-01
5.520524978637695312e-01
5.530377030372619629e-01
5.471264123916625977e-01
5.435138940811157227e-01
5.546797513961791992e-01
5.543513298034667969e-01
5.527092814445495605e-01
5.615763068199157715e-01
5.622330904006958008e-01
5.720852613449096680e-01
5.674876570701599121e-01
5.740557909011840820e-01
5.724137425422668457e-01
5.671592354774475098e-01
5.937602519989013672e-01
5.921182036399841309e-01
5.881772637367248535e-01
5.865352153778076172e-01
5.799671411514282227e-01
5.901477336883544922e-01
5.806239247322082520e-01
5.878489017486572266e-01
5.891624689102172852e-01
5.786534547805786133e-01
5.901476740837097168e-01
5.973726511001586914e-01
5.819375514984130859e-01
5.954022407531738281e-01
6.065680384635925293e-01
5.924465060234069824e-01
5.973726511001586914e-01
5.927749872207641602e-01
6.039408445358276367e-01
5.944170355796813965e-01
6.065680980682373047e-01
6.141214370727539062e-01
6.022987961769104004e-01
6.177338957786560059e-01
6.187191605567932129e-01
6.187191009521484375e-01
6.137930750846862793e-01
6.170771121978759766e-01
6.275861263275146484e-01
6.213464140892028809e-01
6.220031976699829102e-01
6.157634854316711426e-01
6.134646534919738770e-01
6.187191605567932129e-01
6.338258981704711914e-01
6.252872943878173828e-01
6.354678869247436523e-01
6.144497990608215332e-01
6.285713315010070801e-01
6.213464140892028809e-01
6.325122117996215820e-01
6.259440779685974121e-01
6.433496475219726562e-01
6.279145479202270508e-01
6.417076587677001953e-01
6.249588727951049805e-01
6.331690549850463867e-01
6.417077183723449707e-01
6.256157159805297852e-01
6.433496475219726562e-01
6.292282342910766602e-01
6.338258981704711914e-01
6.384235620498657227e-01
6.387519836425781250e-01
6.594415903091430664e-01
6.361247897148132324e-01
6.456485390663146973e-01
6.430212259292602539e-01
6.426929235458374023e-01
6.341542601585388184e-01
6.630540490150451660e-01
6.528735160827636719e-01
6.551723480224609375e-01
6.535302996635437012e-01
6.574711799621582031e-01
6.495894193649291992e-01
6.515598893165588379e-01
6.502462029457092285e-01
6.564859151840209961e-01
6.495894193649291992e-01
6.400656104087829590e-01
6.548439264297485352e-01
6.591132879257202148e-01
