1.499064445495605469e+00
3.027650594711303711e+00
4.437151908874511719e+00
5.827640056610107422e+00
7.240143299102783203e+00
8.642139196395874023e+00
1.007315635681152344e+01
1.147515201568603516e+01
1.287214422225952148e+01
1.428014492988586426e+01
1.568514275550842285e+01
1.711966180801391602e+01
1.851915645599365234e+01
1.994416832923889160e+01
2.144823718070983887e+01
2.294930839538574219e+01
2.449390649795532227e+01
2.591891813278198242e+01
2.733892726898193359e+01
2.873491835594177246e+01
3.014942336082458496e+01
3.159648966789245605e+01
3.301798534393310547e+01
3.443298983573913574e+01
3.587401342391967773e+01
3.729902601242065430e+01
3.871653270721435547e+01
4.012853574752807617e+01
4.153403449058532715e+01
4.295204210281372070e+01
4.436604666709899902e+01
4.591814899444580078e+01
4.733415484428405762e+01
4.877217650413513184e+01
5.019468688964843750e+01
5.163070726394653320e+01
5.300956726074218750e+01
5.445209240913391113e+01
5.589561772346496582e+01
5.729811406135559082e+01
5.873563504219055176e+01
6.012312078475952148e+01
6.154863405227661133e+01
6.296363854408264160e+01
6.438765025138854980e+01
6.585469269752502441e+01
6.725773477554321289e+01
6.868625736236572266e+01
7.010876822471618652e+01
7.153429436683654785e+01
7.296481060981750488e+01
7.441534090042114258e+01
7.581983876228332520e+01
7.725686001777648926e+01
7.869338083267211914e+01
8.013290309906005859e+01
8.157092475891113281e+01
8.300044012069702148e+01
8.442395114898681641e+01
8.582344555854797363e+01
8.726346898078918457e+01
8.869198298454284668e+01
9.016352915763854980e+01
9.161956405639648438e+01
9.340633225440979004e+01
9.496844220161437988e+01
9.646551513671875000e+01
9.810818672180175781e+01
9.988745188713073730e+01
1.014435563087463379e+02
1.030251805782318115e+02
1.046538374423980713e+02
1.061814219951629639e+02
1.076604728698730469e+02
1.090764789581298828e+02
1.104879815578460693e+02
1.119690337181091309e+02
1.134480841159820557e+02
1.148755981922149658e+02
1.163069055080413818e+02
1.179335858821868896e+02
1.193450880050659180e+02
1.207530884742736816e+02
1.221986153125762939e+02
1.236416406631469727e+02
1.250861663818359375e+02
1.265016720294952393e+02
1.279517021179199219e+02
1.293812179565429688e+02
1.308102328777313232e+02
1.322632718086242676e+02
1.338488981723785400e+02
1.352784187793731689e+02
1.370746946334838867e+02
1.385492420196533203e+02
1.400087792873382568e+02
1.414398195743560791e+02
1.432015717029571533e+02
1.449027907848358154e+02
1.465129344463348389e+02
1.479489545822143555e+02
1.494435157775878906e+02
1.509260694980621338e+02
1.528694508075714111e+02
1.544545764923095703e+02
1.559196169376373291e+02
1.573876600265502930e+02
1.588519470691680908e+02
1.603469951152801514e+02
1.617730085849761963e+02
1.632185349464416504e+02
1.647381153106689453e+02
1.662176654338836670e+02
1.677632641792297363e+02
1.693358812332153320e+02
1.708314433097839355e+02
1.722939825057983398e+02
1.738155634403228760e+02
1.752550859451293945e+02
1.766800987720489502e+02
1.781141622066497803e+02
1.795591888427734375e+02
1.809947087764739990e+02
1.824662711620330811e+02
1.839203042984008789e+02
1.853588266372680664e+02
1.868008506298065186e+02
1.882293651103973389e+02
1.896744010448455811e+02
1.911109211444854736e+02
1.925614519119262695e+02
1.940004913806915283e+02
1.954820430278778076e+02
1.969235675334930420e+02
1.983450770378112793e+02
1.997700896263122559e+02
2.012166407108306885e+02
2.026671710014343262e+02
2.041262073516845703e+02
2.055932500362396240e+02
2.070277693271636963e+02
2.084933102130889893e+02
2.099283297061920166e+02
2.113423347473144531e+02
2.127858600616455078e+02
2.142138743400573730e+02
2.156639046669006348e+02
2.171089308261871338e+02
2.185479619503021240e+02
2.200180058479309082e+02
2.214585294723510742e+02
2.229225697517395020e+02
2.243866093158721924e+02
2.258091204166412354e+02
2.272571890354156494e+02
2.287307779788970947e+02
2.301653025150299072e+02
2.316058254241943359e+02
2.330683653354644775e+02
2.345218977928161621e+02
2.359779317378997803e+02
2.374239592552185059e+02
2.388975057601928711e+02
2.403370285034179688e+02
2.417950642108917236e+02
2.432280819416046143e+02
2.446550967693328857e+02
2.461216380596160889e+02
2.475856778621673584e+02
2.490277025699615479e+02
2.504957456588745117e+02
2.519442744255065918e+02
2.533903019428253174e+02
2.548483371734619141e+02
2.564064445495605469e+02
2.578629791736602783e+02
2.593095071315765381e+02
2.607575356960296631e+02
2.622285804748535156e+02
2.636570954322814941e+02
2.651321430206298828e+02
2.666161973476409912e+02
2.680697300434112549e+02
2.694942419528961182e+02
2.709492762088775635e+02
2.724093134403228760e+02
2.738733527660369873e+02
2.753038687705993652e+02
2.767293817996978760e+02
2.781799123287200928e+02
2.796224372386932373e+02
2.810834753513336182e+02
2.825415108203887939e+02
2.840120935440063477e+02
2.854881422519683838e+02
2.869316682815551758e+02
2.883631844520568848e+02
2.898202195167541504e+02
2.912882626056671143e+02
2.927523026466369629e+02
