1.839080452919006348e-02
1.609195396304130554e-02
1.970443315804004669e-02
1.674876734614372253e-02
1.674876920878887177e-02
1.412151101976633072e-02
2.003283984959125519e-02
1.444991864264011383e-02
1.871921308338642120e-02
1.740558259189128876e-02
1.412151008844375610e-02
1.707717403769493103e-02
1.444991864264011383e-02
1.839080266654491425e-02
1.379310339689254761e-02
1.477832440286874771e-02
1.773398928344249725e-02
1.740558259189128876e-02
1.740558259189128876e-02
1.773398928344249725e-02
1.313628815114498138e-02
1.937602460384368896e-02
1.904761791229248047e-02
1.937602646648883820e-02
1.839080452919006348e-02
1.674876734614372253e-02
1.904761791229248047e-02
1.412151008844375610e-02
1.674876920878887177e-02
1.707717590034008026e-02
1.740558259189128876e-02
1.871921122074127197e-02
1.871921122074127197e-02
1.839080452919006348e-02
1.839080452919006348e-02
1.740558072924613953e-02
1.773399114608764648e-02
1.609195396304130554e-02
1.871921122074127197e-02
1.576354727149009705e-02
2.134646847844123840e-02
2.463054098188877106e-02
2.824302390217781067e-02
3.251231834292411804e-02
3.678161278367042542e-02
4.564860463142395020e-02
5.517241358757019043e-02
5.977011099457740784e-02
7.060755789279937744e-02
7.586207240819931030e-02
8.407224714756011963e-02
8.899836242198944092e-02
9.326764941215515137e-02
1.041050925850868225e-01
1.073891595005989075e-01
1.313628852367401123e-01
1.333333253860473633e-01
1.379310339689254761e-01
1.625615805387496948e-01
1.632183790206909180e-01
1.733990013599395752e-01
1.842364519834518433e-01
1.911329925060272217e-01
1.996715962886810303e-01
2.223316878080368042e-01
2.357963770627975464e-01
2.341543436050415039e-01
2.663382589817047119e-01
2.729063928127288818e-01
2.827586233615875244e-01
2.857142686843872070e-01
2.922824025154113770e-01
3.106732368469238281e-01
3.152709007263183594e-01
3.178981840610504150e-01
3.362889885902404785e-01
3.438423573970794678e-01
3.435139656066894531e-01
3.602626919746398926e-01
3.701149225234985352e-01
3.678160607814788818e-01
3.737273812294006348e-01
3.793103098869323730e-01
3.829227685928344727e-01
3.931034207344055176e-01
4.105089902877807617e-01
4.082101583480834961e-01
4.210180342197418213e-01
4.243021309375762939e-01
4.315270781517028809e-01
4.272577464580535889e-01
4.351395368576049805e-01
4.436781406402587891e-01
4.476190209388732910e-01
4.509030878543853760e-01
4.696223139762878418e-01
4.745484292507171631e-01
4.653529822826385498e-01
4.666666388511657715e-01
4.768472909927368164e-01
4.830870032310485840e-01
4.814449548721313477e-01
4.899835586547851562e-01
5.027914643287658691e-01
4.975368976593017578e-01
5.041050314903259277e-01
4.995073676109313965e-01
4.998357594013214111e-01
5.215106010437011719e-01
5.077174901962280273e-01
5.169129371643066406e-01
5.123152136802673340e-01
5.185549259185791016e-01
5.238094925880432129e-01
5.307060480117797852e-01
5.336617231369018555e-01
5.320196747779846191e-01
5.399014353752136230e-01
5.356321334838867188e-01
5.402298569679260254e-01
5.382593870162963867e-01
5.464695692062377930e-01
5.484399795532226562e-01
5.625615119934082031e-01
5.441707372665405273e-01
5.559933781623840332e-01
5.490968227386474609e-01
5.605911016464233398e-01
5.668308138847351074e-01
5.628899335861206055e-01
5.678160786628723145e-01
5.648603439331054688e-01
5.513957142829895020e-01
5.829228162765502930e-01
5.770114660263061523e-01
5.648603439331054688e-01
5.783250331878662109e-01
5.717568397521972656e-01
5.891625285148620605e-01
5.789818763732910156e-01
5.730705261230468750e-01
5.786534547805786133e-01
5.812807083129882812e-01
5.786534547805786133e-01
5.878488421440124512e-01
5.809522867202758789e-01
5.914613008499145508e-01
5.865352153778076172e-01
5.996715426445007324e-01
5.901477336883544922e-01
5.924465656280517578e-01
6.059112548828125000e-01
6.006567478179931641e-01
6.022987961769104004e-01
6.085385084152221680e-01
6.055828928947448730e-01
6.042692661285400391e-01
6.085385680198669434e-01
6.141214966773986816e-01
5.996714830398559570e-01
6.128078699111938477e-01
6.160919070243835449e-01
6.154350638389587402e-01
6.039408445358276367e-01
6.197043061256408691e-01
6.134646534919738770e-01
6.108373403549194336e-01
6.055828332901000977e-01
6.213464140892028809e-01
6.252872943878173828e-01
6.174055337905883789e-01
6.285713315010070801e-01
6.128077507019042969e-01
6.246304512023925781e-01
6.239737272262573242e-01
6.236453056335449219e-01
6.364531517028808594e-01
6.292281746864318848e-01
6.246305108070373535e-01
6.394088268280029297e-01
6.239736676216125488e-01
6.321838498115539551e-01
6.344826817512512207e-01
6.262724995613098145e-01
6.275861263275146484e-01
6.354679465293884277e-01
6.413792371749877930e-01
6.476189494132995605e-01
6.311986446380615234e-01
6.387519240379333496e-01
6.239736676216125488e-01
6.459769010543823242e-01
6.417076587677001953e-01
6.463053226470947266e-01
6.551723480224609375e-01
6.499177813529968262e-01
6.446633338928222656e-01
6.466337442398071289e-01
6.528735160827636719e-01
6.318553686141967773e-01
