1.871921308338642120e-02
2.134647034108638763e-02
1.576354540884494781e-02
1.346469577401876450e-02
1.609195396304130554e-02
1.773399114608764648e-02
1.477832533419132233e-02
1.707717590034008026e-02
1.904761977493762970e-02
1.412151008844375610e-02
1.707717590034008026e-02
1.707717590034008026e-02
1.477832533419132233e-02
2.003283984959125519e-02
1.576354727149009705e-02
1.773398928344249725e-02
1.576354727149009705e-02
1.477832626551389694e-02
1.642036251723766327e-02
1.674876920878887177e-02
1.674876734614372253e-02
1.609195396304130554e-02
1.773399114608764648e-02
1.707717590034008026e-02
1.937602460384368896e-02
1.313628908246755600e-02
1.510673202574253082e-02
1.904761791229248047e-02
1.904761791229248047e-02
1.313629001379013062e-02
1.740558259189128876e-02
1.937602646648883820e-02
1.609195396304130554e-02
1.674876734614372253e-02
1.642036065459251404e-02
1.674876734614372253e-02
2.167487516999244690e-02
2.101806178689002991e-02
2.200328372418880463e-02
2.134646847844123840e-02
2.791461348533630371e-02
3.349753841757774353e-02
3.743842244148254395e-02
4.761904850602149963e-02
6.009852141141891479e-02
7.224959135055541992e-02
6.732347607612609863e-02
8.571428805589675903e-02
8.571428060531616211e-02
9.228242188692092896e-02
1.011494323611259460e-01
1.113300472497940063e-01
1.198686361312866211e-01
1.228243038058280945e-01
1.490968763828277588e-01
1.615763455629348755e-01
1.622331738471984863e-01
1.753694713115692139e-01
2.042692899703979492e-01
2.190476208925247192e-01
2.229885011911392212e-01
2.361247837543487549e-01
2.541871666908264160e-01
2.597701251506805420e-01
2.568144500255584717e-01
2.788177132606506348e-01
2.988505363464355469e-01
3.031198382377624512e-01
3.044335246086120605e-01
3.083743751049041748e-01
3.307060599327087402e-01
3.435139358043670654e-01
3.425287306308746338e-01
3.471264243125915527e-01
3.487684428691864014e-01
3.783251047134399414e-01
3.773398995399475098e-01
3.743842244148254395e-01
3.931034207344055176e-01
3.773398697376251221e-01
3.954023122787475586e-01
3.963874876499176025e-01
4.049260616302490234e-01
4.045976996421813965e-01
4.200327992439270020e-01
4.239737093448638916e-01
4.384236037731170654e-01
4.417076706886291504e-01
4.374383985996246338e-01
4.410508871078491211e-01
4.410508573055267334e-01
4.541871547698974609e-01
4.591132700443267822e-01
4.617405235767364502e-01
4.673234522342681885e-01
4.614121317863464355e-01
4.692939519882202148e-01
4.781608581542968750e-01
4.742199778556823730e-01
4.814449548721313477e-01
4.929392039775848389e-01
4.926108121871948242e-01
4.985221028327941895e-01
5.011494159698486328e-01
4.899835586547851562e-01
5.080459713935852051e-01
5.129720568656921387e-01
5.133004784584045410e-01
5.159277319908142090e-01
5.139572620391845703e-01
5.369457602500915527e-01
5.238094925880432129e-01
5.247946381568908691e-01
5.231527090072631836e-01
5.428571105003356934e-01
5.376026034355163574e-01
5.254515409469604492e-01
5.376026034355163574e-01
5.494252443313598633e-01
5.362889170646667480e-01
5.520524978637695312e-01
5.431854724884033203e-01
5.497536063194274902e-01
5.536945462226867676e-01
5.573070049285888672e-01
5.540229082107543945e-01
5.599342584609985352e-01
5.642036199569702148e-01
5.615762472152709961e-01
5.648603439331054688e-01
5.586206316947937012e-01
5.648603439331054688e-01
5.671592354774475098e-01
5.665023922920227051e-01
5.714284181594848633e-01
5.697864890098571777e-01
5.697864294052124023e-01
5.793102383613586426e-01
5.875204801559448242e-01
5.908045172691345215e-01
5.806238651275634766e-01
5.862067937850952148e-01
5.809522867202758789e-01
5.878489017486572266e-01
5.862067937850952148e-01
6.098521351814270020e-01
5.967158675193786621e-01
5.977010726928710938e-01
5.967158675193786621e-01
5.993431806564331055e-01
5.878489017486572266e-01
6.068965196609497070e-01
5.881772041320800781e-01
5.970442891120910645e-01
6.068964600563049316e-01
6.157634854316711426e-01
6.183907985687255859e-01
6.200327873229980469e-01
6.059112548828125000e-01
6.213464140892028809e-01
6.147782802581787109e-01
6.124794483184814453e-01
6.052544713020324707e-01
6.190475225448608398e-01
6.180622577667236328e-01
6.157634854316711426e-01
6.311985850334167480e-01
6.213464140892028809e-01
6.206895112991333008e-01
6.279145479202270508e-01
6.315270662307739258e-01
6.361247301101684570e-01
6.183907389640808105e-01
6.348110437393188477e-01
6.262724995613098145e-01
6.318553686141967773e-01
6.246304512023925781e-01
6.282429099082946777e-01
6.394088268280029297e-01
6.364531517028808594e-01
6.249588727951049805e-01
6.407223939895629883e-01
6.486042141914367676e-01
6.482758522033691406e-01
6.390803456306457520e-01
6.423643827438354492e-01
6.436781287193298340e-01
6.413792371749877930e-01
6.390803456306457520e-01
6.354678273200988770e-01
6.374383568763732910e-01
6.387519836425781250e-01
6.551723480224609375e-01
6.344826817512512207e-01
6.423645019531250000e-01
6.522167325019836426e-01
6.476190090179443359e-01
6.532018780708312988e-01
6.522166728973388672e-01
6.472905874252319336e-01
