2.703115224838256836e+00
3.674273729324340820e+00
4.636225938796997070e+00
5.621507883071899414e+00
6.673208236694335938e+00
7.647989749908447266e+00
8.621455669403076172e+00
9.600317478179931641e+00
1.055931568145751953e+01
1.151128673553466797e+01
1.244995188713073730e+01
1.338303661346435547e+01
1.434079813957214355e+01
1.527042222023010254e+01
1.619466090202331543e+01
1.713283705711364746e+01
1.806479859352111816e+01
1.901818561553955078e+01
2.002435183525085449e+01
2.108926892280578613e+01
2.224710750579833984e+01
2.331917834281921387e+01
2.439163756370544434e+01
2.541721057891845703e+01
2.645844960212707520e+01
2.749054813385009766e+01
2.850044155120849609e+01
2.949805116653442383e+01
3.065603017807006836e+01
3.165186476707458496e+01
3.257545185089111328e+01
3.353324818611145020e+01
3.445843219757080078e+01
3.543856739997863770e+01
3.637784147262573242e+01
3.730214619636535645e+01
3.823685956001281738e+01
3.925994467735290527e+01
4.019288706779479980e+01
4.114338588714599609e+01
4.212787103652954102e+01
4.304336571693420410e+01
4.395769333839416504e+01
4.487817716598510742e+01
4.581773138046264648e+01
4.676943373680114746e+01
4.770075607299804688e+01
4.863621020317077637e+01
4.957643151283264160e+01
5.054027295112609863e+01
5.148442006111145020e+01
5.243658065795898438e+01
5.337802076339721680e+01
5.433415222167968750e+01
5.530926132202148438e+01
5.632445836067199707e+01
5.724611449241638184e+01
5.816412758827209473e+01
5.911103534698486328e+01
6.006251764297485352e+01
6.100401663780212402e+01
6.195753192901611328e+01
6.287514162063598633e+01
6.383096957206726074e+01
6.480979824066162109e+01
6.574222683906555176e+01
6.668165445327758789e+01
6.763765215873718262e+01
6.858847475051879883e+01
6.955938696861267090e+01
7.050067543983459473e+01
7.147000408172607422e+01
7.240594196319580078e+01
7.335860800743103027e+01
7.431581783294677734e+01
7.531360626220703125e+01
7.624823617935180664e+01
7.720470929145812988e+01
7.814754223823547363e+01
7.906019520759582520e+01
8.001382064819335938e+01
8.096627879142761230e+01
8.191512799263000488e+01
8.284458756446838379e+01
8.377799367904663086e+01
8.473213171958923340e+01
8.566851305961608887e+01
8.661366391181945801e+01
8.756126618385314941e+01
8.849604535102844238e+01
8.943181180953979492e+01
9.037246561050415039e+01
9.133191561698913574e+01
9.241760730743408203e+01
9.337835907936096191e+01
9.432113695144653320e+01
9.535210347175598145e+01
9.629395198822021484e+01
9.728839159011840820e+01
9.829904198646545410e+01
9.931238675117492676e+01
1.003375196456909180e+02
1.013338847160339355e+02
1.023724226951599121e+02
1.033754312992095947e+02
1.043264250755310059e+02
1.052840392589569092e+02
1.062200663089752197e+02
1.071901566982269287e+02
1.081250560283660889e+02
1.090431735515594482e+02
1.099844019412994385e+02
1.109230580329895020e+02
1.118790233135223389e+02
1.128586881160736084e+02
1.138014380931854248e+02
1.147331922054290771e+02
1.156661152839660645e+02
1.166840591430664062e+02
1.176292796134948730e+02
1.185560827255249023e+02
1.195490441322326660e+02
1.204897971153259277e+02
1.214594783782958984e+02
1.224398779869079590e+02
1.234271335601806641e+02
1.244477550983428955e+02
1.254691143035888672e+02
1.264120492935180664e+02
1.273569443225860596e+02
1.283550446033477783e+02
1.292960937023162842e+02
1.302521541118621826e+02
1.312409045696258545e+02
1.322295329570770264e+02
1.332179286479949951e+02
1.341722795963287354e+02
1.351245269775390625e+02
1.361789357662200928e+02
1.371525664329528809e+02
1.381040213108062744e+02
1.390960993766784668e+02
1.403286237716674805e+02
1.414794616699218750e+02
1.425327343940734863e+02
1.435924878120422363e+02
1.446577451229095459e+02
1.456929802894592285e+02
1.468002719879150391e+02
1.482342905998229980e+02
1.493115561008453369e+02
1.503202731609344482e+02
1.513935351371765137e+02
1.525178341865539551e+02
1.536516396999359131e+02
1.546899211406707764e+02
1.556714153289794922e+02
1.567178349494934082e+02
1.577131698131561279e+02
1.586909513473510742e+02
1.602198128700256348e+02
1.612850694656372070e+02
1.623538227081298828e+02
1.637552950382232666e+02
1.648640203475952148e+02
1.663100185394287109e+02
1.686004023551940918e+02
1.697777390480041504e+02
1.710238683223724365e+02
1.724542846679687500e+02
1.745772929191589355e+02
1.759000310897827148e+02
1.769245104789733887e+02
1.778998804092407227e+02
1.789358124732971191e+02
1.800904519557952881e+02
1.810624289512634277e+02
1.820955510139465332e+02
1.831139938831329346e+02
1.841168296337127686e+02
1.851778798103332520e+02
1.861549029350280762e+02
1.870942184925079346e+02
1.880519108772277832e+02
1.890106210708618164e+02
1.900199520587921143e+02
1.909819171428680420e+02
1.919805984497070312e+02
1.930510642528533936e+02
1.940708897113800049e+02
1.950783360004425049e+02
1.960719122886657715e+02
1.970635991096496582e+02
1.980489459037780762e+02
1.990909280776977539e+02
2.001169061660766602e+02
2.011043434143066406e+02
2.020710301399230957e+02
2.031188688278198242e+02
2.040538151264190674e+02
