1.144003152847290039e+00
2.253649711608886719e+00
3.397267341613769531e+00
4.527523279190063477e+00
5.629179000854492188e+00
6.740185260772705078e+00
7.909134387969970703e+00
9.020980119705200195e+00
1.017861843109130859e+01
1.128345513343811035e+01
1.241213655471801758e+01
1.351634383201599121e+01
1.461704587936401367e+01
1.570055150985717773e+01
1.687282156944274902e+01
1.817973065376281738e+01
1.988188338279724121e+01
2.130264759063720703e+01
2.276605749130249023e+01
2.425628471374511719e+01
2.555531716346740723e+01
2.665576410293579102e+01
2.774190902709960938e+01
2.898010635375976562e+01
3.009117531776428223e+01
3.119621658325195312e+01
3.231530594825744629e+01
3.344237327575683594e+01
3.458745884895324707e+01
3.571204066276550293e+01
3.683419227600097656e+01
3.796514654159545898e+01
3.905653977394104004e+01
4.017769718170166016e+01
4.130470991134643555e+01
4.244190478324890137e+01
4.360763239860534668e+01
4.475221300125122070e+01
4.589361333847045898e+01
4.706367850303649902e+01
4.817205357551574707e+01
4.925716757774353027e+01
5.040958070755004883e+01
5.153054285049438477e+01
5.266263580322265625e+01
5.377803158760070801e+01
5.487966513633728027e+01
5.602031397819519043e+01
5.718128323554992676e+01
5.841109061241149902e+01
5.962660264968872070e+01
6.090197706222534180e+01
6.208037114143371582e+01
6.326859593391418457e+01
6.446360397338867188e+01
6.560474157333374023e+01
6.680123925209045410e+01
6.793170738220214844e+01
6.902339911460876465e+01
7.020403981208801270e+01
7.133263802528381348e+01
7.247585844993591309e+01
7.357965159416198730e+01
7.469325375556945801e+01
7.580596661567687988e+01
7.693162155151367188e+01
7.804581665992736816e+01
7.917232441902160645e+01
8.033599090576171875e+01
8.143930149078369141e+01
8.257343721389770508e+01
8.369076585769653320e+01
8.482943224906921387e+01
8.598206138610839844e+01
8.713482499122619629e+01
8.823603057861328125e+01
8.935805463790893555e+01
9.046883988380432129e+01
9.158574318885803223e+01
9.269044685363769531e+01
9.383493709564208984e+01
9.497802400588989258e+01
9.610200619697570801e+01
9.725161337852478027e+01
9.854913949966430664e+01
9.971706938743591309e+01
1.008520700931549072e+02
1.019979410171508789e+02
1.031297738552093506e+02
1.042855639457702637e+02
1.054197583198547363e+02
1.065408966541290283e+02
1.076832194328308105e+02
1.088383698463439941e+02
1.099616446495056152e+02
1.111073215007781982e+02
1.122343642711639404e+02
1.134153180122375488e+02
1.145557622909545898e+02
1.158546595573425293e+02
1.171306805610656738e+02
1.183907618522644043e+02
1.199433784484863281e+02
1.212918355464935303e+02
1.228224325180053711e+02
1.246147060394287109e+02
1.261537988185882568e+02
1.273648715019226074e+02
1.285592920780181885e+02
1.298458077907562256e+02
1.310541369915008545e+02
1.322513816356658936e+02
1.334467678070068359e+02
1.346498625278472900e+02
1.358813631534576416e+02
1.371024267673492432e+02
1.383037462234497070e+02
1.399848427772521973e+02
1.415834782123565674e+02
1.430685334205627441e+02
1.447337162494659424e+02
1.461747398376464844e+02
1.478904590606689453e+02
1.495066065788269043e+02
1.508318400382995605e+02
1.520856475830078125e+02
1.537096228599548340e+02
1.556535205841064453e+02
1.572406551837921143e+02
1.585966424942016602e+02
1.606298053264617920e+02
1.621258680820465088e+02
1.634896774291992188e+02
1.649561617374420166e+02
1.670146234035491943e+02
1.687060580253601074e+02
1.703922214508056641e+02
1.721940009593963623e+02
1.738441770076751709e+02
1.753434178829193115e+02
1.769021553993225098e+02
1.786228747367858887e+02
1.800161502361297607e+02
1.813911385536193848e+02
1.834013624191284180e+02
1.853162229061126709e+02
1.870324418544769287e+02
1.884957940578460693e+02
1.898023786544799805e+02
1.910779013633728027e+02
1.923593292236328125e+02
1.937398867607116699e+02
1.952345371246337891e+02
1.967751860618591309e+02
1.992400946617126465e+02
2.014141390323638916e+02
2.030358254909515381e+02
2.046516656875610352e+02
2.062671995162963867e+02
2.081263155937194824e+02
2.099128463268280029e+02
2.113481345176696777e+02
2.130155093669891357e+02
2.148076725006103516e+02
2.170432360172271729e+02
2.189946546554565430e+02
2.210774555206298828e+02
2.231026811599731445e+02
2.249257330894470215e+02
2.265179924964904785e+02
2.283327848911285400e+02
2.299627609252929688e+02
2.316123659610748291e+02
2.331975975036621094e+02
2.348405117988586426e+02
2.362321059703826904e+02
2.375833501815795898e+02
2.390130600929260254e+02
2.402850561141967773e+02
2.416461510658264160e+02
2.429201986789703369e+02
2.442212972640991211e+02
2.455054166316986084e+02
2.467596874237060547e+02
2.480285580158233643e+02
2.492923793792724609e+02
2.510400602817535400e+02
2.535508441925048828e+02
2.551291193962097168e+02
2.564553513526916504e+02
2.577603418827056885e+02
2.590149850845336914e+02
2.604329688549041748e+02
2.617207009792327881e+02
2.630015699863433838e+02
2.643363499641418457e+02
2.655702157020568848e+02
2.668312487602233887e+02
2.681064605712890625e+02
2.693580789566040039e+02
