1.806239783763885498e-02
1.642036065459251404e-02
1.773399114608764648e-02
1.970443129539489746e-02
1.937602460384368896e-02
1.871920935809612274e-02
1.937602646648883820e-02
1.346469763666391373e-02
1.839080452919006348e-02
1.510673388838768005e-02
1.707717590034008026e-02
2.036124840378761292e-02
1.576354727149009705e-02
1.642036065459251404e-02
1.609195396304130554e-02
2.101806364953517914e-02
1.543513964861631393e-02
2.036124654114246368e-02
1.543513964861631393e-02
2.134647034108638763e-02
1.904761791229248047e-02
1.970443502068519592e-02
2.134647034108638763e-02
3.119868598878383636e-02
3.054187260568141937e-02
3.021346405148506165e-02
4.663382098078727722e-02
5.779967457056045532e-02
6.732348352670669556e-02
7.126437127590179443e-02
8.013135939836502075e-02
8.505746722221374512e-02
9.720854461193084717e-02
1.110016480088233948e-01
1.333333402872085571e-01
1.435139626264572144e-01
1.645320057868957520e-01
1.753694415092468262e-01
1.891625672578811646e-01
2.072249650955200195e-01
2.141215205192565918e-01
2.170771807432174683e-01
2.541871964931488037e-01
2.673234641551971436e-01
2.676518857479095459e-01
2.689655125141143799e-01
2.742200195789337158e-01
2.968801259994506836e-01
3.251231312751770020e-01
3.188834190368652344e-01
3.238095343112945557e-01
3.346469402313232422e-01
3.313628435134887695e-01
3.589490652084350586e-01
3.707717657089233398e-01
3.559934496879577637e-01
3.678160905838012695e-01
3.839080035686492920e-01
3.957306742668151855e-01
3.937602043151855469e-01
4.036124646663665771e-01
4.154351651668548584e-01
4.177339375019073486e-01
4.141215085983276367e-01
4.285714030265808105e-01
4.397372603416442871e-01
4.499178528785705566e-01
4.380952119827270508e-01
4.528735280036926270e-01
4.509030878543853760e-01
4.472906291484832764e-01
4.532019495964050293e-01
4.669950604438781738e-01
4.847289919853210449e-01
4.706075489521026611e-01
4.768472611904144287e-01
4.827585816383361816e-01
4.748768210411071777e-01
4.916256070137023926e-01
4.929391741752624512e-01
4.942528307437896729e-01
5.149424672126770020e-01
4.981937408447265625e-01
5.004925727844238281e-01
4.985221028327941895e-01
5.162560939788818359e-01
5.136288404464721680e-01
5.211822390556335449e-01
5.267651677131652832e-01
5.264367461204528809e-01
5.336617231369018555e-01
5.139572620391845703e-01
5.270935297012329102e-01
5.405582189559936523e-01
5.389161705970764160e-01
5.356321334838867188e-01
5.343185067176818848e-01
5.559933781623840332e-01
5.520524978637695312e-01
5.448275804519653320e-01
5.504104495048522949e-01
5.566501617431640625e-01
5.543513298034667969e-01
5.635467171669006348e-01
5.648604035377502441e-01
5.559934377670288086e-01
5.645319819450378418e-01
5.513957142829895020e-01
5.730705857276916504e-01
5.763546228408813477e-01
5.642035603523254395e-01
5.694580078125000000e-01
5.779966115951538086e-01
5.707716941833496094e-01
5.855500102043151855e-01
5.848932266235351562e-01
5.888341069221496582e-01
5.871920585632324219e-01
5.756978392601013184e-01
5.868636369705200195e-01
5.789818763732910156e-01
5.901476740837097168e-01
5.937601327896118164e-01
5.835795998573303223e-01
5.852216482162475586e-01
5.986862778663635254e-01
5.937601923942565918e-01
6.045976281166076660e-01
5.898193717002868652e-01
6.029556393623352051e-01
6.062396764755249023e-01
6.026272177696228027e-01
5.977011322975158691e-01
5.996715426445007324e-01
6.003282666206359863e-01
6.062396764755249023e-01
6.082101464271545410e-01
6.095237731933593750e-01
6.180623769760131836e-01
6.065680384635925293e-01
6.193759441375732422e-01
6.091953516006469727e-01
6.111657619476318359e-01
6.154351234436035156e-01
6.118226051330566406e-01
6.256157159805297852e-01
6.233167648315429688e-01
6.213463544845581055e-01
6.302133798599243164e-01
6.210179924964904785e-01
6.341543197631835938e-01
6.325122117996215820e-01
6.374383568763732910e-01
6.243020892143249512e-01
6.295565962791442871e-01
6.288997530937194824e-01
6.279145479202270508e-01
6.380952000617980957e-01
6.279145479202270508e-01
6.272577643394470215e-01
6.229884028434753418e-01
6.338258385658264160e-01
6.371099948883056641e-01
6.229884028434753418e-01
6.321838498115539551e-01
6.499178409576416016e-01
6.334974765777587891e-01
6.466337442398071289e-01
6.341543197631835938e-01
6.371099948883056641e-01
6.597700119018554688e-01
6.525450944900512695e-01
6.564859747886657715e-01
6.518882513046264648e-01
6.321839094161987305e-01
6.528734564781188965e-01
6.433496475219726562e-01
6.446632742881774902e-01
6.384235620498657227e-01
6.463053822517395020e-01
6.577996015548706055e-01
6.610836386680603027e-01
6.555007100105285645e-01
6.482757329940795898e-01
6.528735160827636719e-01
6.525450944900512695e-01
6.551722884178161621e-01
6.384235620498657227e-01
6.597700119018554688e-01
6.719210743904113770e-01
6.692938208580017090e-01
6.594415903091430664e-01
6.653529405593872070e-01
6.597700119018554688e-01
6.568143963813781738e-01
6.541870832443237305e-01
6.535302996635437012e-01
6.699506640434265137e-01
6.653529405593872070e-01
6.748767495155334473e-01
