1.084771156311035156e+00
2.121507883071899414e+00
3.130223989486694336e+00
4.152950763702392578e+00
5.156663656234741211e+00
6.167381763458251953e+00
7.177396297454833984e+00
8.182615995407104492e+00
9.214844465255737305e+00
1.024107360839843750e+01
1.125629425048828125e+01
1.227151536941528320e+01
1.327222657203674316e+01
1.429695487022399902e+01
1.532768726348876953e+01
1.634290790557861328e+01
1.736013078689575195e+01
1.837084913253784180e+01
1.937856483459472656e+01
2.041029810905456543e+01
2.144953608512878418e+01
2.248277068138122559e+01
2.351600384712219238e+01
2.453622889518737793e+01
2.555745434761047363e+01
2.658068132400512695e+01
2.759490132331848145e+01
2.862763595581054688e+01
2.963735246658325195e+01
3.065507507324218750e+01
3.166879558563232422e+01
3.269352388381958008e+01
3.372975993156433105e+01
3.475949192047119141e+01
3.577171039581298828e+01
3.677342176437377930e+01
3.778464031219482422e+01
3.881137180328369141e+01
3.982458925247192383e+01
4.083931088447570801e+01
4.186608242988586426e+01
4.289431357383728027e+01
4.391804075241088867e+01
4.493976688385009766e+01
4.597281479835510254e+01
4.698703503608703613e+01
4.800826096534729004e+01
4.901897859573364258e+01
5.003219819068908691e+01
5.105542492866516113e+01
5.207815194129943848e+01
5.310738301277160645e+01
5.414762210845947266e+01
5.517585253715515137e+01
5.621961355209350586e+01
5.724834346771240234e+01
5.827407288551330566e+01
5.930580568313598633e+01
6.038106966018676758e+01
6.139629054069519043e+01
6.244003200531005859e+01
6.356182956695556641e+01
6.457404899597167969e+01
6.558678221702575684e+01
6.661449813842773438e+01
6.764322853088378906e+01
6.871448945999145508e+01
6.975572943687438965e+01
7.082298731803894043e+01
7.183870911598205566e+01
7.285893344879150391e+01
7.390167498588562012e+01
7.492840409278869629e+01
7.594462609291076660e+01
7.701088404655456543e+01
7.804812073707580566e+01
7.906484293937683105e+01
8.009007120132446289e+01
8.121737217903137207e+01
8.225210714340209961e+01
8.329384732246398926e+01
8.434359240531921387e+01
8.543937134742736816e+01
8.646359920501708984e+01
8.749783325195312500e+01
8.853957366943359375e+01
8.956880474090576172e+01
9.066057991981506348e+01
9.168580842018127441e+01
9.271804189682006836e+01
9.375677943229675293e+01
9.482253742218017578e+01
9.587378358840942383e+01
9.689651036262512207e+01
9.797828006744384766e+01
9.903653073310852051e+01
1.000642755031585693e+02
1.011065011024475098e+02
1.021932730674743652e+02
1.032380163669586182e+02
1.042767534255981445e+02
1.053214955329895020e+02
1.064653079509735107e+02
1.074980418682098389e+02
1.085642988681793213e+02
1.096035377979278564e+02
1.106297669410705566e+02
1.116614995002746582e+02
1.126982359886169434e+02
1.137529859542846680e+02
1.147942252159118652e+02
1.158349645137786865e+02
1.168676979541778564e+02
1.179274513721466064e+02
1.189611852169036865e+02
1.199944195747375488e+02
1.210411627292633057e+02
1.220824024677276611e+02
1.231156365871429443e+02
1.241628808975219727e+02
1.252136414051055908e+02
1.262758812904357910e+02
1.273161215782165527e+02
1.283653659820556641e+02
1.294156126976013184e+02
1.304693615436553955e+02
1.315191063880920410e+02
1.325963718891143799e+02
1.336481196880340576e+02
1.347173786163330078e+02
1.357511129379272461e+02
1.368108658790588379e+02
1.378381018638610840e+02
1.388853454589843750e+02
1.399330902099609375e+02
1.409768319129943848e+02
1.420405871868133545e+02
1.430808269977569580e+02
1.441215660572052002e+02
1.451618046760559082e+02
1.462195563316345215e+02
1.472688028812408447e+02
1.483150448799133301e+02
1.493642899990081787e+02
1.504255440235137939e+02
1.514762904644012451e+02
1.525135273933410645e+02
1.535552680492401123e+02
1.546000096797943115e+02
1.556402487754821777e+02
1.566874926090240479e+02
1.577377388477325439e+02
1.587869844436645508e+02
1.598257224559783936e+02
1.608849747180938721e+02
1.619452283382415771e+02
1.630024797916412354e+02
1.640627322196960449e+02
1.651139938831329346e+02
1.661676256656646729e+02
1.672158706188201904e+02
1.682856309413909912e+02
1.693889541625976562e+02
1.705883057117462158e+02
1.716455569267272949e+02
1.726892981529235840e+02
1.737375428676605225e+02
1.747927927970886230e+02
1.758355336189270020e+02
1.769087958335876465e+02
1.780305926799774170e+02
1.790993523597717285e+02
1.801586043834686279e+02
1.812043468952178955e+02
1.822651007175445557e+02
1.833088421821594238e+02
1.843690962791442871e+02
1.854528658390045166e+02
1.865131187438964844e+02
1.875603628158569336e+02
1.886071066856384277e+02
1.897889461517333984e+02
1.908742177486419678e+02
1.919599885940551758e+02
1.930442585945129395e+02
1.941295299530029297e+02
1.951727702617645264e+02
1.962270197868347168e+02
1.972827699184417725e+02
1.983515286445617676e+02
1.994473073482513428e+02
2.005225710868835449e+02
2.015808236598968506e+02
2.026685960292816162e+02
2.037408578395843506e+02
2.048266291618347168e+02
2.059064049720764160e+02
2.069886722564697266e+02
2.080559306144714355e+02
2.091166846752166748e+02
