1.951219514012336731e-02
1.463414635509252548e-02
1.707317121326923370e-02
1.707317121326923370e-02
2.682926878333091736e-02
1.219512149691581726e-02
1.219512149691581726e-02
2.439024299383163452e-02
1.219512149691581726e-02
2.682926878333091736e-02
1.463414635509252548e-02
1.463414635509252548e-02
2.926829271018505096e-02
2.195121906697750092e-02
3.902439028024673462e-02
1.219512149691581726e-02
1.219512149691581726e-02
3.170731663703918457e-02
3.414634242653846741e-02
2.439024299383163452e-02
2.439024299383163452e-02
1.707317121326923370e-02
2.439024299383163452e-02
1.707317121326923370e-02
1.707317121326923370e-02
1.219512149691581726e-02
2.195121906697750092e-02
2.195121906697750092e-02
3.170731663703918457e-02
2.926829271018505096e-02
2.682926878333091736e-02
2.682926878333091736e-02
4.878048598766326904e-02
4.390243813395500183e-02
5.609755963087081909e-02
3.414634242653846741e-02
4.146341606974601746e-02
3.170731663703918457e-02
5.853658542037010193e-02
3.414634242653846741e-02
5.121951177716255188e-02
7.804878056049346924e-02
5.609755963087081909e-02
7.073170691728591919e-02
5.853658542037010193e-02
7.804878056049346924e-02
9.024390578269958496e-02
8.536585420370101929e-02
7.073170691728591919e-02
7.073170691728591919e-02
1.146341487765312195e-01
1.121951192617416382e-01
1.024390235543251038e-01
1.268292665481567383e-01
1.121951192617416382e-01
1.170731708407402039e-01
1.365853697061538696e-01
1.219512224197387695e-01
1.317073106765747070e-01
1.463414579629898071e-01
1.365853697061538696e-01
1.634146273136138916e-01
1.341463476419448853e-01
1.609756052494049072e-01
1.634146273136138916e-01
1.682926863431930542e-01
1.878048777580261230e-01
2.121951282024383545e-01
2.146341502666473389e-01
2.024390250444412231e-01
2.146341502666473389e-01
1.975609809160232544e-01
2.146341502666473389e-01
2.170731723308563232e-01
2.097560912370681763e-01
2.536585330963134766e-01
2.902438938617706299e-01
2.560975551605224609e-01
2.707317173480987549e-01
2.707317173480987549e-01
2.731707394123077393e-01
3.121951222419738770e-01
3.048780560493469238e-01
3.390243947505950928e-01
2.634146213531494141e-01
3.219512104988098145e-01
3.585365712642669678e-01
3.682926893234252930e-01
3.195121884346008301e-01
3.560975492000579834e-01
3.926829397678375244e-01
3.902438879013061523e-01
3.780487775802612305e-01
3.121951222419738770e-01
3.365853726863861084e-01
4.073170721530914307e-01
3.463414609432220459e-01
3.731707334518432617e-01
3.731707334518432617e-01
3.975609838962554932e-01
3.975609838962554932e-01
4.048780500888824463e-01
4.073170721530914307e-01
3.853658437728881836e-01
4.292683005332946777e-01
4.317073225975036621e-01
4.487804770469665527e-01
4.560975730419158936e-01
4.439024329185485840e-01
4.195121824741363525e-01
4.024390280246734619e-01
4.414634108543395996e-01
4.317073225975036621e-01
4.146341383457183838e-01
4.463414549827575684e-01
4.512194991111755371e-01
4.658536612987518311e-01
4.487804770469665527e-01
4.536585509777069092e-01
4.585365951061248779e-01
4.756097495555877686e-01
4.804877936840057373e-01
4.682926833629608154e-01
4.707317054271697998e-01
5.292682647705078125e-01
5.024390220642089844e-01
4.756097495555877686e-01
4.902439117431640625e-01
5.000000000000000000e-01
5.268292427062988281e-01
4.902439117431640625e-01
5.097560882568359375e-01
5.146341323852539062e-01
4.707317054271697998e-01
5.000000000000000000e-01
5.365853905677795410e-01
5.317073464393615723e-01
5.317073464393615723e-01
5.097560882568359375e-01
5.390244126319885254e-01
5.268292427062988281e-01
5.219511985778808594e-01
4.902439117431640625e-01
5.146341323852539062e-01
5.292682647705078125e-01
5.560975670814514160e-01
4.878048896789550781e-01
5.243902206420898438e-01
5.487805008888244629e-01
5.390244126319885254e-01
5.439024567604064941e-01
5.512195229530334473e-01
5.195121765136718750e-01
5.439024567604064941e-01
5.439024567604064941e-01
5.463414788246154785e-01
5.219511985778808594e-01
5.585365891456604004e-01
5.292682647705078125e-01
5.707316994667053223e-01
5.365853905677795410e-01
6.024390459060668945e-01
5.341463685035705566e-01
5.463414788246154785e-01
5.317073464393615723e-01
5.414634346961975098e-01
5.365853905677795410e-01
5.463414788246154785e-01
5.439024567604064941e-01
5.414634346961975098e-01
5.658536553382873535e-01
5.487805008888244629e-01
5.536585450172424316e-01
5.829268097877502441e-01
5.414634346961975098e-01
5.975610017776489258e-01
5.536585450172424316e-01
5.682926774024963379e-01
5.585365891456604004e-01
5.975610017776489258e-01
5.804877877235412598e-01
5.658536553382873535e-01
5.658536553382873535e-01
5.682926774024963379e-01
5.878048539161682129e-01
5.853658318519592285e-01
5.902438759803771973e-01
5.951219797134399414e-01
6.097561120986938477e-01
6.097561120986938477e-01
5.731707215309143066e-01
5.902438759803771973e-01
5.902438759803771973e-01
6.048780679702758789e-01
6.292682886123657227e-01
5.756097435951232910e-01
6.048780679702758789e-01
5.853658318519592285e-01
6.024390459060668945e-01
5.609756112098693848e-01
