1.707317121326923370e-02
2.439024392515420914e-03
2.682926878333091736e-02
1.219512149691581726e-02
1.463414635509252548e-02
4.878048785030841827e-03
1.463414635509252548e-02
1.219512149691581726e-02
2.195121906697750092e-02
1.219512149691581726e-02
2.195121906697750092e-02
1.951219514012336731e-02
9.756097570061683655e-03
1.951219514012336731e-02
2.195121906697750092e-02
7.317073177546262741e-03
1.951219514012336731e-02
1.463414635509252548e-02
2.682926878333091736e-02
1.463414635509252548e-02
2.439024299383163452e-02
1.951219514012336731e-02
9.756097570061683655e-03
1.707317121326923370e-02
1.463414635509252548e-02
2.439024299383163452e-02
9.756097570061683655e-03
1.463414635509252548e-02
2.195121906697750092e-02
2.195121906697750092e-02
2.926829271018505096e-02
2.439024299383163452e-02
1.951219514012336731e-02
2.682926878333091736e-02
2.195121906697750092e-02
2.682926878333091736e-02
1.463414635509252548e-02
3.414634242653846741e-02
2.195121906697750092e-02
3.658536449074745178e-02
2.926829271018505096e-02
3.658536449074745178e-02
3.170731663703918457e-02
5.121951177716255188e-02
3.414634242653846741e-02
5.609755963087081909e-02
6.097561120986938477e-02
5.121951177716255188e-02
5.853658542037010193e-02
6.097561120986938477e-02
7.073170691728591919e-02
7.317072898149490356e-02
8.536585420370101929e-02
8.048780262470245361e-02
7.073170691728591919e-02
1.073170751333236694e-01
9.756097197532653809e-02
8.780487626791000366e-02
1.048780456185340881e-01
1.073170751333236694e-01
1.000000014901161194e-01
1.365853697061538696e-01
1.292682886123657227e-01
1.292682886123657227e-01
1.341463476419448853e-01
1.878048777580261230e-01
1.365853697061538696e-01
1.682926863431930542e-01
2.097560912370681763e-01
1.609756052494049072e-01
1.902438998222351074e-01
2.024390250444412231e-01
2.390243858098983765e-01
2.243902385234832764e-01
2.000000029802322388e-01
2.365853637456893921e-01
2.195121943950653076e-01
2.609755992889404297e-01
2.487804889678955078e-01
2.780487835407257080e-01
3.048780560493469238e-01
2.878048717975616455e-01
2.560975551605224609e-01
2.829268276691436768e-01
2.707317173480987549e-01
2.951219379901885986e-01
2.878048717975616455e-01
3.000000119209289551e-01
3.073170781135559082e-01
3.243902325630187988e-01
3.097561001777648926e-01
3.414634168148040771e-01
3.268292546272277832e-01
3.414634168148040771e-01
3.487804830074310303e-01
3.682926893234252930e-01
3.390243947505950928e-01
3.756097555160522461e-01
3.731707334518432617e-01
3.756097555160522461e-01
3.634146451950073242e-01
3.536585271358489990e-01
3.414634168148040771e-01
4.121951162815093994e-01
3.658536672592163086e-01
3.853658437728881836e-01
4.170731604099273682e-01
3.829268217086791992e-01
3.951219618320465088e-01
3.853658437728881836e-01
3.951219618320465088e-01
4.512194991111755371e-01
4.658536612987518311e-01
4.560975730419158936e-01
4.292683005332946777e-01
4.048780500888824463e-01
4.390243887901306152e-01
3.926829397678375244e-01
4.439024329185485840e-01
4.585365951061248779e-01
4.560975730419158936e-01
4.463414549827575684e-01
4.292683005332946777e-01
4.902439117431640625e-01
4.341463446617126465e-01
4.707317054271697998e-01
4.780487716197967529e-01
4.731707274913787842e-01
4.634146392345428467e-01
5.195121765136718750e-01
4.853658676147460938e-01
4.951219558715820312e-01
4.829268157482147217e-01
4.951219558715820312e-01
4.975609779357910156e-01
4.707317054271697998e-01
4.560975730419158936e-01
4.878048896789550781e-01
5.048780441284179688e-01
4.951219558715820312e-01
5.121951103210449219e-01
5.097560882568359375e-01
4.682926833629608154e-01
5.195121765136718750e-01
4.682926833629608154e-01
5.097560882568359375e-01
5.048780441284179688e-01
4.682926833629608154e-01
4.878048896789550781e-01
4.829268157482147217e-01
5.414634346961975098e-01
4.926829338073730469e-01
5.170731544494628906e-01
5.000000000000000000e-01
5.292682647705078125e-01
5.487805008888244629e-01
5.146341323852539062e-01
5.243902206420898438e-01
5.317073464393615723e-01
5.170731544494628906e-01
5.317073464393615723e-01
5.341463685035705566e-01
5.439024567604064941e-01
5.024390220642089844e-01
5.317073464393615723e-01
5.731707215309143066e-01
5.414634346961975098e-01
5.707316994667053223e-01
5.341463685035705566e-01
5.000000000000000000e-01
5.170731544494628906e-01
5.536585450172424316e-01
5.512195229530334473e-01
5.463414788246154785e-01
5.487805008888244629e-01
5.341463685035705566e-01
5.341463685035705566e-01
5.439024567604064941e-01
5.390244126319885254e-01
5.219511985778808594e-01
6.073170900344848633e-01
5.390244126319885254e-01
5.536585450172424316e-01
5.560975670814514160e-01
5.292682647705078125e-01
5.487805008888244629e-01
5.756097435951232910e-01
5.414634346961975098e-01
5.487805008888244629e-01
5.609756112098693848e-01
5.243902206420898438e-01
5.317073464393615723e-01
5.609756112098693848e-01
5.536585450172424316e-01
5.609756112098693848e-01
5.756097435951232910e-01
5.585365891456604004e-01
5.804877877235412598e-01
5.536585450172424316e-01
5.512195229530334473e-01
