1.707316935062408447e-02
1.707316935062408447e-02
1.951219514012336731e-02
9.756097570061683655e-03
2.439024113118648529e-02
2.682926878333091736e-02
1.951219327747821808e-02
1.219512149691581726e-02
1.219512149691581726e-02
1.463414542376995087e-02
2.682926878333091736e-02
1.219512149691581726e-02
1.463414542376995087e-02
9.756097570061683655e-03
1.219512149691581726e-02
4.878048785030841827e-03
1.707316935062408447e-02
2.439024299383163452e-02
1.951219514012336731e-02
1.463414635509252548e-02
2.439024299383163452e-02
1.951219514012336731e-02
2.195121906697750092e-02
1.219512149691581726e-02
2.195121906697750092e-02
3.414633870124816895e-02
2.439024299383163452e-02
2.926829271018505096e-02
2.439024299383163452e-02
2.439024299383163452e-02
1.707316935062408447e-02
2.926829084753990173e-02
3.170731663703918457e-02
4.634146392345428467e-02
2.926829084753990173e-02
2.439024299383163452e-02
3.414634242653846741e-02
2.926829271018505096e-02
3.170731663703918457e-02
3.658536821603775024e-02
5.609756335616111755e-02
5.853658542037010193e-02
3.658536449074745178e-02
6.341463327407836914e-02
5.365853384137153625e-02
4.146341606974601746e-02
4.878048971295356750e-02
5.121951550245285034e-02
5.853658542037010193e-02
5.853658542037010193e-02
6.341463327407836914e-02
8.780487626791000366e-02
7.804878056049346924e-02
7.073170691728591919e-02
7.073170691728591919e-02
8.048780262470245361e-02
1.048780456185340881e-01
7.804878056049346924e-02
9.024390578269958496e-02
8.536584675312042236e-02
1.097560971975326538e-01
1.170731633901596069e-01
1.170731708407402039e-01
1.243902519345283508e-01
1.146341413259506226e-01
1.414634138345718384e-01
1.365853697061538696e-01
1.634146273136138916e-01
1.536585390567779541e-01
1.609756201505661011e-01
1.463414579629898071e-01
1.878048777580261230e-01
1.390243917703628540e-01
1.756097376346588135e-01
2.048780620098114014e-01
2.121951133012771606e-01
2.219512164592742920e-01
2.073170691728591919e-01
2.097561061382293701e-01
2.439024299383163452e-01
2.219512164592742920e-01
1.804877966642379761e-01
2.439024448394775391e-01
2.414633929729461670e-01
2.731707394123077393e-01
2.487804889678955078e-01
2.463414669036865234e-01
2.536585330963134766e-01
2.780487537384033203e-01
2.658536434173583984e-01
2.658536434173583984e-01
2.951219379901885986e-01
3.121951222419738770e-01
2.829268276691436768e-01
3.024390339851379395e-01
3.073170483112335205e-01
3.390243649482727051e-01
3.341463506221771240e-01
3.243902325630187988e-01
3.560975193977355957e-01
3.317072987556457520e-01
3.219512104988098145e-01
3.439024388790130615e-01
3.731707632541656494e-01
3.536585271358489990e-01
3.292682766914367676e-01
3.609756231307983398e-01
3.804877996444702148e-01
3.512195348739624023e-01
3.756097853183746338e-01
3.902438879013061523e-01
4.292683005332946777e-01
3.731707334518432617e-01
4.121951162815093994e-01
3.951219618320465088e-01
3.878048956394195557e-01
4.170731902122497559e-01
4.243902564048767090e-01
4.268292486667633057e-01
4.243902266025543213e-01
4.146341383457183838e-01
4.365853667259216309e-01
4.341463446617126465e-01
4.365853667259216309e-01
4.365854263305664062e-01
4.585365951061248779e-01
4.560975432395935059e-01
4.073170721530914307e-01
4.585365951061248779e-01
4.658536612987518311e-01
4.414634406566619873e-01
4.756097495555877686e-01
4.975609779357910156e-01
4.707316756248474121e-01
4.951219260692596436e-01
4.756097495555877686e-01
4.756097495555877686e-01
4.829268455505371094e-01
4.512194693088531494e-01
4.853658676147460938e-01
5.292682647705078125e-01
4.853658378124237061e-01
4.975609779357910156e-01
4.878048598766326904e-01
4.634146094322204590e-01
5.000000000000000000e-01
4.756097793579101562e-01
4.975609779357910156e-01
5.073170661926269531e-01
5.048780441284179688e-01
4.829268455505371094e-01
5.390243530273437500e-01
5.000000000000000000e-01
4.951219558715820312e-01
5.073170661926269531e-01
5.024390220642089844e-01
4.975609779357910156e-01
5.268292427062988281e-01
5.292682647705078125e-01
5.024390220642089844e-01
5.487805008888244629e-01
5.097560882568359375e-01
5.073170661926269531e-01
5.121951103210449219e-01
5.390244126319885254e-01
5.585365295410156250e-01
5.146341323852539062e-01
5.097560882568359375e-01
5.414633750915527344e-01
5.146341323852539062e-01
5.073170661926269531e-01
5.756097435951232910e-01
5.390243530273437500e-01
5.512195229530334473e-01
5.121951103210449219e-01
5.268292427062988281e-01
5.463414192199707031e-01
5.878048539161682129e-01
5.560975670814514160e-01
5.341463088989257812e-01
5.536584854125976562e-01
5.536585450172424316e-01
5.390244126319885254e-01
5.439023971557617188e-01
5.390243530273437500e-01
5.512194633483886719e-01
5.707317590713500977e-01
5.804877877235412598e-01
5.975610017776489258e-01
5.609755516052246094e-01
5.682926774024963379e-01
5.609755516052246094e-01
5.731707215309143066e-01
5.609756708145141602e-01
5.829268097877502441e-01
5.731707215309143066e-01
6.000000238418579102e-01
5.414633750915527344e-01
5.829267501831054688e-01
5.487805008888244629e-01
