1.219512149691581726e-02
1.219512149691581726e-02
1.463414635509252548e-02
1.219512149691581726e-02
1.219512149691581726e-02
1.463414635509252548e-02
1.463414635509252548e-02
1.951219514012336731e-02
2.195121906697750092e-02
1.707317121326923370e-02
2.195121906697750092e-02
1.219512149691581726e-02
2.195121906697750092e-02
1.951219514012336731e-02
2.195121906697750092e-02
1.463414635509252548e-02
2.195121906697750092e-02
3.414634242653846741e-02
2.439024392515420914e-03
2.439024299383163452e-02
1.707317121326923370e-02
1.707317121326923370e-02
2.195121906697750092e-02
1.219512149691581726e-02
1.463414635509252548e-02
2.195121906697750092e-02
1.463414635509252548e-02
2.926829271018505096e-02
3.170731663703918457e-02
3.170731663703918457e-02
2.926829271018505096e-02
3.414634242653846741e-02
3.902439028024673462e-02
3.658536449074745178e-02
1.463414635509252548e-02
2.682926878333091736e-02
2.195121906697750092e-02
3.658536449074745178e-02
1.707317121326923370e-02
2.195121906697750092e-02
3.414634242653846741e-02
3.658536449074745178e-02
3.414634242653846741e-02
5.609755963087081909e-02
4.390243813395500183e-02
4.878048598766326904e-02
4.634146392345428467e-02
5.853658542037010193e-02
7.560975849628448486e-02
6.829268485307693481e-02
6.829268485307693481e-02
7.073170691728591919e-02
7.317072898149490356e-02
8.292683213949203491e-02
7.804878056049346924e-02
8.536585420370101929e-02
7.804878056049346924e-02
1.121951192617416382e-01
9.512194991111755371e-02
1.121951192617416382e-01
1.000000014901161194e-01
1.024390235543251038e-01
1.097560971975326538e-01
9.512194991111755371e-02
1.414634138345718384e-01
1.560975611209869385e-01
1.195121929049491882e-01
1.487804949283599854e-01
1.390243917703628540e-01
1.439024358987808228e-01
1.560975611209869385e-01
1.634146273136138916e-01
1.487804949283599854e-01
1.585365831851959229e-01
1.902438998222351074e-01
1.926829218864440918e-01
1.780487746000289917e-01
1.853658556938171387e-01
1.829268336296081543e-01
2.000000029802322388e-01
2.073170691728591919e-01
2.243902385234832764e-01
2.463414669036865234e-01
2.146341502666473389e-01
2.682926952838897705e-01
2.146341502666473389e-01
2.390243858098983765e-01
2.609755992889404297e-01
2.219512164592742920e-01
2.756097614765167236e-01
3.195121884346008301e-01
2.780487835407257080e-01
2.926829159259796143e-01
2.585365772247314453e-01
2.707317173480987549e-01
2.804878056049346924e-01
2.829268276691436768e-01
3.048780560493469238e-01
3.000000119209289551e-01
2.756097614765167236e-01
3.170731663703918457e-01
3.024390339851379395e-01
3.390243947505950928e-01
3.048780560493469238e-01
3.341463506221771240e-01
3.243902325630187988e-01
3.195121884346008301e-01
3.390243947505950928e-01
3.365853726863861084e-01
3.439024388790130615e-01
3.317073285579681396e-01
3.292683064937591553e-01
3.560975492000579834e-01
3.463414609432220459e-01
3.609756231307983398e-01
3.121951222419738770e-01
3.780487775802612305e-01
3.585365712642669678e-01
3.512195050716400146e-01
3.804877996444702148e-01
3.756097555160522461e-01
4.195121824741363525e-01
3.853658437728881836e-01
4.097560942173004150e-01
4.048780500888824463e-01
4.024390280246734619e-01
4.317073225975036621e-01
3.756097555160522461e-01
3.975609838962554932e-01
4.024390280246734619e-01
4.560975730419158936e-01
4.024390280246734619e-01
4.121951162815093994e-01
4.487804770469665527e-01
4.243902564048767090e-01
4.268292784690856934e-01
4.390243887901306152e-01
4.560975730419158936e-01
4.682926833629608154e-01
4.317073225975036621e-01
4.317073225975036621e-01
4.219512343406677246e-01
4.682926833629608154e-01
5.000000000000000000e-01
4.073170721530914307e-01
4.634146392345428467e-01
4.658536612987518311e-01
4.682926833629608154e-01
4.487804770469665527e-01
4.390243887901306152e-01
5.048780441284179688e-01
4.829268157482147217e-01
4.439024329185485840e-01
4.780487716197967529e-01
4.512194991111755371e-01
4.658536612987518311e-01
4.926829338073730469e-01
4.804877936840057373e-01
5.073170661926269531e-01
5.097560882568359375e-01
5.097560882568359375e-01
4.707317054271697998e-01
4.560975730419158936e-01
5.219511985778808594e-01
4.926829338073730469e-01
4.829268157482147217e-01
4.804877936840057373e-01
4.951219558715820312e-01
4.804877936840057373e-01
5.073170661926269531e-01
4.951219558715820312e-01
5.292682647705078125e-01
5.024390220642089844e-01
5.292682647705078125e-01
5.048780441284179688e-01
5.073170661926269531e-01
5.146341323852539062e-01
5.146341323852539062e-01
5.243902206420898438e-01
5.487805008888244629e-01
5.024390220642089844e-01
5.268292427062988281e-01
5.073170661926269531e-01
5.000000000000000000e-01
5.073170661926269531e-01
5.024390220642089844e-01
5.243902206420898438e-01
5.658536553382873535e-01
5.048780441284179688e-01
5.341463685035705566e-01
5.219511985778808594e-01
5.512195229530334473e-01
5.658536553382873535e-01
5.682926774024963379e-01
5.878048539161682129e-01
5.560975670814514160e-01
5.439024567604064941e-01
5.658536553382873535e-01
5.365853905677795410e-01
5.439024567604064941e-01
