1.707317121326923370e-02
1.219512149691581726e-02
1.707317121326923370e-02
1.707317121326923370e-02
1.951219514012336731e-02
1.707317121326923370e-02
1.463414635509252548e-02
3.170731663703918457e-02
2.682926878333091736e-02
1.463414635509252548e-02
2.682926878333091736e-02
2.195121906697750092e-02
1.219512149691581726e-02
1.951219514012336731e-02
2.682926878333091736e-02
2.926829271018505096e-02
2.926829271018505096e-02
2.195121906697750092e-02
1.951219514012336731e-02
4.146341606974601746e-02
2.682926878333091736e-02
1.707317121326923370e-02
1.951219514012336731e-02
2.682926878333091736e-02
3.170731663703918457e-02
2.682926878333091736e-02
4.146341606974601746e-02
2.682926878333091736e-02
4.390243813395500183e-02
4.390243813395500183e-02
3.658536449074745178e-02
4.390243813395500183e-02
2.926829271018505096e-02
3.658536449074745178e-02
4.390243813395500183e-02
5.609755963087081909e-02
4.390243813395500183e-02
4.878048598766326904e-02
4.146341606974601746e-02
8.048780262470245361e-02
7.317072898149490356e-02
6.341463327407836914e-02
9.024390578269958496e-02
9.268292784690856934e-02
9.024390578269958496e-02
1.121951192617416382e-01
8.780487626791000366e-02
1.121951192617416382e-01
1.097560971975326538e-01
1.365853697061538696e-01
1.024390235543251038e-01
1.268292665481567383e-01
1.365853697061538696e-01
1.439024358987808228e-01
1.585365831851959229e-01
1.439024358987808228e-01
1.804878115653991699e-01
1.414634138345718384e-01
1.853658556938171387e-01
1.609756052494049072e-01
1.853658556938171387e-01
1.707317084074020386e-01
2.170731723308563232e-01
1.951219439506530762e-01
2.170731723308563232e-01
2.170731723308563232e-01
2.292682975530624390e-01
2.317073196172714233e-01
2.365853637456893921e-01
2.634146213531494141e-01
2.341463416814804077e-01
2.951219379901885986e-01
3.024390339851379395e-01
2.780487835407257080e-01
2.682926952838897705e-01
2.682926952838897705e-01
2.829268276691436768e-01
3.292683064937591553e-01
3.219512104988098145e-01
3.414634168148040771e-01
3.048780560493469238e-01
3.487804830074310303e-01
3.487804830074310303e-01
3.390243947505950928e-01
3.463414609432220459e-01
3.634146451950073242e-01
3.878048658370971680e-01
3.585365712642669678e-01
3.658536672592163086e-01
3.536585271358489990e-01
3.951219618320465088e-01
3.804877996444702148e-01
3.804877996444702148e-01
3.780487775802612305e-01
4.195121824741363525e-01
3.658536672592163086e-01
4.219512343406677246e-01
4.024390280246734619e-01
4.243902564048767090e-01
4.024390280246734619e-01
4.146341383457183838e-01
4.219512343406677246e-01
4.292683005332946777e-01
4.439024329185485840e-01
4.219512343406677246e-01
4.463414549827575684e-01
4.243902564048767090e-01
4.121951162815093994e-01
4.731707274913787842e-01
4.414634108543395996e-01
4.975609779357910156e-01
4.341463446617126465e-01
4.341463446617126465e-01
4.585365951061248779e-01
4.560975730419158936e-01
4.609756171703338623e-01
4.878048896789550781e-01
4.731707274913787842e-01
4.658536612987518311e-01
5.097560882568359375e-01
4.463414549827575684e-01
4.609756171703338623e-01
4.585365951061248779e-01
5.000000000000000000e-01
5.121951103210449219e-01
4.829268157482147217e-01
5.073170661926269531e-01
5.268292427062988281e-01
5.048780441284179688e-01
5.219511985778808594e-01
5.073170661926269531e-01
5.243902206420898438e-01
5.097560882568359375e-01
5.365853905677795410e-01
5.512195229530334473e-01
5.317073464393615723e-01
5.121951103210449219e-01
5.195121765136718750e-01
5.390244126319885254e-01
5.487805008888244629e-01
5.707316994667053223e-01
5.341463685035705566e-01
5.439024567604064941e-01
5.463414788246154785e-01
5.536585450172424316e-01
5.341463685035705566e-01
5.439024567604064941e-01
5.658536553382873535e-01
5.487805008888244629e-01
5.365853905677795410e-01
5.365853905677795410e-01
5.585365891456604004e-01
5.512195229530334473e-01
5.560975670814514160e-01
5.292682647705078125e-01
5.414634346961975098e-01
5.365853905677795410e-01
5.487805008888244629e-01
5.609756112098693848e-01
5.780487656593322754e-01
5.292682647705078125e-01
5.414634346961975098e-01
5.731707215309143066e-01
5.682926774024963379e-01
5.560975670814514160e-01
5.853658318519592285e-01
5.536585450172424316e-01
5.682926774024963379e-01
5.682926774024963379e-01
5.634146332740783691e-01
5.756097435951232910e-01
5.804877877235412598e-01
5.585365891456604004e-01
5.829268097877502441e-01
5.634146332740783691e-01
5.853658318519592285e-01
5.682926774024963379e-01
5.756097435951232910e-01
6.073170900344848633e-01
5.463414788246154785e-01
5.878048539161682129e-01
5.634146332740783691e-01
6.073170900344848633e-01
5.926828980445861816e-01
5.658536553382873535e-01
5.829268097877502441e-01
5.682926774024963379e-01
6.000000238418579102e-01
6.024390459060668945e-01
6.024390459060668945e-01
6.390243768692016602e-01
6.000000238418579102e-01
5.878048539161682129e-01
6.048780679702758789e-01
6.195122003555297852e-01
5.878048539161682129e-01
5.975610017776489258e-01
6.121951341629028320e-01
6.292682886123657227e-01
6.170731782913208008e-01
