9.756097570061683655e-03
1.463414635509252548e-02
1.951219514012336731e-02
1.707317121326923370e-02
2.439024299383163452e-02
2.682926692068576813e-02
1.463414542376995087e-02
1.219512149691581726e-02
9.756097570061683655e-03
9.756097570061683655e-03
9.756097570061683655e-03
1.707316935062408447e-02
2.439024299383163452e-02
1.463414542376995087e-02
1.951219327747821808e-02
2.439024299383163452e-02
2.195122092962265015e-02
1.463414542376995087e-02
1.707317121326923370e-02
1.951219327747821808e-02
2.682926878333091736e-02
1.707316935062408447e-02
1.951219514012336731e-02
1.463414542376995087e-02
1.219512149691581726e-02
1.463414635509252548e-02
2.195121720433235168e-02
2.926829084753990173e-02
3.414633870124816895e-02
2.439024113118648529e-02
1.951219514012336731e-02
2.195121906697750092e-02
1.951219514012336731e-02
2.682926505804061890e-02
2.682926878333091736e-02
1.219512149691581726e-02
3.170731663703918457e-02
2.195121906697750092e-02
2.926829271018505096e-02
2.195121906697750092e-02
3.414634242653846741e-02
1.707316935062408447e-02
3.902439028024673462e-02
4.146341234445571899e-02
2.682926692068576813e-02
3.902439028024673462e-02
5.121951550245285034e-02
4.634146392345428467e-02
2.682926692068576813e-02
6.097560748457908630e-02
5.609755963087081909e-02
4.878048971295356750e-02
3.658536449074745178e-02
5.853658914566040039e-02
5.121951177716255188e-02
5.609755963087081909e-02
5.853658542037010193e-02
7.317072898149490356e-02
5.121951550245285034e-02
6.097561120986938477e-02
7.073170691728591919e-02
6.341463327407836914e-02
1.121951192617416382e-01
8.780488371849060059e-02
9.512194246053695679e-02
1.097560897469520569e-01
9.512194991111755371e-02
1.146341413259506226e-01
1.195121929049491882e-01
1.219512224197387695e-01
1.390243917703628540e-01
1.463414579629898071e-01
1.195121929049491882e-01
1.365853697061538696e-01
1.585365980863571167e-01
1.536585390567779541e-01
1.634146273136138916e-01
1.707317084074020386e-01
1.682927012443542480e-01
1.682927012443542480e-01
1.902438998222351074e-01
1.878048777580261230e-01
2.073170691728591919e-01
1.780487895011901855e-01
2.121951282024383545e-01
2.170731723308563232e-01
2.219512164592742920e-01
2.195121943950653076e-01
2.170731574296951294e-01
2.195121943950653076e-01
2.439024299383163452e-01
2.780487537384033203e-01
2.439024299383163452e-01
2.487804889678955078e-01
2.341463267803192139e-01
2.756097316741943359e-01
2.512195110321044922e-01
2.999999821186065674e-01
2.780487537384033203e-01
2.999999821186065674e-01
2.902438938617706299e-01
2.902438640594482422e-01
3.073170781135559082e-01
2.829268276691436768e-01
3.097561001777648926e-01
3.024390339851379395e-01
3.487804532051086426e-01
3.317073583602905273e-01
3.024390041828155518e-01
3.317072987556457520e-01
3.219512104988098145e-01
3.341463208198547363e-01
3.121951222419738770e-01
3.414634168148040771e-01
3.682926893234252930e-01
3.073170483112335205e-01
3.512195050716400146e-01
3.536585569381713867e-01
3.634146451950073242e-01
3.536585569381713867e-01
3.682926893234252930e-01
3.756097555160522461e-01
3.560975492000579834e-01
3.902439177036285400e-01
3.780487775802612305e-01
3.585366010665893555e-01
4.682926833629608154e-01
4.268292784690856934e-01
4.170731902122497559e-01
4.073170423507690430e-01
4.024390578269958496e-01
4.024390280246734619e-01
4.097560942173004150e-01
4.390243887901306152e-01
4.439024031162261963e-01
4.317073225975036621e-01
4.317072927951812744e-01
3.951219618320465088e-01
4.000000059604644775e-01
4.219512045383453369e-01
3.999999761581420898e-01
4.317073225975036621e-01
4.365853667259216309e-01
4.585365653038024902e-01
4.317073225975036621e-01
4.780487716197967529e-01
4.365853667259216309e-01
4.634146094322204590e-01
4.414634108543395996e-01
4.390243589878082275e-01
5.097560882568359375e-01
4.731706976890563965e-01
4.487804770469665527e-01
4.585365653038024902e-01
4.731707274913787842e-01
4.463414251804351807e-01
4.634146392345428467e-01
5.048780441284179688e-01
4.829267859458923340e-01
4.878048598766326904e-01
4.926829040050506592e-01
4.585365355014801025e-01
4.878048598766326904e-01
5.073170661926269531e-01
4.780487418174743652e-01
5.073170661926269531e-01
5.024390220642089844e-01
5.414633750915527344e-01
5.097560882568359375e-01
5.390243530273437500e-01
5.097560882568359375e-01
5.317072868347167969e-01
5.121951103210449219e-01
5.073170661926269531e-01
5.317073464393615723e-01
5.292683243751525879e-01
5.292682647705078125e-01
4.902439117431640625e-01
5.073170661926269531e-01
5.292682647705078125e-01
5.682926177978515625e-01
5.146341323852539062e-01
5.341463088989257812e-01
5.487805008888244629e-01
5.365853309631347656e-01
5.170731544494628906e-01
5.097560882568359375e-01
5.268292427062988281e-01
5.317072868347167969e-01
5.243902206420898438e-01
5.414634346961975098e-01
5.439023971557617188e-01
5.219511985778808594e-01
5.487804412841796875e-01
5.512194633483886719e-01
5.487805008888244629e-01
5.463414788246154785e-01
5.414634346961975098e-01
5.609756112098693848e-01
5.585365891456604004e-01
