9.756097570061683655e-03
1.707317121326923370e-02
1.219512149691581726e-02
9.756097570061683655e-03
1.463414635509252548e-02
3.414634242653846741e-02
4.878048785030841827e-03
1.707317121326923370e-02
1.707317121326923370e-02
1.219512149691581726e-02
1.707317121326923370e-02
1.219512149691581726e-02
7.317073177546262741e-03
2.195121906697750092e-02
3.170731663703918457e-02
1.951219514012336731e-02
2.439024299383163452e-02
1.463414635509252548e-02
2.682926878333091736e-02
3.414634242653846741e-02
1.951219514012336731e-02
2.682926878333091736e-02
1.951219514012336731e-02
9.756097570061683655e-03
3.414634242653846741e-02
3.658536449074745178e-02
4.146341606974601746e-02
2.926829271018505096e-02
3.414634242653846741e-02
3.170731663703918457e-02
4.390243813395500183e-02
4.390243813395500183e-02
5.121951177716255188e-02
3.658536449074745178e-02
4.634146392345428467e-02
6.341463327407836914e-02
5.365853756666183472e-02
6.097561120986938477e-02
6.341463327407836914e-02
4.390243813395500183e-02
7.804878056049346924e-02
7.073170691728591919e-02
7.073170691728591919e-02
6.341463327407836914e-02
7.560975849628448486e-02
8.780487626791000366e-02
9.024390578269958496e-02
1.146341487765312195e-01
9.756097197532653809e-02
9.268292784690856934e-02
7.804878056049346924e-02
1.341463476419448853e-01
1.414634138345718384e-01
1.292682886123657227e-01
1.268292665481567383e-01
1.219512224197387695e-01
1.390243917703628540e-01
1.658536642789840698e-01
1.658536642789840698e-01
1.658536642789840698e-01
1.243902444839477539e-01
1.878048777580261230e-01
1.853658556938171387e-01
1.829268336296081543e-01
1.902438998222351074e-01
2.073170691728591919e-01
2.073170691728591919e-01
1.951219439506530762e-01
2.243902385234832764e-01
2.195121943950653076e-01
2.195121943950653076e-01
2.170731723308563232e-01
2.390243858098983765e-01
2.243902385234832764e-01
2.146341502666473389e-01
2.243902385234832764e-01
2.780487835407257080e-01
2.341463416814804077e-01
2.707317173480987549e-01
2.804878056049346924e-01
2.707317173480987549e-01
2.609755992889404297e-01
2.707317173480987549e-01
2.902438938617706299e-01
2.512195110321044922e-01
3.000000119209289551e-01
2.853658497333526611e-01
3.000000119209289551e-01
3.170731663703918457e-01
3.170731663703918457e-01
3.439024388790130615e-01
3.390243947505950928e-01
3.243902325630187988e-01
3.024390339851379395e-01
3.536585271358489990e-01
3.756097555160522461e-01
3.512195050716400146e-01
3.195121884346008301e-01
3.658536672592163086e-01
3.585365712642669678e-01
3.268292546272277832e-01
3.609756231307983398e-01
3.682926893234252930e-01
3.878048658370971680e-01
3.439024388790130615e-01
3.926829397678375244e-01
3.756097555160522461e-01
3.853658437728881836e-01
3.682926893234252930e-01
3.975609838962554932e-01
3.975609838962554932e-01
3.853658437728881836e-01
4.073170721530914307e-01
3.951219618320465088e-01
4.195121824741363525e-01
4.073170721530914307e-01
3.707317113876342773e-01
4.048780500888824463e-01
4.195121824741363525e-01
4.341463446617126465e-01
4.317073225975036621e-01
3.951219618320465088e-01
4.414634108543395996e-01
4.073170721530914307e-01
3.926829397678375244e-01
4.365853667259216309e-01
4.536585509777069092e-01
3.975609838962554932e-01
4.365853667259216309e-01
4.365853667259216309e-01
4.463414549827575684e-01
4.268292784690856934e-01
4.585365951061248779e-01
4.317073225975036621e-01
4.487804770469665527e-01
4.317073225975036621e-01
4.146341383457183838e-01
4.317073225975036621e-01
4.512194991111755371e-01
4.609756171703338623e-01
4.804877936840057373e-01
4.609756171703338623e-01
4.926829338073730469e-01
4.560975730419158936e-01
4.780487716197967529e-01
4.853658676147460938e-01
4.536585509777069092e-01
4.658536612987518311e-01
4.756097495555877686e-01
4.829268157482147217e-01
4.317073225975036621e-01
4.487804770469665527e-01
4.829268157482147217e-01
4.634146392345428467e-01
4.902439117431640625e-01
4.829268157482147217e-01
5.121951103210449219e-01
4.682926833629608154e-01
4.951219558715820312e-01
5.000000000000000000e-01
4.560975730419158936e-01
5.121951103210449219e-01
5.024390220642089844e-01
5.146341323852539062e-01
4.682926833629608154e-01
5.048780441284179688e-01
4.878048896789550781e-01
5.390244126319885254e-01
5.292682647705078125e-01
4.853658676147460938e-01
5.000000000000000000e-01
5.073170661926269531e-01
5.512195229530334473e-01
4.975609779357910156e-01
5.219511985778808594e-01
5.390244126319885254e-01
5.390244126319885254e-01
5.097560882568359375e-01
5.341463685035705566e-01
5.000000000000000000e-01
5.365853905677795410e-01
5.243902206420898438e-01
5.292682647705078125e-01
5.097560882568359375e-01
5.439024567604064941e-01
5.512195229530334473e-01
5.195121765136718750e-01
5.487805008888244629e-01
5.390244126319885254e-01
5.292682647705078125e-01
5.609756112098693848e-01
5.487805008888244629e-01
5.268292427062988281e-01
5.634146332740783691e-01
5.414634346961975098e-01
5.439024567604064941e-01
5.414634346961975098e-01
5.560975670814514160e-01
5.414634346961975098e-01
5.463414788246154785e-01
