9.756097570061683655e-03
1.707317121326923370e-02
1.707317121326923370e-02
2.195121906697750092e-02
1.951219514012336731e-02
1.707317121326923370e-02
1.707317121326923370e-02
1.707317121326923370e-02
1.219512149691581726e-02
2.195121906697750092e-02
1.707317121326923370e-02
1.951219514012336731e-02
2.195121906697750092e-02
3.170731663703918457e-02
7.317073177546262741e-03
1.219512149691581726e-02
2.195121906697750092e-02
2.926829271018505096e-02
1.707317121326923370e-02
1.951219514012336731e-02
3.902439028024673462e-02
3.170731663703918457e-02
2.926829271018505096e-02
1.951219514012336731e-02
3.170731663703918457e-02
3.658536449074745178e-02
2.439024299383163452e-02
1.707317121326923370e-02
2.682926878333091736e-02
4.390243813395500183e-02
4.390243813395500183e-02
4.878048598766326904e-02
4.146341606974601746e-02
3.414634242653846741e-02
6.097561120986938477e-02
3.902439028024673462e-02
6.341463327407836914e-02
6.341463327407836914e-02
5.365853756666183472e-02
9.024390578269958496e-02
5.365853756666183472e-02
9.024390578269958496e-02
5.853658542037010193e-02
9.024390578269958496e-02
8.048780262470245361e-02
7.560975849628448486e-02
8.780487626791000366e-02
8.536585420370101929e-02
8.536585420370101929e-02
8.536585420370101929e-02
1.170731708407402039e-01
9.024390578269958496e-02
1.170731708407402039e-01
1.243902444839477539e-01
1.243902444839477539e-01
1.560975611209869385e-01
1.414634138345718384e-01
1.341463476419448853e-01
1.268292665481567383e-01
1.707317084074020386e-01
1.804878115653991699e-01
1.853658556938171387e-01
1.951219439506530762e-01
1.536585390567779541e-01
1.756097525358200073e-01
2.024390250444412231e-01
2.048780471086502075e-01
1.926829218864440918e-01
1.829268336296081543e-01
2.146341502666473389e-01
2.365853637456893921e-01
2.219512164592742920e-01
1.804878115653991699e-01
2.243902385234832764e-01
2.560975551605224609e-01
2.585365772247314453e-01
2.390243858098983765e-01
2.731707394123077393e-01
2.585365772247314453e-01
2.756097614765167236e-01
2.902438938617706299e-01
2.902438938617706299e-01
3.195121884346008301e-01
3.365853726863861084e-01
3.024390339851379395e-01
2.902438938617706299e-01
2.780487835407257080e-01
3.024390339851379395e-01
3.146341443061828613e-01
3.097561001777648926e-01
3.121951222419738770e-01
3.243902325630187988e-01
3.609756231307983398e-01
3.463414609432220459e-01
3.317073285579681396e-01
3.195121884346008301e-01
3.560975492000579834e-01
3.439024388790130615e-01
3.707317113876342773e-01
3.682926893234252930e-01
3.878048658370971680e-01
3.804877996444702148e-01
4.097560942173004150e-01
3.512195050716400146e-01
3.829268217086791992e-01
3.804877996444702148e-01
3.780487775802612305e-01
4.170731604099273682e-01
3.853658437728881836e-01
3.902438879013061523e-01
4.292683005332946777e-01
4.097560942173004150e-01
4.390243887901306152e-01
4.048780500888824463e-01
4.073170721530914307e-01
4.341463446617126465e-01
4.121951162815093994e-01
4.365853667259216309e-01
4.219512343406677246e-01
4.195121824741363525e-01
4.268292784690856934e-01
4.439024329185485840e-01
4.365853667259216309e-01
4.585365951061248779e-01
4.780487716197967529e-01
4.585365951061248779e-01
4.634146392345428467e-01
4.829268157482147217e-01
4.634146392345428467e-01
4.585365951061248779e-01
4.317073225975036621e-01
4.536585509777069092e-01
4.878048896789550781e-01
4.853658676147460938e-01
4.731707274913787842e-01
4.512194991111755371e-01
4.731707274913787842e-01
4.926829338073730469e-01
5.000000000000000000e-01
4.585365951061248779e-01
5.097560882568359375e-01
4.658536612987518311e-01
5.048780441284179688e-01
4.951219558715820312e-01
4.951219558715820312e-01
4.731707274913787842e-01
5.024390220642089844e-01
5.146341323852539062e-01
4.731707274913787842e-01
5.000000000000000000e-01
5.097560882568359375e-01
5.146341323852539062e-01
5.292682647705078125e-01
5.097560882568359375e-01
4.926829338073730469e-01
5.512195229530334473e-01
5.195121765136718750e-01
5.048780441284179688e-01
5.146341323852539062e-01
5.219511985778808594e-01
5.097560882568359375e-01
5.414634346961975098e-01
5.048780441284179688e-01
5.170731544494628906e-01
5.341463685035705566e-01
5.146341323852539062e-01
5.365853905677795410e-01
5.390244126319885254e-01
5.414634346961975098e-01
5.170731544494628906e-01
5.243902206420898438e-01
5.195121765136718750e-01
5.609756112098693848e-01
5.268292427062988281e-01
5.024390220642089844e-01
5.097560882568359375e-01
5.560975670814514160e-01
5.317073464393615723e-01
5.414634346961975098e-01
5.439024567604064941e-01
5.390244126319885254e-01
5.829268097877502441e-01
5.682926774024963379e-01
5.487805008888244629e-01
5.243902206420898438e-01
5.341463685035705566e-01
5.609756112098693848e-01
5.414634346961975098e-01
5.731707215309143066e-01
5.682926774024963379e-01
5.439024567604064941e-01
5.634146332740783691e-01
5.439024567604064941e-01
5.268292427062988281e-01
5.536585450172424316e-01
5.731707215309143066e-01
5.658536553382873535e-01
5.512195229530334473e-01
5.512195229530334473e-01
5.804877877235412598e-01
