1.951219514012336731e-02
2.682926878333091736e-02
2.682926878333091736e-02
2.926829271018505096e-02
2.682926878333091736e-02
1.951219514012336731e-02
1.951219514012336731e-02
1.951219514012336731e-02
2.195121906697750092e-02
1.219512149691581726e-02
1.951219514012336731e-02
2.926829271018505096e-02
1.463414635509252548e-02
1.951219514012336731e-02
1.707317121326923370e-02
2.195121906697750092e-02
1.219512149691581726e-02
2.195121906697750092e-02
2.682926878333091736e-02
1.463414635509252548e-02
1.219512149691581726e-02
1.463414635509252548e-02
1.951219514012336731e-02
2.682926878333091736e-02
9.756097570061683655e-03
1.707317121326923370e-02
2.926829271018505096e-02
7.317073177546262741e-03
2.682926878333091736e-02
1.463414635509252548e-02
2.439024299383163452e-02
1.707317121326923370e-02
2.926829271018505096e-02
1.707317121326923370e-02
1.707317121326923370e-02
1.463414635509252548e-02
1.707317121326923370e-02
1.463414635509252548e-02
2.195121906697750092e-02
2.439024299383163452e-02
2.682926878333091736e-02
2.682926878333091736e-02
2.195121906697750092e-02
2.439024299383163452e-02
3.414634242653846741e-02
3.170731663703918457e-02
1.951219514012336731e-02
3.658536449074745178e-02
2.195121906697750092e-02
3.902439028024673462e-02
3.414634242653846741e-02
5.853658542037010193e-02
4.878048598766326904e-02
4.390243813395500183e-02
4.634146392345428467e-02
5.121951177716255188e-02
3.658536449074745178e-02
5.365853756666183472e-02
7.804878056049346924e-02
5.609755963087081909e-02
8.536585420370101929e-02
1.024390235543251038e-01
6.585365533828735352e-02
9.756097197532653809e-02
8.292683213949203491e-02
1.024390235543251038e-01
9.024390578269958496e-02
1.048780456185340881e-01
1.170731708407402039e-01
1.536585390567779541e-01
1.268292665481567383e-01
1.292682886123657227e-01
1.463414579629898071e-01
1.219512224197387695e-01
1.512195169925689697e-01
1.146341487765312195e-01
1.512195169925689697e-01
1.512195169925689697e-01
1.609756052494049072e-01
1.829268336296081543e-01
1.804878115653991699e-01
1.560975611209869385e-01
1.707317084074020386e-01
1.707317084074020386e-01
1.731707304716110229e-01
2.512195110321044922e-01
2.317073196172714233e-01
2.024390250444412231e-01
2.365853637456893921e-01
2.292682975530624390e-01
2.585365772247314453e-01
2.560975551605224609e-01
2.756097614765167236e-01
2.317073196172714233e-01
2.878048717975616455e-01
2.853658497333526611e-01
2.536585330963134766e-01
2.853658497333526611e-01
2.707317173480987549e-01
3.000000119209289551e-01
3.268292546272277832e-01
3.073170781135559082e-01
2.853658497333526611e-01
3.121951222419738770e-01
3.439024388790130615e-01
3.365853726863861084e-01
3.365853726863861084e-01
3.512195050716400146e-01
3.097561001777648926e-01
3.682926893234252930e-01
3.439024388790130615e-01
3.268292546272277832e-01
3.902438879013061523e-01
3.609756231307983398e-01
3.756097555160522461e-01
3.878048658370971680e-01
3.804877996444702148e-01
3.780487775802612305e-01
3.902438879013061523e-01
4.268292784690856934e-01
4.292683005332946777e-01
4.146341383457183838e-01
4.121951162815093994e-01
3.878048658370971680e-01
4.219512343406677246e-01
4.365853667259216309e-01
4.414634108543395996e-01
4.146341383457183838e-01
4.048780500888824463e-01
4.146341383457183838e-01
4.121951162815093994e-01
4.560975730419158936e-01
4.487804770469665527e-01
4.219512343406677246e-01
4.243902564048767090e-01
4.243902564048767090e-01
4.146341383457183838e-01
4.682926833629608154e-01
4.658536612987518311e-01
4.804877936840057373e-01
4.243902564048767090e-01
4.560975730419158936e-01
4.731707274913787842e-01
4.731707274913787842e-01
4.585365951061248779e-01
4.658536612987518311e-01
4.878048896789550781e-01
4.756097495555877686e-01
4.756097495555877686e-01
4.951219558715820312e-01
4.731707274913787842e-01
4.585365951061248779e-01
4.658536612987518311e-01
5.536585450172424316e-01
4.878048896789550781e-01
4.902439117431640625e-01
4.975609779357910156e-01
5.219511985778808594e-01
4.878048896789550781e-01
4.975609779357910156e-01
5.024390220642089844e-01
5.243902206420898438e-01
5.317073464393615723e-01
5.512195229530334473e-01
5.048780441284179688e-01
5.097560882568359375e-01
5.317073464393615723e-01
5.390244126319885254e-01
5.390244126319885254e-01
5.585365891456604004e-01
5.268292427062988281e-01
5.390244126319885254e-01
5.804877877235412598e-01
5.195121765136718750e-01
5.439024567604064941e-01
5.292682647705078125e-01
5.268292427062988281e-01
5.414634346961975098e-01
5.390244126319885254e-01
5.097560882568359375e-01
5.390244126319885254e-01
5.390244126319885254e-01
5.487805008888244629e-01
5.585365891456604004e-01
5.756097435951232910e-01
5.317073464393615723e-01
5.658536553382873535e-01
5.585365891456604004e-01
5.536585450172424316e-01
5.585365891456604004e-01
5.658536553382873535e-01
5.658536553382873535e-01
5.853658318519592285e-01
5.439024567604064941e-01
5.585365891456604004e-01
5.390244126319885254e-01
5.853658318519592285e-01
5.756097435951232910e-01
5.926828980445861816e-01
5.853658318519592285e-01
