1.322227168083190918e+01
2.641006016731262207e+01
3.967941188812255859e+01
5.288272953033447266e+01
6.613970637321472168e+01
7.937529253959655762e+01
9.259873652458190918e+01
1.057957539558410645e+02
1.190764212608337402e+02
1.322769119739532471e+02
1.454852540493011475e+02
1.587206540107727051e+02
1.719501535892486572e+02
1.852009096145629883e+02
1.984021275043487549e+02
2.116076691150665283e+02
2.248700313568115234e+02
2.381489453315734863e+02
2.513817205429077148e+02
2.646382229328155518e+02
2.778523292541503906e+02
2.910467617511749268e+02
3.042970781326293945e+02
3.175431890487670898e+02
3.307890791893005371e+02
3.439344749450683594e+02
3.572217111587524414e+02
3.704711775779724121e+02
3.837689831256866455e+02
3.969584684371948242e+02
4.102143185138702393e+02
4.234442186355590820e+02
4.366929912567138672e+02
4.499182066917419434e+02
4.631924929618835449e+02
4.764172103404998779e+02
4.896709890365600586e+02
5.028721320629119873e+02
5.161260268688201904e+02
5.293351473808288574e+02
5.425875644683837891e+02
5.558170125484466553e+02
5.690812714099884033e+02
5.823317897319793701e+02
5.956042993068695068e+02
6.088055269718170166e+02
6.220467004776000977e+02
6.352413189411163330e+02
6.486763629913330078e+02
6.619149811267852783e+02
6.751446177959442139e+02
6.884122641086578369e+02
7.016485586166381836e+02
7.150017008781433105e+02
7.282453026771545410e+02
7.414595434665679932e+02
7.546707780361175537e+02
7.679203498363494873e+02
7.811029708385467529e+02
7.943302433490753174e+02
8.075468778610229492e+02
8.207832896709442139e+02
8.340683634281158447e+02
8.472942049503326416e+02
8.605830218791961670e+02
8.738016583919525146e+02
8.870239274501800537e+02
9.002161262035369873e+02
9.134356884956359863e+02
9.266641566753387451e+02
9.398842976093292236e+02
9.531530835628509521e+02
9.663744630813598633e+02
9.796303112506866455e+02
9.928535730838775635e+02
1.006030844926834106e+03
1.019209185123443604e+03
1.032408010005950928e+03
1.045649852275848389e+03
1.058871849060058594e+03
1.072151065587997437e+03
1.085362622261047363e+03
1.098558798074722290e+03
1.111800745487213135e+03
1.125034515619277954e+03
1.138189726829528809e+03
1.151377942562103271e+03
1.164623344421386719e+03
1.177844183683395386e+03
1.191123323917388916e+03
1.204352289676666260e+03
1.217603111267089844e+03
1.230813761472702026e+03
1.244065945148468018e+03
1.257248834609985352e+03
1.270495478153228760e+03
1.283758217573165894e+03
1.296987037420272827e+03
1.310234414100646973e+03
1.323518208026885986e+03
1.336754067182540894e+03
1.350035034418106079e+03
1.363279296398162842e+03
1.376482115507125854e+03
1.389697536945343018e+03
1.402946770429611206e+03
1.416266271352767944e+03
1.429813622951507568e+03
1.443175002813339233e+03
1.456519253253936768e+03
1.469854196071624756e+03
1.483066115617752075e+03
1.496226803302764893e+03
1.509469928741455078e+03
1.522670154094696045e+03
1.535896449804306030e+03
1.549137463092803955e+03
1.562404703378677368e+03
1.575610016584396362e+03
1.588806674480438232e+03
1.602021047353744507e+03
1.615244880437850952e+03
1.628485175848007202e+03
1.641694747447967529e+03
1.654916079759597778e+03
1.668131660938262939e+03
1.681406201362609863e+03
1.694629115819931030e+03
1.707918295383453369e+03
1.721154577493667603e+03
1.734372799873352051e+03
1.747573661327362061e+03
1.760784680843353271e+03
1.773998773813247681e+03
1.787145157814025879e+03
1.800404432535171509e+03
1.813608226299285889e+03
1.826869398593902588e+03
1.840099211931228638e+03
1.853286949634552002e+03
1.866490998029708862e+03
1.879729923486709595e+03
1.892947780847549438e+03
1.906146336317062378e+03
1.919374149560928345e+03
1.932600413799285889e+03
1.945878765106201172e+03
1.959125694751739502e+03
1.972347396612167358e+03
1.985532709121704102e+03
1.998761938571929932e+03
2.011972236871719360e+03
2.025191434144973755e+03
2.038414299964904785e+03
2.051584697484970093e+03
2.064812590122222900e+03
2.078061282873153687e+03
2.091297863721847534e+03
2.104554439306259155e+03
2.117770011901855469e+03
2.130980634212493896e+03
2.144245000123977661e+03
2.157450422763824463e+03
2.170690018415451050e+03
2.183908413887023926e+03
2.197153450250625610e+03
2.210365927457809448e+03
2.223573247671127319e+03
2.236775922060012817e+03
2.250018855571746826e+03
2.263208528757095337e+03
2.276466191768646240e+03
2.289637907266616821e+03
2.302898026943206787e+03
2.316125179767608643e+03
2.329379077196121216e+03
2.342582773923873901e+03
2.355786139726638794e+03
2.369011715173721313e+03
2.382222719192504883e+03
2.395435511589050293e+03
2.408670908689498901e+03
2.421862099170684814e+03
2.435086210012435913e+03
2.448337226152420044e+03
2.461569026231765747e+03
2.474827039241790771e+03
2.488078079223632812e+03
2.501302043437957764e+03
2.514534527301788330e+03
2.527753030061721802e+03
2.541013565301895142e+03
2.554192747592926025e+03
2.567426628828048706e+03
2.580656017541885376e+03
2.593883424282073975e+03
2.607072156190872192e+03
2.620266878843307495e+03
2.633515899896621704e+03
2.646722108602523804e+03
