1.275242161750793457e+01
2.561285996437072754e+01
3.845695042610168457e+01
5.127341389656066895e+01
6.412338423728942871e+01
7.692354416847229004e+01
8.982310199737548828e+01
1.026302137374877930e+02
1.154960720539093018e+02
1.283212146759033203e+02
1.411491997241973877e+02
1.540277502536773682e+02
1.668614606857299805e+02
1.796834790706634521e+02
1.924996254444122314e+02
2.053448429107666016e+02
2.181811757087707520e+02
2.310193634033203125e+02
2.438383643627166748e+02
2.566717026233673096e+02
2.694925718307495117e+02
2.823415470123291016e+02
2.951657643318176270e+02
3.079963583946228027e+02
3.207927000522613525e+02
3.336818721294403076e+02
3.464788191318511963e+02
3.593519911766052246e+02
3.721263740062713623e+02
3.849911968708038330e+02
3.978342678546905518e+02
4.107029516696929932e+02
4.234929854869842529e+02
4.363616786003112793e+02
4.491503355503082275e+02
4.619846210479736328e+02
4.748342955112457275e+02
4.877044837474822998e+02
5.004841597080230713e+02
5.133052442073822021e+02
5.261067152023315430e+02
5.389322292804718018e+02
5.517822561264038086e+02
5.646444172859191895e+02
5.774979732036590576e+02
5.903561990261077881e+02
6.031759769916534424e+02
6.160188591480255127e+02
6.288124692440032959e+02
6.416839857101440430e+02
6.544866380691528320e+02
6.673290054798126221e+02
6.801604609489440918e+02
6.930133838653564453e+02
7.058458468914031982e+02
7.186816275119781494e+02
7.314838318824768066e+02
7.443377254009246826e+02
7.571415708065032959e+02
7.699808015823364258e+02
7.827950823307037354e+02
7.956109943389892578e+02
8.083976049423217773e+02
8.211894755363464355e+02
8.340267069339752197e+02
8.468423871994018555e+02
8.596858789920806885e+02
8.724810059070587158e+02
8.853160555362701416e+02
8.981045796871185303e+02
9.108958263397216797e+02
9.236990723609924316e+02
9.365268201828002930e+02
9.493928263187408447e+02
9.621978929042816162e+02
9.749721770286560059e+02
9.877909073829650879e+02
1.000582013607025146e+03
1.013410833597183228e+03
1.026204567193984985e+03
1.039045738935470581e+03
1.051873668432235718e+03
1.064705245494842529e+03
1.077541544914245605e+03
1.090405921459197998e+03
1.103206081390380859e+03
1.116026469230651855e+03
1.128824693679809570e+03
1.141634348630905151e+03
1.154391294956207275e+03
1.167189952135086060e+03
1.180023070096969604e+03
1.192905834913253784e+03
1.205695035934448242e+03
1.218537233352661133e+03
1.231349322795867920e+03
1.244189876556396484e+03
1.256937021255493164e+03
1.269770020484924316e+03
1.282591279268264771e+03
1.295447597026824951e+03
1.308308650732040405e+03
1.321136328220367432e+03
1.333948984861373901e+03
1.346740977287292480e+03
1.359502748727798462e+03
1.372342940807342529e+03
1.385110456466674805e+03
1.397969961166381836e+03
1.410836714267730713e+03
1.423671834945678711e+03
1.436516631364822388e+03
1.449324827909469604e+03
1.462163807153701782e+03
1.474976441383361816e+03
1.487778939723968506e+03
1.500583144187927246e+03
1.513428772926330566e+03
1.526221812486648560e+03
1.539070488929748535e+03
1.551929633855819702e+03
1.564779448747634888e+03
1.577605973720550537e+03
1.590415239334106445e+03
1.603232980251312256e+03
1.616052109241485596e+03
1.628821082353591919e+03
1.641647521257400513e+03
1.654455519676208496e+03
1.667308661222457886e+03
1.680145622730255127e+03
1.692986243009567261e+03
1.705809778213500977e+03
1.718634059667587280e+03
1.731455441951751709e+03
1.744284221410751343e+03
1.757106418371200562e+03
1.769941703796386719e+03
1.782715831995010376e+03
1.795569875001907349e+03
1.808386978149414062e+03
1.821236448049545288e+03
1.834046569108963013e+03
1.846877948522567749e+03
1.859698388576507568e+03
1.872486799240112305e+03
1.885312908887863159e+03
1.898120628833770752e+03
1.910982118368148804e+03
1.923798722505569458e+03
1.936622890472412109e+03
1.949465476751327515e+03
1.962290414333343506e+03
1.975167711734771729e+03
1.987976865530014038e+03
2.000747991085052490e+03
2.013573122501373291e+03
2.026368165016174316e+03
2.039206052780151367e+03
2.051998414993286133e+03
2.064813103675842285e+03
2.077616740942001343e+03
2.090428961277008057e+03
2.103272684574127197e+03
2.116104883193969727e+03
2.128930602550506592e+03
2.141732333421707153e+03
2.154574692487716675e+03
2.167376597166061401e+03
2.180201355695724487e+03
2.193040462732315063e+03
2.206117669582366943e+03
2.218925916910171509e+03
2.231718931674957275e+03
2.244583436727523804e+03
2.257384987115859985e+03
2.270260158300399780e+03
2.283086420297622681e+03
2.295947848796844482e+03
2.308745807170867920e+03
2.321584982872009277e+03
2.334414326667785645e+03
2.347224635124206543e+03
2.360029950141906738e+03
2.372848515272140503e+03
2.385660658597946167e+03
2.398488478183746338e+03
2.411309571981430054e+03
2.424154384613037109e+03
2.436952325820922852e+03
2.449772880554199219e+03
2.462614274740219116e+03
2.475452157497406006e+03
2.488275566339492798e+03
2.501077851772308350e+03
2.513929294824600220e+03
2.526753063201904297e+03
2.539566800832748413e+03
2.552384786367416382e+03
2.565175160884857178e+03
