5.781455039978027344e-01
1.078139066696166992e+00
1.593771457672119141e+00
2.125040769577026367e+00
2.609412431716918945e+00
3.109416007995605469e+00
3.609425306320190430e+00
4.125055313110351562e+00
4.625068902969360352e+00
5.140695095062255859e+00
5.656326532363891602e+00
6.171958684921264648e+00
6.687590360641479492e+00
7.203222274780273438e+00
7.718867063522338867e+00
8.234498500823974609e+00
8.750117778778076172e+00
9.250138044357299805e+00
9.750133275985717773e+00
1.028138852119445801e+01
1.079703330993652344e+01
1.129702758789062500e+01
1.181265926361083984e+01
1.232829165458679199e+01
1.282831192016601562e+01
1.334394311904907227e+01
1.384393763542175293e+01
1.435958361625671387e+01
1.487521338462829590e+01
1.537520837783813477e+01
1.589084005355834961e+01
1.639086484909057617e+01
1.690647912025451660e+01
1.740648555755615234e+01
1.792211794853210449e+01
1.843775057792663574e+01
1.893777012825012207e+01
1.945338988304138184e+01
1.996902155876159668e+01
2.046904253959655762e+01
2.098467206954956055e+01
2.150029134750366211e+01
2.201592302322387695e+01
2.253155517578125000e+01
2.303156185150146484e+01
2.354719471931457520e+01
2.404720115661621094e+01
2.456283259391784668e+01
2.507846498489379883e+01
2.559409737586975098e+01
2.610974216461181641e+01
2.662537479400634766e+01
2.714099287986755371e+01
2.765664005279541016e+01
2.818788218498229980e+01
2.870351696014404297e+01
2.921916222572326660e+01
2.973477864265441895e+01
3.026603531837463379e+01
3.082854318618774414e+01
3.137542605400085449e+01
3.192230772972106934e+01
3.245356583595275879e+01
3.296920514106750488e+01
3.350046777725219727e+01
3.401610398292541504e+01
3.456296825408935547e+01
3.507860040664672852e+01
3.560987114906311035e+01
3.612549042701721191e+01
3.665676259994506836e+01
3.718800449371337891e+01
3.770364928245544434e+01
3.821926808357238770e+01
3.873490118980407715e+01
3.925053215026855469e+01
3.976616430282592773e+01
4.028179764747619629e+01
4.081305336952209473e+01
4.132869815826416016e+01
4.185994315147399902e+01
4.237557482719421387e+01
4.290684437751770020e+01
4.342246460914611816e+01
4.393809676170349121e+01
4.445374417304992676e+01
4.498498535156250000e+01
4.551624250411987305e+01
4.603187489509582520e+01
4.656313180923461914e+01
4.707876396179199219e+01
4.759440803527832031e+01
4.811004424095153809e+01
4.864128494262695312e+01
4.917255592346191406e+01
4.970379924774169922e+01
5.021943163871765137e+01
5.073508000373840332e+01
5.125070786476135254e+01
5.181320309638977051e+01
5.236008524894714355e+01
5.289135074615478516e+01
5.348510074615478516e+01
5.401635837554931641e+01
5.454761576652526855e+01
5.506324720382690430e+01
5.557889103889465332e+01
5.611013746261596680e+01
5.662576889991760254e+01
5.715702605247497559e+01
5.768828272819519043e+01
5.820391559600830078e+01
5.873518466949462891e+01
5.926644206047058105e+01
5.979768705368041992e+01
6.032894420623779297e+01
6.086021327972412109e+01
6.139149332046508789e+01
6.193834114074707031e+01
6.246959757804870605e+01
6.298523092269897461e+01
6.351648807525634766e+01
6.403211975097656250e+01
6.457900214195251465e+01
6.511027479171752930e+01
6.565715360641479492e+01
6.620402407646179199e+01
6.673528170585632324e+01
6.728216433525085449e+01
6.781343340873718262e+01
6.834467720985412598e+01
6.886030960083007812e+01
6.939157962799072266e+01
6.992283606529235840e+01
7.046970605850219727e+01
7.101658916473388672e+01
7.154784607887268066e+01
7.211035418510437012e+01
7.265725111961364746e+01
7.320411920547485352e+01
7.373539185523986816e+01
7.428225803375244141e+01
7.479790282249450684e+01
7.532915997505187988e+01
7.586040472984313965e+01
7.639166164398193359e+01
7.696979594230651855e+01
7.753230214118957520e+01
7.804793477058410645e+01
7.859481716156005859e+01
7.914170169830322266e+01
7.968859386444091797e+01
8.026671409606933594e+01
8.084484720230102539e+01
8.139174270629882812e+01
8.193861174583435059e+01
8.250111985206604004e+01
8.306362700462341309e+01
8.362614870071411133e+01
8.417303156852722168e+01
8.473552513122558594e+01
8.526678228378295898e+01
8.579806160926818848e+01
8.634492182731628418e+01
8.687618017196655273e+01
8.740743660926818848e+01
8.795431852340698242e+01
8.850120162963867188e+01
8.906370878219604492e+01
8.962621641159057617e+01
9.017309904098510742e+01
9.071999359130859375e+01
9.126686406135559082e+01
9.182937216758728027e+01
9.237625622749328613e+01
9.292314887046813965e+01
9.350126934051513672e+01
9.407940220832824707e+01
9.462628436088562012e+01
9.517316699028015137e+01
9.572004985809326172e+01
9.626695322990417480e+01
9.682943964004516602e+01
9.740757226943969727e+01
9.795445489883422852e+01
9.851696300506591797e+01
9.907948374748229980e+01
9.964199161529541016e+01
1.002044980525970459e+02
1.007513685226440430e+02
1.012982652187347412e+02
1.018451330661773682e+02
1.023920154571533203e+02
1.029545357227325439e+02
1.034857802391052246e+02
1.040326628684997559e+02
1.045795450210571289e+02
1.051108112335205078e+02
1.056576962471008301e+02
1.062201929092407227e+02
