5.156452655792236328e-01
9.844028949737548828e-01
1.453157186508178711e+00
1.906288862228393555e+00
2.375050306320190430e+00
2.859428405761718750e+00
3.328184127807617188e+00
3.796939373016357422e+00
4.265696525573730469e+00
4.734439611434936523e+00
5.187585592269897461e+00
5.656340837478637695e+00
6.125097036361694336e+00
6.593840122222900391e+00
7.046974897384643555e+00
7.515728712081909180e+00
7.968858957290649414e+00
8.453240633010864258e+00
8.922017335891723633e+00
9.390752553939819336e+00
9.843887090682983398e+00
1.031265687942504883e+01
1.087515044212341309e+01
1.135952997207641602e+01
1.184391117095947266e+01
1.231268119812011719e+01
1.278143763542175293e+01
1.325018119812011719e+01
1.370332384109497070e+01
1.417206740379333496e+01
1.462519931793212891e+01
1.510959410667419434e+01
1.557835030555725098e+01
1.607835626602172852e+01
1.654710030555725098e+01
1.701586985588073730e+01
1.748462581634521484e+01
1.795338273048400879e+01
1.850026345252990723e+01
1.896900725364685059e+01
1.942213940620422363e+01
1.989089632034301758e+01
2.037529063224792480e+01
2.084404706954956055e+01
2.131279063224792480e+01
2.178155875205993652e+01
2.232844614982604980e+01
2.282845187187194824e+01
2.331283020973205566e+01
2.378158378601074219e+01
2.425035881996154785e+01
2.473472404479980469e+01
2.520346760749816895e+01
2.567224216461181641e+01
2.615661907196044922e+01
2.662537908554077148e+01
2.710975599288940430e+01
2.757850050926208496e+01
2.804725766181945801e+01
2.850038790702819824e+01
2.896916055679321289e+01
2.945352864265441895e+01
2.995354580879211426e+01
3.042228841781616211e+01
3.089104580879211426e+01
3.135980129241943359e+01
3.184419584274291992e+01
3.229731416702270508e+01
3.278174662590026855e+01
3.326609015464782715e+01
3.373484706878662109e+01
3.421922826766967773e+01
3.470359730720520020e+01
3.517235302925109863e+01
3.564111208915710449e+01
3.612550377845764160e+01
3.660988569259643555e+01
3.707862901687622070e+01
3.756301093101501465e+01
3.803176641464233398e+01
3.851616239547729492e+01
3.900054621696472168e+01
3.946928930282592773e+01
3.995366811752319336e+01
4.043806409835815430e+01
4.092243361473083496e+01
4.142245125770568848e+01
4.189119529724121094e+01
4.235996317863464355e+01
4.284433341026306152e+01
4.331308913230895996e+01
4.379748344421386719e+01
4.428186511993408203e+01
4.476624631881713867e+01
4.525062775611877441e+01
4.573499631881713867e+01
4.620376586914062500e+01
4.668814682960510254e+01
4.715690684318542480e+01
4.767253732681274414e+01
4.815691804885864258e+01
4.864129877090454102e+01
4.912568044662475586e+01
4.959444141387939453e+01
5.007881879806518555e+01
5.056320095062255859e+01
5.104758739471435547e+01
5.153196263313293457e+01
5.201635122299194336e+01
5.250073003768920898e+01
5.300073337554931641e+01
5.348511600494384766e+01
5.396949577331542969e+01
5.445386481285095215e+01
5.493825840950012207e+01
5.540700411796569824e+01
5.589139771461486816e+01
5.636016082763671875e+01
5.684453582763671875e+01
5.732892918586730957e+01
5.781329846382141113e+01
5.831330466270446777e+01
5.879768753051757812e+01
5.928206944465637207e+01
5.976645326614379883e+01
6.025081944465637207e+01
6.073521351814270020e+01
6.121959686279296875e+01
6.171960258483886719e+01
6.220398259162902832e+01
6.268836522102355957e+01
6.318837523460388184e+01
6.367275333404541016e+01
6.415713214874267578e+01
6.464152050018310547e+01
6.512590289115905762e+01
6.561026668548583984e+01
6.609466481208801270e+01
6.659465527534484863e+01
6.707905006408691406e+01
6.756343054771423340e+01
6.804780054092407227e+01
6.853218126296997070e+01
6.904782581329345703e+01
6.953221178054809570e+01
7.004783964157104492e+01
7.053222632408142090e+01
7.101660299301147461e+01
7.150097250938415527e+01
7.200099062919616699e+01
7.248536038398742676e+01
7.296975493431091309e+01
7.346976017951965332e+01
7.395414328575134277e+01
7.443852686882019043e+01
7.493851900100708008e+01
7.543853807449340820e+01
7.593853235244750977e+01
7.643855118751525879e+01
7.692292070388793945e+01
7.742292666435241699e+01
7.792294692993164062e+01
7.842294144630432129e+01
7.893858599662780762e+01
7.943859267234802246e+01
7.992297339439392090e+01
8.042298126220703125e+01
8.090735077857971191e+01
8.140736865997314453e+01
8.190737581253051758e+01
8.240736961364746094e+01
8.289175271987915039e+01
8.339177346229553223e+01
8.389177799224853516e+01
8.439177227020263672e+01
8.487616562843322754e+01
8.536056423187255859e+01
8.586054539680480957e+01
8.636054968833923340e+01
8.684492993354797363e+01
8.736057519912719727e+01
8.786056900024414062e+01
8.836058926582336426e+01
8.886059546470642090e+01
8.936060166358947754e+01
8.984497332572937012e+01
9.036060357093811035e+01
9.084498500823974609e+01
9.134500384330749512e+01
9.182937359809875488e+01
9.232939291000366211e+01
9.282939887046813965e+01
9.332939434051513672e+01
9.381377553939819336e+01
9.432945513725280762e+01
9.482942771911621094e+01
9.532941985130310059e+01
9.581381464004516602e+01
9.632944631576538086e+01
9.682944059371948242e+01
