1.287353038787841797e+01
2.576151156425476074e+01
3.866744661331176758e+01
5.157113552093505859e+01
6.446815800666809082e+01
7.731511449813842773e+01
9.020431303977966309e+01
1.030932047367095947e+02
1.159923744201660156e+02
1.289074199199676514e+02
1.417802345752716064e+02
1.546462364196777344e+02
1.675610129833221436e+02
1.804628794193267822e+02
1.933304836750030518e+02
2.061973674297332764e+02
2.190667014122009277e+02
2.319000103473663330e+02
2.447714691162109375e+02
2.577076783180236816e+02
2.705850207805633545e+02
2.834957251548767090e+02
2.963909792900085449e+02
3.092782812118530273e+02
3.221400194168090820e+02
3.349975254535675049e+02
3.478775370121002197e+02
3.607229330539703369e+02
3.736470870971679688e+02
3.865302772521972656e+02
3.994382877349853516e+02
4.122920765876770020e+02
4.251728477478027344e+02
4.380307452678680420e+02
4.508926978111267090e+02
4.637644462585449219e+02
4.766787388324737549e+02
4.895860126018524170e+02
5.024780247211456299e+02
5.153605513572692871e+02
5.282596650123596191e+02
5.411734273433685303e+02
5.540271055698394775e+02
5.668603541851043701e+02
5.797306878566741943e+02
5.926141686439514160e+02
6.054502224922180176e+02
6.183909180164337158e+02
6.312441654205322266e+02
6.441467030048370361e+02
6.570303142070770264e+02
6.699200382232666016e+02
6.827951202392578125e+02
6.957990274429321289e+02
7.086151936054229736e+02
7.215270326137542725e+02
7.344630806446075439e+02
7.473706979751586914e+02
7.602750453948974609e+02
7.731359412670135498e+02
7.860670127868652344e+02
7.989155278205871582e+02
8.117789170742034912e+02
8.246450588703155518e+02
8.374920463562011719e+02
8.503806498050689697e+02
8.632460501194000244e+02
8.760956740379333496e+02
8.889809234142303467e+02
9.018545715808868408e+02
9.147500221729278564e+02
9.275881004333496094e+02
9.405612685680389404e+02
9.534211184978485107e+02
9.662960925102233887e+02
9.792261064052581787e+02
9.921090378761291504e+02
1.004994095802307129e+03
1.017868187904357910e+03
1.030724370002746582e+03
1.043627782583236694e+03
1.056508463382720947e+03
1.069399823427200317e+03
1.082290611267089844e+03
1.095160829544067383e+03
1.108066445350646973e+03
1.120886564016342163e+03
1.133748089075088501e+03
1.146634476423263550e+03
1.159524094581604004e+03
1.172404572963714600e+03
1.185311779737472534e+03
1.198153653144836426e+03
1.211024837017059326e+03
1.223918246507644653e+03
1.236723886966705322e+03
1.249605704784393311e+03
1.262436988115310669e+03
1.275326613187789917e+03
1.288194778442382812e+03
1.301075294971466064e+03
1.313939294099807739e+03
1.326802096128463745e+03
1.339693717241287231e+03
1.352553381919860840e+03
1.365399029016494751e+03
1.378270503520965576e+03
1.391126389265060425e+03
1.404007013559341431e+03
1.416879703521728516e+03
1.429742300748825073e+03
1.442602859973907471e+03
1.455522665739059448e+03
1.468393145084381104e+03
1.481269633054733276e+03
1.494155316591262817e+03
1.507041671752929688e+03
1.519909744024276733e+03
1.532792244434356689e+03
1.545690640926361084e+03
1.558556222200393677e+03
1.571473828554153442e+03
1.584336972236633301e+03
1.597195228338241577e+03
1.610069411516189575e+03
1.622929704427719116e+03
1.635786064863204956e+03
1.648691490888595581e+03
1.661547001123428345e+03
1.674401847600936890e+03
1.687260468482971191e+03
1.700159245491027832e+03
1.713027185201644897e+03
1.725894805908203125e+03
1.738763439655303955e+03
1.751581987380981445e+03
1.764428370952606201e+03
1.777264442443847656e+03
1.790147171735763550e+03
1.803021813869476318e+03
1.815943976163864136e+03
1.828817765235900879e+03
1.841666745662689209e+03
1.854560843467712402e+03
1.867388184547424316e+03
1.880386367797851562e+03
1.893249010801315308e+03
1.906158454895019531e+03
1.919021968364715576e+03
1.931953974723815918e+03
1.944826332092285156e+03
1.957717898368835449e+03
1.970603255271911621e+03
1.983459347963333130e+03
1.996298854351043701e+03
2.009153289556503296e+03
2.022017809867858887e+03
2.034867509841918945e+03
2.047719171762466431e+03
2.060631001710891724e+03
2.073482856750488281e+03
2.086372122764587402e+03
2.099216531276702881e+03
2.112035822153091431e+03
2.124864830255508423e+03
2.137721458196640015e+03
2.150554549694061279e+03
2.163397866249084473e+03
2.176295922517776489e+03
2.189167697429656982e+03
2.202015329360961914e+03
2.214847750902175903e+03
2.227656312465667725e+03
2.240494229793548584e+03
2.253362676858901978e+03
2.266254899024963379e+03
2.279089555978775024e+03
2.291956344366073608e+03
2.304781822204589844e+03
2.317607794523239136e+03
2.330459618091583252e+03
2.343307633638381958e+03
2.356159649133682251e+03
2.369011567354202271e+03
2.381888575553894043e+03
2.394731137037277222e+03
2.407589943170547485e+03
2.420457630872726440e+03
2.433335907459259033e+03
2.446213909626007080e+03
2.459031932592391968e+03
2.471920520067214966e+03
2.484764669179916382e+03
2.497622899293899536e+03
2.510457122564315796e+03
2.523309128761291504e+03
2.536208794593811035e+03
2.549091621398925781e+03
2.561965270280838013e+03
2.574843303203582764e+03
