1.295286488533020020e+01
2.601202321052551270e+01
3.906326270103454590e+01
5.212889695167541504e+01
6.516739630699157715e+01
7.823124575614929199e+01
9.128220844268798828e+01
1.042821211814880371e+02
1.173445961475372314e+02
1.303420362472534180e+02
1.433803586959838867e+02
1.564760646820068359e+02
1.695672266483306885e+02
1.826240634918212891e+02
1.956731665134429932e+02
2.087280757427215576e+02
2.218860261440277100e+02
2.350509188175201416e+02
2.481236054897308350e+02
2.611429889202117920e+02
2.741679964065551758e+02
2.872456674575805664e+02
3.002773158550262451e+02
3.133341040611267090e+02
3.263870050907135010e+02
3.394205560684204102e+02
3.524484663009643555e+02
3.655048685073852539e+02
3.785694103240966797e+02
3.916149272918701172e+02
4.046891446113586426e+02
4.177715733051300049e+02
4.308665115833282471e+02
4.439525823593139648e+02
4.570237812995910645e+02
4.700460300445556641e+02
4.831010942459106445e+02
4.960996477603912354e+02
5.091399593353271484e+02
5.221594884395599365e+02
5.352428507804870605e+02
5.482972760200500488e+02
5.614327452182769775e+02
5.744758458137512207e+02
5.875014524459838867e+02
6.005835154056549072e+02
6.136314716339111328e+02
6.266278729438781738e+02
6.396892297267913818e+02
6.527225410938262939e+02
6.657468042373657227e+02
6.788121190071105957e+02
6.918864257335662842e+02
7.049116759300231934e+02
7.179457631111145020e+02
7.309429936408996582e+02
7.440937738418579102e+02
7.570685088634490967e+02
7.701389107704162598e+02
7.831303930282592773e+02
7.961627180576324463e+02
8.091736211776733398e+02
8.222339737415313721e+02
8.352524869441986084e+02
8.482905862331390381e+02
8.612914638519287109e+02
8.743146581649780273e+02
8.873464257717132568e+02
9.003446199893951416e+02
9.133548657894134521e+02
9.263569378852844238e+02
9.394125893115997314e+02
9.524350373744964600e+02
9.654908442497253418e+02
9.785378527641296387e+02
9.915614225864410400e+02
1.004644325971603394e+03
1.017698777437210083e+03
1.030746193408966064e+03
1.043806451320648193e+03
1.056852245330810547e+03
1.069947387695312500e+03
1.082956964731216431e+03
1.096054344415664673e+03
1.109084564685821533e+03
1.122104212999343872e+03
1.135208071470260620e+03
1.148240632057189941e+03
1.161310794115066528e+03
1.174365347862243652e+03
1.187380527973175049e+03
1.200420534133911133e+03
1.213471386671066284e+03
1.226544548273086548e+03
1.239591732501983643e+03
1.252669188976287842e+03
1.265725542306900024e+03
1.278783366918563843e+03
1.291836292028427124e+03
1.304873070240020752e+03
1.317907359361648560e+03
1.330941637277603149e+03
1.344003633499145508e+03
1.357053174495697021e+03
1.370165980577468872e+03
1.383203773498535156e+03
1.396258940219879150e+03
1.409271628141403198e+03
1.422306916952133179e+03
1.435346384286880493e+03
1.448439729690551758e+03
1.461467142105102539e+03
1.474483159780502319e+03
1.487579643249511719e+03
1.500658089637756348e+03
1.513664245843887329e+03
1.526698696136474609e+03
1.539685838460922241e+03
1.552702747821807861e+03
1.565743059396743774e+03
1.578784945726394653e+03
1.591853337526321411e+03
1.604905205488204956e+03
1.617999752759933472e+03
1.631018297195434570e+03
1.644088084697723389e+03
1.657044220685958862e+03
1.670120204448699951e+03
1.683097603797912598e+03
1.696139132738113403e+03
1.709155430316925049e+03
1.722165504217147827e+03
1.735243390321731567e+03
1.748252307653427124e+03
1.761281618595123291e+03
1.774348112821578979e+03
1.787340309619903564e+03
1.800401160478591919e+03
1.813392488956451416e+03
1.826417260408401489e+03
1.839448180913925171e+03
1.852569685935974121e+03
1.865616249322891235e+03
1.878684355974197388e+03
1.891683485507965088e+03
1.904793273448944092e+03
1.917809284925460815e+03
1.930873648881912231e+03
1.943887611865997314e+03
1.956950696706771851e+03
1.970012209653854370e+03
1.983054999828338623e+03
1.996091497898101807e+03
2.009121244430541992e+03
2.022157984972000122e+03
2.035176476478576660e+03
2.048204394578933716e+03
2.061228452682495117e+03
2.074250327587127686e+03
2.087288095951080322e+03
2.100317564725875854e+03
2.113336099863052368e+03
2.126396341085433960e+03
2.139436689138412476e+03
2.152460834741592407e+03
2.165477685213088989e+03
2.178476346731185913e+03
2.191524569272994995e+03
2.204591044902801514e+03
2.217627433538436890e+03
2.230671525239944458e+03
2.243732359886169434e+03
2.256772467613220215e+03
2.269810284852981567e+03
2.282855807542800903e+03
2.295882483005523682e+03
2.308946779727935791e+03
2.321954488754272461e+03
2.335190363168716431e+03
2.348289890289306641e+03
2.361314469814300537e+03
2.374391115903854370e+03
2.387415704488754272e+03
2.400431620359420776e+03
2.413451262950897217e+03
2.426516012907028198e+03
2.439533591508865356e+03
2.452620085477828979e+03
2.465636482715606689e+03
2.478642315387725830e+03
2.491669673681259155e+03
2.504690300226211548e+03
2.517689852714538574e+03
2.530729050874710083e+03
2.543724534511566162e+03
2.556752409696578979e+03
2.569792338848114014e+03
2.582829012393951416e+03
2.595844249963760376e+03
2.608906929492950439e+03
