1.054078006744384766e+01
1.802542591094970703e+01
2.556931614875793457e+01
3.306081986427307129e+01
4.050054621696472168e+01
4.810458803176879883e+01
5.556313467025756836e+01
6.304106521606445312e+01
7.061917185783386230e+01
7.808175611495971680e+01
8.559057235717773438e+01
9.320070815086364746e+01
1.007856473922729492e+02
1.084330899715423584e+02
1.163877460956573486e+02
1.240136682987213135e+02
1.316193082332611084e+02
1.391459298133850098e+02
1.466392760276794434e+02
1.542632722854614258e+02
1.617793092727661133e+02
1.693182950019836426e+02
1.770036034584045410e+02
1.846393101215362549e+02
1.922801420688629150e+02
1.999406039714813232e+02
2.076542742252349854e+02
2.152986166477203369e+02
2.229303536415100098e+02
2.306282367706298828e+02
2.382695991992950439e+02
2.460024800300598145e+02
2.539049670696258545e+02
2.616335604190826416e+02
2.693436198234558105e+02
2.769675302505493164e+02
2.844778609275817871e+02
2.921064624786376953e+02
2.996175134181976318e+02
3.070995166301727295e+02
3.147483491897583008e+02
3.222550697326660156e+02
3.297630438804626465e+02
3.373871533870697021e+02
3.448914079666137695e+02
3.540911037921905518e+02
3.616459891796112061e+02
3.691507277488708496e+02
3.768333578109741211e+02
3.843612053394317627e+02
3.935060102939605713e+02
4.031696863174438477e+02
4.106841073036193848e+02
4.183556721210479736e+02
4.259177458286285400e+02
4.334607045650482178e+02
4.431591324806213379e+02
4.528018295764923096e+02
4.605253157615661621e+02
4.707645959854125977e+02
4.783408653736114502e+02
4.886115212440490723e+02
4.988304450511932373e+02
5.064697060585021973e+02
5.167695300579071045e+02
5.244714281558990479e+02
5.320659136772155762e+02
5.396257143020629883e+02
5.473185241222381592e+02
5.578829066753387451e+02
5.687129700183868408e+02
5.794429066181182861e+02
5.908324594497680664e+02
6.019066424369812012e+02
6.136491010189056396e+02
6.212173583507537842e+02
6.289677481651306152e+02
6.365494496822357178e+02
6.481156575679779053e+02
6.557907528877258301e+02
6.633587961196899414e+02
6.754540829658508301e+02
6.830493621826171875e+02
6.907551269531250000e+02
6.984274446964263916e+02
7.060361397266387939e+02
7.138169023990631104e+02
7.257097437381744385e+02
7.334429314136505127e+02
7.410682451725006104e+02
7.529850022792816162e+02
7.606250643730163574e+02
7.682435383796691895e+02
7.806933805942535400e+02
7.882931604385375977e+02
7.958986468315124512e+02
8.080289180278778076e+02
8.156539540290832520e+02
8.282653176784515381e+02
8.359397745132446289e+02
8.436276438236236572e+02
8.512704188823699951e+02
8.640117013454437256e+02
8.768232345581054688e+02
8.844636170864105225e+02
8.920785849094390869e+02
9.050365731716156006e+02
9.126655433177947998e+02
9.203221080303192139e+02
9.279523499011993408e+02
9.413489823341369629e+02
9.490211520195007324e+02
9.621222927570343018e+02
9.697750599384307861e+02
9.834686727523803711e+02
9.968464956283569336e+02
1.004556530952453613e+03
1.012215477228164673e+03
1.019898912429809570e+03
1.033937948465347290e+03
1.041688156366348267e+03
1.049443670511245728e+03
1.057132206916809082e+03
1.064815080881118774e+03
1.072669354677200317e+03
1.086428833484649658e+03
1.094098805904388428e+03
1.101787692308425903e+03
1.109451246023178101e+03
1.117136952877044678e+03
1.131403992414474487e+03
1.139111636638641357e+03
1.153782413005828857e+03
1.161461372852325439e+03
1.169146963596343994e+03
1.176871161699295044e+03
1.184559024810791016e+03
1.199106750011444092e+03
1.206778828859329224e+03
1.221415538311004639e+03
1.229126041650772095e+03
1.236859667539596558e+03
1.244535241127014160e+03
1.252317401885986328e+03
1.260046397209167480e+03
1.267770251512527466e+03
1.275530436992645264e+03
1.290776014566421509e+03
1.298476536273956299e+03
1.306208779811859131e+03
1.313933331489562988e+03
1.321653031110763550e+03
1.329342503070831299e+03
1.337048640251159668e+03
1.344742130994796753e+03
1.352462215185165405e+03
1.360178368568420410e+03
1.367899764776229858e+03
1.375615919351577759e+03
1.391065706729888916e+03
1.398798827409744263e+03
1.406500445365905762e+03
1.414212283849716187e+03
1.421952173709869385e+03
1.429700593233108521e+03
1.437400532245635986e+03
1.445110993862152100e+03
1.452820970773696899e+03
1.460550817966461182e+03
1.475865992546081543e+03
1.483591716289520264e+03
1.491309216499328613e+03
1.499021465063095093e+03
1.506759010076522827e+03
1.514485957860946655e+03
1.522212929010391235e+03
1.537897165775299072e+03
1.545628942728042603e+03
1.553399833917617798e+03
1.561127853393554688e+03
1.568900347709655762e+03
1.576690999031066895e+03
1.592317822456359863e+03
1.600070717334747314e+03
1.607890435218811035e+03
1.615773540496826172e+03
1.623643636226654053e+03
1.631460195302963257e+03
1.639288259506225586e+03
1.647076438903808594e+03
1.655023425817489624e+03
1.662794501781463623e+03
1.670565077304840088e+03
1.678323055028915405e+03
1.694506706476211548e+03
1.702251447200775146e+03
1.710002264022827148e+03
1.717743419408798218e+03
1.725516313314437866e+03
1.733313579797744751e+03
1.741068401098251343e+03
1.748855838537216187e+03
1.756693787574768066e+03
1.764420864820480347e+03
1.772177296638488770e+03
1.779942276239395142e+03
1.795998979330062866e+03
1.803759414434432983e+03
1.811509445190429688e+03
1.819268031120300293e+03
1.827044595956802368e+03
1.834800067663192749e+03
1.851403391838073730e+03
1.859181668996810913e+03
1.866973098754882812e+03
1.874738908052444458e+03
1.891382919311523438e+03
1.899258595466613770e+03
1.907195739746093750e+03
1.915046821594238281e+03
1.922862855672836304e+03
1.930659901380538940e+03
1.938426561832427979e+03
1.946236184358596802e+03
1.954027049779891968e+03
1.961887287139892578e+03
1.969660829782485962e+03
1.977432658195495605e+03
1.985224125146865845e+03
1.993023557186126709e+03
2.000798522949218750e+03
2.008607407331466675e+03
2.016393251895904541e+03
2.033394779920578003e+03
2.041185352325439453e+03
2.049006818532943726e+03
2.056808396100997925e+03
2.064605077028274536e+03
2.072407155513763428e+03
2.080189571380615234e+03
2.087990565538406372e+03
2.095794035196304321e+03
2.103592148065567017e+03
2.111407348394393921e+03
2.119228440284729004e+03
2.127031040430068970e+03
2.134839848279953003e+03
2.142643969535827637e+03
2.150464139223098755e+03
2.158272802829742432e+03
2.175409368753433228e+03
2.183220757484436035e+03
2.191041364192962646e+03
2.198831382513046265e+03
2.216207675933837891e+03
2.223986390352249146e+03
2.231817705869674683e+03
2.249161309957504272e+03
2.256971993684768677e+03
2.264772538661956787e+03
2.272593305110931396e+03
2.280400233268737793e+03
2.288213949680328369e+03
2.296033646345138550e+03
2.303846040964126587e+03
2.311653306722640991e+03
2.319468859434127808e+03
2.327357123136520386e+03
2.335193119525909424e+03
2.352877542972564697e+03
2.360717263936996460e+03
2.378419570207595825e+03
2.386263666152954102e+03
2.394068047285079956e+03
2.401874046564102173e+03
2.409722914457321167e+03
2.417560581207275391e+03
2.425392811298370361e+03
2.443040024280548096e+03
2.450872230291366577e+03
2.458736291885375977e+03
2.466583359003067017e+03
2.474471328496932983e+03
2.482314735651016235e+03
2.490146335840225220e+03
2.497997776269912720e+03
2.505836922883987427e+03
2.513676156044006348e+03
2.521513637781143188e+03
2.529358354330062866e+03
2.537228470087051392e+03
2.545089034080505371e+03
2.552932554483413696e+03
2.571320371866226196e+03
2.579168541431427002e+03
2.587018626213073730e+03
2.594869131326675415e+03
2.602708884477615356e+03
2.610556113243103027e+03
2.618419575929641724e+03
2.637074753999710083e+03
2.644957422494888306e+03
2.652805802822113037e+03
2.660667192459106445e+03
2.668524958610534668e+03
2.687188541650772095e+03
2.695059015750885010e+03
2.702928027629852295e+03
2.710783538579940796e+03
2.718640925884246826e+03
2.726530305624008179e+03
2.734415849685668945e+03
2.742294168710708618e+03
2.750151723146438599e+03
2.757996381521224976e+03
2.765869659423828125e+03
2.773737893104553223e+03
2.781591353654861450e+03
2.789452178001403809e+03
2.797325320005416870e+03
2.805200688123703003e+03
2.813072032690048218e+03
2.820940533161163330e+03
2.828806457281112671e+03
2.836682858943939209e+03
2.855631561517715454e+03
2.863513309001922607e+03
2.871478032112121582e+03
2.879370410203933716e+03
2.887247843742370605e+03
2.895116796731948853e+03
2.902989766836166382e+03
2.910893935441970825e+03
2.918772128582000732e+03
2.926678073644638062e+03
2.946370932817459106e+03
2.954312175750732422e+03
2.962207734584808350e+03
2.970077875852584839e+03
2.977960679292678833e+03
2.985857769250869751e+03
2.993771436214447021e+03
3.001676980972290039e+03
3.009590382099151611e+03
3.017484313726425171e+03
3.025373219490051270e+03
3.033252800703048706e+03
3.041162077426910400e+03
3.049061156034469604e+03
3.056946016788482666e+03
3.064932709693908691e+03
3.072981948852539062e+03
3.080951614856719971e+03
3.088941796302795410e+03
3.096846589088439941e+03
3.104741807699203491e+03
3.112637061119079590e+03
3.120527232646942139e+03
3.128564088821411133e+03
3.136482372283935547e+03
3.144386032581329346e+03
3.152411612749099731e+03
3.160391794681549072e+03
3.168296414613723755e+03
3.176361149072647095e+03
3.184400865077972412e+03
3.192416068077087402e+03
3.200432764053344727e+03
3.208466986656188965e+03
3.216453164815902710e+03
3.224389567375183105e+03
3.232369387865066528e+03
3.240283492803573608e+03
3.248207805633544922e+03
3.256107837438583374e+03
3.264112130641937256e+03
3.272100810527801514e+03
3.280018651962280273e+03
3.287919630050659180e+03
3.295945909738540649e+03
3.303906569480895996e+03
3.311819938659667969e+03
3.319772956132888794e+03
3.327719608783721924e+03
3.335632810115814209e+03
3.343563840389251709e+03
3.351477877855300903e+03
3.359409866809844971e+03
3.367337101221084595e+03
3.375307832002639771e+03
3.383218456268310547e+03
3.391317787885665894e+03
3.399325481653213501e+03
3.407236921787261963e+03
3.415170420646667480e+03
3.423081880092620850e+03
3.430991323709487915e+03
3.438889989852905273e+03
3.446822250366210938e+03
3.454747701883316040e+03
3.462671897411346436e+03
3.470603604316711426e+03
3.478508769989013672e+03
3.486423421382904053e+03
3.494343281745910645e+03
3.502269002676010132e+03
3.510164793491363525e+03
3.518082129478454590e+03
3.525985620498657227e+03
3.546331628799438477e+03
3.554267291307449341e+03
3.562198428392410278e+03
3.570116492033004761e+03
3.578054414510726929e+03
3.585971344947814941e+03
3.593903311252593994e+03
3.601836089849472046e+03
3.609747154712677002e+03
3.617654997110366821e+03
3.625588942289352417e+03
3.633514830112457275e+03
3.641447440862655640e+03
3.649369508266448975e+03
3.657302224159240723e+03
3.665219291687011719e+03
3.685487210988998413e+03
3.693417788028717041e+03
3.701361588716506958e+03
3.709325688123703003e+03
3.717264332056045532e+03
3.725263534069061279e+03
3.733196592807769775e+03
3.741193522214889526e+03
3.749149849414825439e+03
3.757094415426254272e+03
3.765047774076461792e+03
3.773008021116256714e+03
3.780961309432983398e+03
3.788900482177734375e+03
3.796836200952529907e+03
3.804780386209487915e+03
3.812764361619949341e+03
3.820710766553878784e+03
3.828873373746871948e+03
3.836892075300216675e+03
3.844851074695587158e+03
3.852849614620208740e+03
3.873095831394195557e+03
3.881212991476058960e+03
3.889234282493591309e+03
3.897317277431488037e+03
3.905412533521652222e+03
3.913481803178787231e+03
3.921511011600494385e+03
3.929524257421493530e+03
3.937572479724884033e+03
3.945711168527603149e+03
3.953943521261215210e+03
3.962016762018203735e+03
3.970140045404434204e+03
3.978119107246398926e+03
3.986091989278793335e+03
3.994229761123657227e+03
4.002291508674621582e+03
4.010343745470046997e+03
4.018621631383895874e+03
4.026717393398284912e+03
4.034698073387145996e+03
4.042798093557357788e+03
4.050749698400497437e+03
4.058703521251678467e+03
4.066669249296188354e+03
4.074618945360183716e+03
4.082585259914398193e+03
4.090533437490463257e+03
4.098491475582122803e+03
4.106494644880294800e+03
4.114460098743438721e+03
4.122417967319488525e+03
4.130497957944869995e+03
4.138457200765609741e+03
4.146419887065887451e+03
4.154382114648818970e+03
4.162416332483291626e+03
4.170398907661437988e+03
4.178441931247711182e+03
4.186408745765686035e+03
4.194375326871871948e+03
4.202376663446426392e+03
4.210384902954101562e+03
4.218484591960906982e+03
4.226442996740341187e+03
4.234417387723922729e+03
4.242409467458724976e+03
4.250488653182983398e+03
4.258456752538681030e+03
4.266611432790756226e+03
4.274819267988204956e+03
4.296741383075714111e+03
4.304834844112396240e+03
4.312831465721130371e+03
4.320783703565597534e+03
4.328764765739440918e+03
4.336838509321212769e+03
4.345007326364517212e+03
4.366459904670715332e+03
4.374499702692031860e+03
4.382525125265121460e+03
4.390522227525711060e+03
4.398532631874084473e+03
4.406521472930908203e+03
4.414516883611679077e+03
4.422495136499404907e+03
4.444133084535598755e+03
4.452139504909515381e+03
4.460117578268051147e+03
4.468131667375564575e+03
4.476119143486022949e+03
4.484140319824218750e+03
4.492160768985748291e+03
4.500225965738296509e+03
4.508229851961135864e+03
4.516344534873962402e+03
4.524324442386627197e+03
4.532370496273040771e+03
4.540381018400192261e+03
4.548388931035995483e+03
4.556373049736022949e+03
4.564374146699905396e+03
4.572389576911926270e+03
4.580516308307647705e+03
4.602382750272750854e+03
4.610429170370101929e+03
4.618446826219558716e+03
4.626591256618499756e+03
4.634617776155471802e+03
4.642748583316802979e+03
4.650798736572265625e+03
4.658805897712707520e+03
4.666864858388900757e+03
4.674881369113922119e+03
4.682908344745635986e+03
4.690922647237777710e+03
4.698944832563400269e+03
4.706954009771347046e+03
4.714986014604568481e+03
4.722981819629669189e+03
4.731050544738769531e+03
4.739040814638137817e+03
4.747066050052642822e+03
4.755068513154983521e+03
4.763080761671066284e+03
4.771090353965759277e+03
4.779103317022323608e+03
4.787116398096084595e+03
4.795116050958633423e+03
4.803147995471954346e+03
4.811180323123931885e+03
4.819222487449645996e+03
4.827256763696670532e+03
4.835251699447631836e+03
4.843270189762115479e+03
4.851277905702590942e+03
4.859286276340484619e+03
4.867308757543563843e+03
4.875321363925933838e+03
4.883341244697570801e+03
4.891375894784927368e+03
4.899388368606567383e+03
4.907437522411346436e+03
4.915617406606674194e+03
4.923805228471755981e+03
4.931877037048339844e+03
4.939958636999130249e+03
4.948011640548706055e+03
4.956132261514663696e+03
4.964234030723571777e+03
4.972278940200805664e+03
4.980298858880996704e+03
4.988308026075363159e+03
4.996333146572113037e+03
5.004366144895553589e+03
5.012386716127395630e+03
5.020396190881729126e+03
5.028551044225692749e+03
5.036593886375427246e+03
5.044641366720199585e+03
5.052745450973510742e+03
5.060773615360260010e+03
5.082526144266128540e+03
5.090616137027740479e+03
5.098680146932601929e+03
5.106716893672943115e+03
5.114731505870819092e+03
5.122769031047821045e+03
5.130829545497894287e+03
5.138893327236175537e+03
5.146928695201873779e+03
5.154945812225341797e+03
5.162998846530914307e+03
5.171037835597991943e+03
5.179098890304565430e+03
5.187137625217437744e+03
5.195169130563735962e+03
5.203227366685867310e+03
5.211387761592864990e+03
5.219611108064651489e+03
5.227752907991409302e+03
5.235959743976593018e+03
5.244011527776718140e+03
5.252475924253463745e+03
5.260648734807968140e+03
5.268725145816802979e+03
5.276898859262466431e+03
5.285048225402832031e+03
5.293198194503784180e+03
5.301269731998443604e+03
5.309490076303482056e+03
5.317547804832458496e+03
5.325612951278686523e+03
5.333683364152908325e+03
5.341745176315307617e+03
5.349886635541915894e+03
5.357988175630569458e+03
5.366147477149963379e+03
5.374240267038345337e+03
5.382285413503646851e+03
5.390646284103393555e+03
5.398823597431182861e+03
5.406999911069869995e+03
5.415057393789291382e+03
5.423181693792343140e+03
5.431233942270278931e+03
5.439301980257034302e+03
5.447493507385253906e+03
5.455657876253128052e+03
5.463759670495986938e+03
5.471887889862060547e+03
5.479948167324066162e+03
5.488046792984008789e+03
5.496130823612213135e+03
5.504187804222106934e+03
5.512312390565872192e+03
5.520363932132720947e+03
5.528485193729400635e+03
5.536555989742279053e+03
5.544649209976196289e+03
5.552728137016296387e+03
5.560887521982192993e+03
5.569000791311264038e+03
5.592171072721481323e+03
5.600246789693832397e+03
5.608321329832077026e+03
5.616386854648590088e+03
5.624451116323471069e+03
5.632580309391021729e+03
5.640622364997863770e+03
5.648681156158447266e+03
5.656738466501235962e+03
5.664913769721984863e+03
5.672976245164871216e+03
5.681039365530014038e+03
5.689128860473632812e+03
5.697237567663192749e+03
5.705347813129425049e+03
5.713411484003067017e+03
5.736546606063842773e+03
5.744618691205978394e+03
5.752731275320053101e+03
5.760794519424438477e+03
5.768865900754928589e+03
5.776955193758010864e+03
5.785036581039428711e+03
5.793108959197998047e+03
5.801203316211700439e+03
5.809498527050018311e+03
5.817661830902099609e+03
5.825748114824295044e+03
5.848729284286499023e+03
5.856884902477264404e+03
5.865192683935165405e+03
5.890867684602737427e+03
5.899170412778854370e+03
5.907321748495101929e+03
5.915638827323913574e+03
5.923873899936676025e+03
5.932115470409393311e+03
5.940514439582824707e+03
5.948780029535293579e+03
5.957122461080551147e+03
5.965554455518722534e+03
5.973695173978805542e+03
5.982008092164993286e+03
5.990284158706665039e+03
5.998474523544311523e+03
6.006722645998001099e+03
6.014814841508865356e+03
6.038983806848526001e+03
6.047268073081970215e+03
6.055413040876388550e+03
6.063673039197921753e+03
6.071881522178649902e+03
6.080010013818740845e+03
6.088320274353027344e+03
6.096489215135574341e+03
6.104721696138381958e+03
6.112947216033935547e+03
6.121072351932525635e+03
6.129514003276824951e+03
6.137645550251007080e+03
6.145846071243286133e+03
6.154105796813964844e+03
6.162226163387298584e+03
6.170520872592926025e+03
6.178713758230209351e+03
6.186896882295608521e+03
6.195024670362472534e+03
6.203174130439758301e+03
6.211282972812652588e+03
6.219467280149459839e+03
6.227914805889129639e+03
6.236158754110336304e+03
6.244313345670700073e+03
6.252437436819076538e+03
6.260595810651779175e+03
6.268774541854858398e+03
6.276941055059432983e+03
6.285083420038223267e+03
6.293320665359497070e+03
6.301463557243347168e+03
6.309597927093505859e+03
6.317758597612380981e+03
6.325923346042633057e+03
6.334081904411315918e+03
6.342217104196548462e+03
6.350475724935531616e+03
6.358780642032623291e+03
6.367228156805038452e+03
6.375445013284683228e+03
6.383745161533355713e+03
6.391996160507202148e+03
6.400321488618850708e+03
6.408511811494827271e+03
6.416682511329650879e+03
6.424820016145706177e+03
6.433203260421752930e+03
6.441387811660766602e+03
6.449543977975845337e+03
6.457721465110778809e+03
6.465878208398818970e+03
6.474056265115737915e+03
6.482284050941467285e+03
6.490441140413284302e+03
6.498598769426345825e+03
6.507242602825164795e+03
6.515602218627929688e+03
6.523852084636688232e+03
6.532068927526473999e+03
6.540283919572830200e+03
6.548537670373916626e+03
6.556710231065750122e+03
6.564966592550277710e+03
6.573140165567398071e+03
6.581315061569213867e+03
6.589506279945373535e+03
6.597665273904800415e+03
6.605904124498367310e+03
6.614067090988159180e+03
6.622211523532867432e+03
6.630385351181030273e+03
6.638561681270599365e+03
6.646858910083770752e+03
6.655100770473480225e+03
6.663309165477752686e+03
6.671460429668426514e+03
6.679655717134475708e+03
6.687985639333724976e+03
6.696210751295089722e+03
6.704522522449493408e+03
6.712874012708663940e+03
6.721220947504043579e+03
6.729676459550857544e+03
6.738005381822586060e+03
6.746278763771057129e+03
6.754617692947387695e+03
6.762803502321243286e+03
6.771029300689697266e+03
6.779183622598648071e+03
6.787373834848403931e+03
6.795534038543701172e+03
6.803808029651641846e+03
6.812078409910202026e+03
6.820357296705245972e+03
6.828553123474121094e+03
6.836744043588638306e+03
6.844936151981353760e+03
6.853109020471572876e+03
6.861274959802627563e+03
6.869491392850875854e+03
6.877671597003936768e+03
6.885850319862365723e+03
6.894050101280212402e+03
6.902236433744430542e+03
6.910389352083206177e+03
6.918547053337097168e+03
6.926708326578140259e+03
6.934895617008209229e+03
6.943118007421493530e+03
6.951286349296569824e+03
6.959454094886779785e+03
6.967634609460830688e+03
6.975820717811584473e+03
6.984011069536209106e+03
6.992166587829589844e+03
7.000344345331192017e+03
7.008525576591491699e+03
7.016728665828704834e+03
7.024919885873794556e+03
7.033103205204010010e+03
7.041295561313629150e+03
7.049485536575317383e+03
7.057692434310913086e+03
7.065931264638900757e+03
7.074101836442947388e+03
7.082274330377578735e+03
7.090439955711364746e+03
7.098620250463485718e+03
7.106788084030151367e+03
7.114993845701217651e+03
7.123171945810317993e+03
7.131387948751449585e+03
7.139598426580429077e+03
7.147777667999267578e+03
7.155965950489044189e+03
7.164151548385620117e+03
7.172332642078399658e+03
7.180514618158340454e+03
7.188766541004180908e+03
7.196974121570587158e+03
7.205155659675598145e+03
7.213343809843063354e+03
7.221554308414459229e+03
7.229718564987182617e+03
7.237903000116348267e+03
7.246091779232025146e+03
7.254263152360916138e+03
7.262424913167953491e+03
7.270645852327346802e+03
7.278817794084548950e+03
7.287035057544708252e+03
7.295193905353546143e+03
7.303410328149795532e+03
7.311624310016632080e+03
7.319813992023468018e+03
7.328003391027450562e+03
7.336248674869537354e+03
7.344449606180191040e+03
7.352683865070343018e+03
7.360926481723785400e+03
7.369144666910171509e+03
7.377397820949554443e+03
7.385610755920410156e+03
7.393800965547561646e+03
7.401996825218200684e+03
7.410180800914764404e+03
7.418368187904357910e+03
7.426570719242095947e+03
7.434880803346633911e+03
7.444309231996536255e+03
7.452693315744400024e+03
7.461029565334320068e+03
7.486828639030456543e+03
7.495079662322998047e+03
7.503400462150573730e+03
7.511762416839599609e+03
7.520022122621536255e+03
7.528432267427444458e+03
7.536708793401718140e+03
7.545013496875762939e+03
7.553440321445465088e+03
7.561675272703170776e+03
7.570108870983123779e+03
7.578432429313659668e+03
7.586751402139663696e+03
7.595211542844772339e+03
7.603489966869354248e+03
7.611919350624084473e+03
7.620186863183975220e+03
7.628464379787445068e+03
7.636871176004409790e+03
7.645140923738479614e+03
7.653550723314285278e+03
7.661907670497894287e+03
7.670182698726654053e+03
7.678577978134155273e+03
7.686827538728713989e+03
7.695239150285720825e+03
7.703570335388183594e+03
7.711815452098846436e+03
7.720241951227188110e+03
7.728603599309921265e+03
7.736999581336975098e+03
7.745303974151611328e+03
7.753584455490112305e+03
7.762072695016860962e+03
7.770555908441543579e+03
7.779057232856750488e+03
7.806475053310394287e+03
7.814986704826354980e+03
7.823493963956832886e+03
7.832020861625671387e+03
7.840619281291961670e+03
7.849097748756408691e+03
7.857566419601440430e+03
7.866049970865249634e+03
7.874648275852203369e+03
7.883134795904159546e+03
7.891725653886795044e+03
7.900225949048995972e+03
7.908853106737136841e+03
7.917413842439651489e+03
7.926005583524703979e+03
7.934644394636154175e+03
7.943209762096405029e+03
7.951743254661560059e+03
7.960306057929992676e+03
7.968888604640960693e+03
7.977428363800048828e+03
8.004564534664154053e+03
8.013113852500915527e+03
8.021685059070587158e+03
8.030324062347412109e+03
8.038842405080795288e+03
8.047346427917480469e+03
8.055858281612396240e+03
8.064355175256729126e+03
8.072862937688827515e+03
8.081382668733596802e+03
8.089921950340270996e+03
8.098443189859390259e+03
8.106969283342361450e+03
8.115482836008071899e+03
8.123997716188430786e+03
8.132582190275192261e+03
8.141107404947280884e+03
8.149666280746459961e+03
8.158221729516983032e+03
8.166790987968444824e+03
8.175360471725463867e+03
8.202626719236373901e+03
8.211134475946426392e+03
8.219688444375991821e+03
8.228245114564895630e+03
8.236766734361648560e+03
8.245322195768356323e+03
8.253867135286331177e+03
8.262418861627578735e+03
8.270999759197235107e+03
8.279521233558654785e+03
8.288184836149215698e+03
8.296737568140029907e+03
8.305264103889465332e+03
8.313850426435470581e+03
8.322371074914932251e+03
8.331042917728424072e+03
8.339589538097381592e+03
8.348147028446197510e+03
8.356690538167953491e+03
8.365211053848266602e+03
8.373765046596527100e+03
8.382294260263442993e+03
8.410606893301010132e+03
8.419186764955520630e+03
8.427705393552780151e+03
8.436237952947616577e+03
8.444751355648040771e+03
8.453268277645111084e+03
8.461826797485351562e+03
8.470416146993637085e+03
8.478990577936172485e+03
8.487580361127853394e+03
8.496161000251770020e+03
8.504731773614883423e+03
8.513299652338027954e+03
8.521828891277313232e+03
8.530408260822296143e+03
8.538998029470443726e+03
8.547570683479309082e+03
8.556174675703048706e+03
8.564704162359237671e+03
8.573272900581359863e+03
8.581926365137100220e+03
8.590462809562683105e+03
8.599018356800079346e+03
8.607594642639160156e+03
8.616216060400009155e+03
8.624746070623397827e+03
8.633318057537078857e+03
8.641885189771652222e+03
8.650447007656097412e+03
8.659039766550064087e+03
8.667614344835281372e+03
8.676160798549652100e+03
8.684729759931564331e+03
8.693428977489471436e+03
8.701976583719253540e+03
8.710543311595916748e+03
8.719095658063888550e+03
8.727640990018844604e+03
8.736199462652206421e+03
8.744746263504028320e+03
8.753303192853927612e+03
8.761862002372741699e+03
8.770429436922073364e+03
8.778983606815338135e+03
8.787544798612594604e+03
8.796147444725036621e+03
8.804702360630035400e+03
8.813287412643432617e+03
8.821890506982803345e+03
8.830723707199096680e+03
8.839386871576309204e+03
8.847989095211029053e+03
8.856872393608093262e+03
8.865546489000320435e+03
8.874092501640319824e+03
8.882645464897155762e+03
8.891253180027008057e+03
8.899846081733703613e+03
8.908456372976303101e+03
8.917045804023742676e+03
8.925633758783340454e+03
8.934302725791931152e+03
8.942900907516479492e+03
8.951485548973083496e+03
8.960102967977523804e+03
8.968712356567382812e+03
8.977392182350158691e+03
8.986118044376373291e+03
8.995136956930160522e+03
9.004142360448837280e+03
9.012774809122085571e+03
9.021680562734603882e+03
9.030250930786132812e+03
9.058545672178268433e+03
9.067326323509216309e+03
9.075921553611755371e+03
9.084530450582504272e+03
9.093167666673660278e+03
9.101767652273178101e+03
9.110354705333709717e+03
9.118983911037445068e+03
9.127587392330169678e+03
9.136175153970718384e+03
9.144786625146865845e+03
9.153406949281692505e+03
9.162019671201705933e+03
9.170609242439270020e+03
9.179761434316635132e+03
9.188125296115875244e+03
9.196240524291992188e+03
9.204494958877563477e+03
9.212680825471878052e+03
9.220773329734802246e+03
9.229122637748718262e+03
9.237264434099197388e+03
9.245494173526763916e+03
9.253719853878021240e+03
9.261847600698471069e+03
9.270187592983245850e+03
9.278305481195449829e+03
9.286498509407043457e+03
9.294769036054611206e+03
9.302901783227920532e+03
9.311220723390579224e+03
9.319377747774124146e+03
9.327600555419921875e+03
9.335873660326004028e+03
9.344011907815933228e+03
9.370872356414794922e+03
9.379075972795486450e+03
9.387219042062759399e+03
9.395523942708969116e+03
9.403673798561096191e+03
9.411924607992172241e+03
9.420144689798355103e+03
9.428273777484893799e+03
9.436574844360351562e+03
9.444762101888656616e+03
9.452970602750778198e+03
9.461214206695556641e+03
9.469373672723770142e+03
9.477662760019302368e+03
9.485977132081985474e+03
9.494328673124313354e+03
9.502737689495086670e+03
9.511121344327926636e+03
9.519500995874404907e+03
9.527953745365142822e+03
9.536315360069274902e+03
9.544691352844238281e+03
9.553053134202957153e+03
9.561423859119415283e+03
9.569878646850585938e+03
9.578285713672637939e+03
9.586632941246032715e+03
9.594973949432373047e+03
9.603378214359283447e+03
9.611714987993240356e+03
9.620066596984863281e+03
9.628487935304641724e+03
9.636890089035034180e+03
9.645285727977752686e+03
9.653653556108474731e+03
9.662041769742965698e+03
9.670517863988876343e+03
9.678955048799514771e+03
9.687328442811965942e+03
9.695676440715789795e+03
9.704061596870422363e+03
9.712405078411102295e+03
9.720738600492477417e+03
9.729106417894363403e+03
9.737531952619552612e+03
9.745909557580947876e+03
9.754310052871704102e+03
9.762706316947937012e+03
9.771108721733093262e+03
9.779463371753692627e+03
9.787833598613739014e+03
9.796231299877166748e+03
9.804636025905609131e+03
9.813163622140884399e+03
9.821527140378952026e+03
9.830061516523361206e+03
9.838493543863296509e+03
9.846864199399948120e+03
9.855274923324584961e+03
9.863847841739654541e+03
9.872199957132339478e+03
9.880580121517181396e+03
9.910030898332595825e+03
9.918420722007751465e+03
9.926802124500274658e+03
9.935168376207351685e+03
9.943555663824081421e+03
9.951950196504592896e+03
9.960341485500335693e+03
9.968742344141006470e+03
9.977132627487182617e+03
9.985557320356369019e+03
9.993968090057373047e+03
1.000238388752937317e+04
1.001076103305816650e+04
1.001915631580352783e+04
1.002752644944190979e+04
1.003591172814369202e+04
1.004431956458091736e+04
1.005270944929122925e+04
1.006110117363929749e+04
1.006967815923690796e+04
1.007818383717536926e+04
1.008656058931350708e+04
1.009490346074104309e+04
1.010325479698181152e+04
1.011162248659133911e+04
1.011997842597961426e+04
1.012834556198120117e+04
1.013672619891166687e+04
1.014523121953010559e+04
1.015367747139930725e+04
1.016210333752632141e+04
1.017052670001983643e+04
1.017891166043281555e+04
1.018728346204757690e+04
1.019566434240341187e+04
1.020407075858116150e+04
1.021243362927436829e+04
1.022081313157081604e+04
1.022921411395072937e+04
1.023759706735610962e+04
1.024595313310623169e+04
1.025434566593170166e+04
1.026269106531143188e+04
1.027104870009422302e+04
1.027940897917747498e+04
1.028777279233932495e+04
1.029612444543838501e+04
1.030450283622741699e+04
1.031288333082199097e+04
1.032126329183578491e+04
1.032965337371826172e+04
1.033802018260955811e+04
1.034642033958435059e+04
1.035492483019828796e+04
1.036340535950660706e+04
1.037185286664962769e+04
1.038022997593879700e+04
1.038861285519599915e+04
1.039703739166259766e+04
1.040543514490127563e+04
1.041382841467857361e+04
1.042220860934257507e+04
1.043064517760276794e+04
1.043903361964225769e+04
1.044742526555061340e+04
1.045601959013938904e+04
1.046450562405586243e+04
1.047298565268516541e+04
1.048145542025566101e+04
1.048984772777557373e+04
1.049822796106338501e+04
1.050661777400970459e+04
1.051501614642143250e+04
1.052343657207489014e+04
1.053181415295600891e+04
1.054022115421295166e+04
1.054860148382186890e+04
1.055699015426635742e+04
1.056536282920837402e+04
1.057374642872810364e+04
1.058216861319541931e+04
1.059058537292480469e+04
1.059897421193122864e+04
1.060735709309577942e+04
1.061573648214340210e+04
1.062415026617050171e+04
1.063254571652412415e+04
1.064092192196846008e+04
1.064934582161903381e+04
1.065772198987007141e+04
1.066610314917564392e+04
1.067453252911567688e+04
1.068293717789649963e+04
1.069136574363708496e+04
1.069977486991882324e+04
1.070818629145622253e+04
1.071660242486000061e+04
1.072502961230278015e+04
1.073355645275115967e+04
1.074195279717445374e+04
1.075036643910408020e+04
1.075878591632843018e+04
1.076717261791229248e+04
1.077560519981384277e+04
1.078405955481529236e+04
1.079247013926506042e+04
1.080090422511100769e+04
1.080934108018875122e+04
1.081777068352699280e+04
1.082619636058807373e+04
1.083464449667930603e+04
1.084304743695259094e+04
1.085147845935821533e+04
1.085990275049209595e+04
1.086831055760383606e+04
1.087675545978546143e+04
1.088525960397720337e+04
1.089366475629806519e+04
1.090209411549568176e+04
1.091050913166999817e+04
1.091890771627426147e+04
1.092740579843521118e+04
1.093582217860221863e+04
1.094432521462440491e+04
1.095275136256217957e+04
1.096120481562614441e+04
1.096966290640830994e+04
1.097818759369850159e+04
1.098665054917335510e+04
1.099508118104934692e+04
1.100352338457107544e+04
1.101195202922821045e+04
1.102054561185836792e+04
1.102913743376731873e+04
1.103767485642433167e+04
1.104608968377113342e+04
1.105451946806907654e+04
1.106302995371818542e+04
1.107145274257659912e+04
1.107986958360671997e+04
1.108846798324584961e+04
1.109705497241020203e+04
1.110556657433509827e+04
1.111396553730964661e+04
1.112238345241546631e+04
1.113079370880126953e+04
1.113926512026786804e+04
1.114781912589073181e+04
1.115628018426895142e+04
1.116485106587409973e+04
1.117336535644531250e+04
1.118188977503776550e+04
1.119033840680122375e+04
1.119875265765190125e+04
1.120718742680549622e+04
1.123647611832618713e+04
1.124493654036521912e+04
1.125340831446647644e+04
1.126185165953636169e+04
1.127039802169799805e+04
1.127890993523597717e+04
1.128736441302299500e+04
1.129582578396797180e+04
1.130427746105194092e+04
1.131276488757133484e+04
1.132122290039062500e+04
1.132973782849311829e+04
1.133823148345947266e+04
1.134667226719856262e+04
1.135512084984779358e+04
1.136355258560180664e+04
1.137199938440322876e+04
1.138050531721115112e+04
1.138905291628837585e+04
1.139752891182899475e+04
1.140600924706459045e+04
1.141447193551063538e+04
1.142294575142860413e+04
1.143141111350059509e+04
1.143991981005668640e+04
1.144840447878837585e+04
1.145686365890502930e+04
1.146530962944030762e+04
1.147394744443893433e+04
1.148243078660964966e+04
1.149089634490013123e+04
1.149937902712821960e+04
1.150796596908569336e+04
1.151662000250816345e+04
1.152517327785491943e+04
1.153367148280143738e+04
1.154219907712936401e+04
1.155086236238479614e+04
1.155934297299385071e+04
1.156789741873741150e+04
1.157635133790969849e+04
1.158504128694534302e+04
1.159360673975944519e+04
1.160213698077201843e+04
1.161080856180191040e+04
1.161936297941207886e+04
1.162803287792205811e+04
1.163672366523742676e+04
1.164532888770103455e+04
1.165379717588424683e+04
1.166255224084854126e+04
1.167119075942039490e+04
1.167966741728782654e+04
1.168817700576782227e+04
1.169664310598373413e+04
1.170518648648262024e+04
1.171370854568481445e+04
1.172260518431663513e+04
1.173141281056404114e+04
1.173998345065116882e+04
1.174867874670028687e+04
1.175723810839653015e+04
1.176604573369026184e+04
1.177478689646720886e+04
1.178343136286735535e+04
1.179215120792388916e+04
1.180070848774909973e+04
1.180924707174301147e+04
1.181780537271499634e+04
1.182647643017768860e+04
1.183529326248168945e+04
1.184397471261024475e+04
1.185251624274253845e+04
1.186112554502487183e+04
1.186984940910339355e+04
1.187867925691604614e+04
1.188724887967109680e+04
1.189592713451385498e+04
1.190451660823822021e+04
1.191306062436103821e+04
1.192160314750671387e+04
1.193018656659126282e+04
1.193873535656929016e+04
1.194721606945991516e+04
1.195577855277061462e+04
1.196426314163208008e+04
1.197273565793037415e+04
1.198125917434692383e+04
1.198972495388984680e+04
1.199825875711441040e+04
1.200673136329650879e+04
1.201520426011085510e+04
1.202367830157279968e+04
1.203213353633880615e+04
1.204065687274932861e+04
1.204914790940284729e+04
1.205764072680473328e+04
1.206612902951240540e+04
1.207463679718971252e+04
1.208312426233291626e+04
1.209159497046470642e+04
1.210004936003684998e+04
1.210850622463226318e+04
1.211697902655601501e+04
1.212545018649101257e+04
1.213389917302131653e+04
1.214235681080818176e+04
1.215101604986190796e+04
1.215956763124465942e+04
1.216803526949882507e+04
1.217649896001815796e+04
1.218496845912933350e+04
1.219344475245475769e+04
1.220194090557098389e+04
1.221043047285079956e+04
1.221892522120475769e+04
1.222764591264724731e+04
1.223625079536437988e+04
1.224476405239105225e+04
1.225323198843002319e+04
1.226175355124473572e+04
1.227022170257568359e+04
1.227871673178672791e+04
1.228718284368515015e+04
1.229567556095123291e+04
1.230418069958686829e+04
1.231268140840530396e+04
1.232118736314773560e+04
1.232975631022453308e+04
1.233835867285728455e+04
1.234685496783256531e+04
1.235538925027847290e+04
1.236386718297004700e+04
1.237229828524589539e+04
1.238078747344017029e+04
1.238925519251823425e+04
1.239777302050590515e+04
1.240623883628845215e+04
1.241474774050712585e+04
1.242335798096656799e+04
1.243180723357200623e+04
1.244031303143501282e+04
1.244876801252365112e+04
1.245739061832427979e+04
1.246590413069725037e+04
1.247443452000617981e+04
1.248296567821502686e+04
1.249146766924858093e+04
1.249996624898910522e+04
1.250846713590621948e+04
1.251698984742164612e+04
1.252549290919303894e+04
1.253404184365272522e+04
1.254256999278068542e+04
1.255100441050529480e+04
1.255952512431144714e+04
1.256802272963523865e+04
1.257655343627929688e+04
1.258506398510932922e+04
1.259356936073303223e+04
1.260207088923454285e+04
1.261060688090324402e+04
1.261915201187133789e+04
1.262765447521209717e+04
1.263617337679862976e+04
1.264469001364707947e+04
1.265316729855537415e+04
1.266166328358650208e+04
1.267017297148704529e+04
1.267867975735664368e+04
1.268714637422561646e+04
1.269565603375434875e+04
1.270409795689582825e+04
1.271257220387458801e+04
1.272105265903472900e+04
1.272949913668632507e+04
1.273809321475028992e+04
1.274661810779571533e+04
1.275512839365005493e+04
1.276366139793395996e+04
1.277220619678497314e+04
1.278070932650566101e+04
1.278925615453720093e+04
1.279777211189270020e+04
1.280633442664146423e+04
1.281489770579338074e+04
1.282340921330451965e+04
1.283214382362365723e+04
1.284069560432434082e+04
1.284925462317466736e+04
1.285775601053237915e+04
1.286628557300567627e+04
1.287481543922424316e+04
1.288333410239219666e+04
1.289184337425231934e+04
1.290039749264717102e+04
1.290890234398841858e+04
1.291743938183784485e+04
1.292599481248855591e+04
1.293453984355926514e+04
1.294309909915924072e+04
1.295165086984634399e+04
1.296025494599342346e+04
1.296878881263732910e+04
1.297731937432289124e+04
1.298597728681564331e+04
1.299451067852973938e+04
1.300307652020454407e+04
1.301162885355949402e+04
1.302017511057853699e+04
1.302881282567977905e+04
1.303735027217864990e+04
1.304588365507125854e+04
1.305443666100502014e+04
1.306297740912437439e+04
1.307152791523933411e+04
1.308011751723289490e+04
1.308871927571296692e+04
1.309727277851104736e+04
1.310578419375419617e+04
1.311439962434768677e+04
1.312290317010879517e+04
1.313147692036628723e+04
1.313999491691589355e+04
1.314855317282676697e+04
1.315704719328880310e+04
1.316558361530303955e+04
1.317410305452346802e+04
1.318265085625648499e+04
1.319114678931236267e+04
1.319969194722175598e+04
1.320818191981315613e+04
1.321672203516960144e+04
1.322521428275108337e+04
1.323372688388824463e+04
1.324225645637512207e+04
1.325080131912231445e+04
1.325928044605255127e+04
1.326782965993881226e+04
1.327643948268890381e+04
1.328513438105583191e+04
1.329363071322441101e+04
1.330220702958106995e+04
1.331070845460891724e+04
1.331924693465232849e+04
1.332778310012817383e+04
1.333632159876823425e+04
1.334487826299667358e+04
1.335344143152236938e+04
1.336195643305778503e+04
1.337049885869026184e+04
1.337905694651603699e+04
1.338754968738555908e+04
1.339605728054046631e+04
1.340457997941970825e+04
1.341315799617767334e+04
1.342172090053558350e+04
1.343042983841896057e+04
1.343899554920196533e+04
1.344757040119171143e+04
1.345606485295295715e+04
1.346461205720901489e+04
1.347318854737281799e+04
1.348176621580123901e+04
1.349043856835365295e+04
1.349902593493461609e+04
1.350763186717033386e+04
1.351622784495353699e+04
1.352484612131118774e+04
1.353336389923095703e+04
1.354202001070976257e+04
1.355052720785140991e+04
1.355902159309387207e+04
1.356758223724365234e+04
1.357617244076728821e+04
1.358475925374031067e+04
1.359325709056854248e+04
1.360177589702606201e+04
1.361034183478355408e+04
1.361890053558349609e+04
1.362758402466773987e+04
1.363614832663536072e+04
1.364477980256080627e+04
1.365347047615051270e+04
1.366199621224403381e+04
1.367059075713157654e+04
1.367909933519363403e+04
1.368770297718048096e+04
1.369630894303321838e+04
1.370507077527046204e+04
1.371368821620941162e+04
1.372240895032882690e+04
1.373119400334358215e+04
1.373981327033042908e+04
1.374838752532005310e+04
1.375688878750801086e+04
1.376546671700477600e+04
1.377405852603912354e+04
1.378268298792839050e+04
1.379123245787620544e+04
1.379972928237915039e+04
1.380829478669166565e+04
1.381679740405082703e+04
1.382535650873184204e+04
1.383386047172546387e+04
1.384242637777328491e+04
1.385099637866020203e+04
1.385954828739166260e+04
1.386807043576240540e+04
1.387656999683380127e+04
1.388512416076660156e+04
1.389365331101417542e+04
1.390218899512290955e+04
1.391069360709190369e+04
1.391923058533668518e+04
1.392775747895240784e+04
1.393627090001106262e+04
1.394479141449928284e+04
1.395332872200012207e+04
1.396186816883087158e+04
1.397041899418830872e+04
1.397894963932037354e+04
1.398749864649772644e+04
1.399611867165565491e+04
1.400470917725563049e+04
1.401335538506507874e+04
1.402210072255134583e+04
1.403075451111793518e+04
1.403939797902107239e+04
1.404794156193733215e+04
1.405647041010856628e+04
1.406501081657409668e+04
1.407356449627876282e+04
1.408213414955139160e+04
1.409065565252304077e+04
1.409919736170768738e+04
1.410772227215766907e+04
1.411623038172721863e+04
1.412476647210121155e+04
1.413330264759063721e+04
1.414183947491645813e+04
1.415038471627235413e+04
1.415889621496200562e+04
1.416746279931068420e+04
1.417620250582695007e+04
1.418482447624206543e+04
1.419343105387687683e+04
1.420205735826492310e+04
1.421057266783714294e+04
1.421908281373977661e+04
1.422773175191879272e+04
1.423635037112236023e+04
1.424491894602775574e+04
1.425347056198120117e+04
1.426208234953880310e+04
1.427065569090843201e+04
1.427925066947937012e+04
1.428784825706481934e+04
1.429642316770553589e+04
1.430511681818962097e+04
1.431367653346061707e+04
1.432227919220924377e+04
1.433090425682067871e+04
1.433944829010963440e+04
1.434798499941825867e+04
1.435648498845100403e+04
1.436508279109001160e+04
1.437362679982185364e+04
1.438221473336219788e+04
1.439075974106788635e+04
1.439929603791236877e+04
1.440789025211334229e+04
1.441642461204528809e+04
1.442496779608726501e+04
1.443350146961212158e+04
1.444208010339736938e+04
1.445059353923797607e+04
1.445915989327430725e+04
1.446767350506782532e+04
1.447623824930191040e+04
1.448479630470275879e+04
1.449334391546249390e+04
1.450189560079574585e+04
1.451048547053337097e+04
1.451904169988632202e+04
1.452758631849288940e+04
1.453612474679946899e+04
1.454465847110748291e+04
1.455320877575874329e+04
1.456180117940902710e+04
1.457039091038703918e+04
1.457899928784370422e+04
1.458755273103713989e+04
1.459607772231101990e+04
1.460467950105667114e+04
1.461323714518547058e+04
1.462185232448577881e+04
1.463045529437065125e+04
1.463913448762893677e+04
1.464769109296798706e+04
1.465622768425941467e+04
1.466474954605102539e+04
1.467337272977828979e+04
1.468193048691749573e+04
1.469054928493499756e+04
1.469909831881523132e+04
1.470773042988777161e+04
1.471627995133399963e+04
1.472491631150245667e+04
1.473344618749618530e+04
1.474224411606788635e+04
1.475080985856056213e+04
1.475941526913642883e+04
1.476799229598045349e+04
1.477661136388778687e+04
1.478516660547256470e+04
1.479382285904884338e+04
1.480240098547935486e+04
1.481104033350944519e+04
1.481959534049034119e+04
1.482822675681114197e+04
1.483675644803047180e+04
1.484531830358505249e+04
1.485389751791954041e+04
1.486255114102363586e+04
1.487109270834922791e+04
1.487972382140159607e+04
1.488827755451202393e+04
1.489680004096031189e+04
1.490536359834671021e+04
1.491397620558738708e+04
1.492256590008735657e+04
1.493116472482681274e+04
1.493979953622817993e+04
1.494839027070999146e+04
1.495700646138191223e+04
1.496556035637855530e+04
1.497423359107971191e+04
1.498281010413169861e+04
1.499148024702072144e+04
1.500009082722663879e+04
1.500873075318336487e+04
1.501736754894256592e+04
1.502592525076866150e+04
1.503452539467811584e+04
1.504310029172897339e+04
1.505169250845909119e+04
1.506026323866844177e+04
1.506887995648384094e+04
1.507751888346672058e+04
1.508608483409881592e+04
1.509471948385238647e+04
1.510328866386413574e+04
1.511185433340072632e+04
1.512043730449676514e+04
1.512899614214897156e+04
1.513756353235244751e+04
1.514619128656387329e+04
1.515482762265205383e+04
1.516347935628890991e+04
1.517211050248146057e+04
1.518075393486022949e+04
1.518936604642868042e+04
1.519795422887802124e+04
1.520659204530715942e+04
1.521524743533134460e+04
1.522390217924118042e+04
1.523261400699615479e+04
1.524126115870475769e+04
1.524989500403404236e+04
1.525855814337730408e+04
1.526726286149024963e+04
1.527592364978790283e+04
1.528456350255012512e+04
1.529319262599945068e+04
1.530182977414131165e+04
1.531047140479087830e+04
1.531908739304542542e+04
1.532771594285964966e+04
1.533628422904014587e+04
1.534493596458435059e+04
1.535349795627593994e+04
1.536210120701789856e+04
1.537068601322174072e+04
1.537929725313186646e+04
1.538785312485694885e+04
1.542087118196487427e+04
1.542944790077209473e+04
1.543807025027275085e+04
1.544673629975318909e+04
1.545537293934822083e+04
1.546404950523376465e+04
1.547270573925971985e+04
1.548133442473411560e+04
1.548994366598129272e+04
1.549854018688201904e+04
1.550715850710868835e+04
1.551578453612327576e+04
1.552435903859138489e+04
1.553302902197837830e+04
1.554167739081382751e+04
1.555033433675765991e+04
1.555901109647750854e+04
1.556769085717201233e+04
1.557635732364654541e+04
1.558505568552017212e+04
1.559372756862640381e+04
1.560237539243698120e+04
1.561099622607231140e+04
1.561960786056518555e+04
1.562822014021873474e+04
1.563685857892036438e+04
1.564543145370483398e+04
1.565407693362236023e+04
1.566270125484466553e+04
1.567131556248664856e+04
1.567991331481933594e+04
1.568851593470573425e+04
1.569710814428329468e+04
1.570572313690185547e+04
1.571438349390029907e+04
1.572298393750190735e+04
1.573161120533943176e+04
1.574021622586250305e+04
1.574890569162368774e+04
1.575755292677879333e+04
1.576618268370628357e+04
1.577476877236366272e+04
1.578341246128082275e+04
1.579203133273124695e+04
1.580067419910430908e+04
1.580933191823959351e+04
1.581807277560234070e+04
1.582673426651954651e+04
1.583545826482772827e+04
1.584419927620887756e+04
1.585289381551742554e+04
1.586156039714813232e+04
1.587023013210296631e+04
1.587885164237022400e+04
1.588750978708267212e+04
1.589621284461021423e+04
1.590490379810333252e+04
1.591357825326919556e+04
1.592222841167449951e+04
1.593086561369895935e+04
1.593950769066810608e+04
1.594817946553230286e+04
1.595682668638229370e+04
1.596545307254791260e+04
1.597415252017974854e+04
1.598276861929893494e+04
1.599140288424491882e+04
1.600003262686729431e+04
1.600864154577255249e+04
1.601728202009201050e+04
1.602587066388130188e+04
1.603448842716217041e+04
1.604311497378349304e+04
1.605205520200729370e+04
1.606076331496238708e+04
1.606935103034973145e+04
1.607800208878517151e+04
1.608660983252525330e+04
1.609525607633590698e+04
1.610388965868949890e+04
1.611253882408142090e+04
1.612122202730178833e+04
1.612988812661170959e+04
1.613857196044921875e+04
1.614719341945648193e+04
1.615581976079940796e+04
1.616446360588073730e+04
1.617305713510513306e+04
1.618173015117645264e+04
1.619037057900428772e+04
1.619911119031906128e+04
1.620773694396018982e+04
1.621645162677764893e+04
1.622519589209556580e+04
1.623392163968086243e+04
1.624259954166412354e+04
1.625126853656768799e+04
1.625994817924499512e+04
1.626870403718948364e+04
1.627766596436500549e+04
1.628632063412666321e+04
1.629492974519729614e+04
1.630358232092857361e+04
1.631224125337600708e+04
1.632087280559539795e+04
1.632953165340423584e+04
1.633813148951530457e+04
1.634675410676002502e+04
1.635543294644355774e+04
1.636408615422248840e+04
1.637270472764968872e+04
1.638132254552841187e+04
1.638998024606704712e+04
1.639861245512962341e+04
1.640728456425666809e+04
1.641591287183761597e+04
1.642456542754173279e+04
1.643324093031883240e+04
1.644188981699943542e+04
1.645052897453308105e+04
1.645919314265251160e+04
1.646786094951629639e+04
1.647648266625404358e+04
1.648513327527046204e+04
1.649377025198936462e+04
1.650239844655990601e+04
1.651103522586822510e+04
1.651970136976242065e+04
1.652843850517272949e+04
1.653717515420913696e+04
1.654585784697532654e+04
1.655459831857681274e+04
1.656330137467384338e+04
1.657199917101860046e+04
1.658073303055763245e+04
1.658952017474174500e+04
1.659819968628883362e+04
1.660695226860046387e+04
1.661566811847686768e+04
1.662439309310913086e+04
1.663330620598793030e+04
1.664181030941009521e+04
1.665034104609489441e+04
1.665892237901687622e+04
1.666735914182662964e+04
1.667603820729255676e+04
1.668449290633201599e+04
1.669305634045600891e+04
1.670160584568977356e+04
1.671003948259353638e+04
1.671866486215591431e+04
1.672713788032531738e+04
1.673582551479339600e+04
1.674436900162696838e+04
1.675293665480613708e+04
1.676152267169952393e+04
1.676998573493957520e+04
1.677860492849349976e+04
1.678711212635040283e+04
1.679569524455070496e+04
1.680442384934425354e+04
1.681296774744987488e+04
1.682163841390609741e+04
1.683017202544212341e+04
1.683878112220764160e+04
1.684735467386245728e+04
1.685586355757713318e+04
1.686452803468704224e+04
1.687313365268707275e+04
1.688171173334121704e+04
1.689030953145027161e+04
1.689880696654319763e+04
1.690753907036781311e+04
1.691606647825241089e+04
1.692472876906394958e+04
1.693357730174064636e+04
1.694238750052452087e+04
1.695127147865295410e+04
1.696025196146965027e+04
1.696905688166618347e+04
1.697784585094451904e+04
1.698673829627037048e+04
1.699545647621154785e+04
1.700422500228881836e+04
1.701298859977722168e+04
1.702167780494689941e+04
1.703045104622840881e+04
1.703916160035133362e+04
1.704788348889350891e+04
1.705659702825546265e+04
1.706533761429786682e+04
1.707407654237747192e+04
1.708277173781394958e+04
1.709148905467987061e+04
1.710019842958450317e+04
1.710895741510391235e+04
1.711768248581886292e+04
1.712643899679183960e+04
1.713514651846885681e+04
1.714384457731246948e+04
1.715252878642082214e+04
1.716122385978698730e+04
1.716989189124107361e+04
1.717862963771820068e+04
1.718729884219169617e+04
1.719599392533302307e+04
1.720468489933013916e+04
1.721338436269760132e+04
1.722209035420417786e+04
1.723084465384483337e+04
1.723949737453460693e+04
1.724822472810745239e+04
1.725698186397552490e+04
1.726577390599250793e+04
1.727454870176315308e+04
1.728335309076309204e+04
1.729207161331176758e+04
1.730081016039848328e+04
1.730952457118034363e+04
1.731830401301383972e+04
1.732703724026679993e+04
1.733575668883323669e+04
1.734444789147377014e+04
1.735325445914268494e+04
1.736214307260513306e+04
1.737085904264450073e+04
1.737961819720268250e+04
1.738846197271347046e+04
1.739717584657669067e+04
1.740595861005783081e+04
1.741473878550529480e+04
1.742348725986480713e+04
1.743227517867088318e+04
1.744104131054878235e+04
1.744980596327781677e+04
1.745859836602210999e+04
1.746740275144577026e+04
1.747616951131820679e+04
1.748493378973007202e+04
1.749374954342842102e+04
1.750255381631851196e+04
1.751128820013999939e+04
1.752002109408378601e+04
1.752879250836372375e+04
1.753753978753089905e+04
1.754630140805244446e+04
1.755507401847839355e+04
1.756375998210906982e+04
1.757247838902473450e+04
1.758119557714462280e+04
1.758989739370346069e+04
1.759859139251708984e+04
1.760731655955314636e+04
1.761600532150268555e+04
1.762472168731689453e+04
1.763347200584411621e+04
1.764226336264610291e+04
1.765102044367790222e+04
1.765980232214927673e+04
1.766855019545555115e+04
1.767726893949508667e+04
1.768605389428138733e+04
1.769476735758781433e+04
1.770353345608711243e+04
1.771233623743057251e+04
1.772103532648086548e+04
1.772974637198448181e+04
1.773846651220321655e+04
1.774718734645843506e+04
1.775594822669029236e+04
1.776468549942970276e+04
1.777336166667938232e+04
1.778210897970199585e+04
1.779084368968009949e+04
1.779956006574630737e+04
1.780822092604637146e+04
1.781694372701644897e+04
1.782570454812049866e+04
1.783448630690574646e+04
1.784324530339241028e+04
1.785203025364875793e+04
1.786078904175758362e+04
1.786958103370666504e+04
1.787837007594108582e+04
1.788713064908981323e+04
1.789586993312835693e+04
1.790466699457168579e+04
1.791332612347602844e+04
1.792209252905845642e+04
1.793091057682037354e+04
1.793969445419311523e+04
1.794848013734817505e+04
1.795726572632789612e+04
1.796600203323364258e+04
1.797470716547966003e+04
1.798349672031402588e+04
1.799228631091117859e+04
1.800101307606697083e+04
1.800985360383987427e+04
1.801863527035713196e+04
1.802736079764366150e+04
1.803625085306167603e+04
1.804514248108863831e+04
1.805413454031944275e+04
1.806299583983421326e+04
1.807192331862449646e+04
1.808077063369750977e+04
1.808964338612556458e+04
1.809866522669792175e+04
1.810776739907264709e+04
1.811684539079666138e+04
1.812582656812667847e+04
1.813453954839706421e+04
1.814348899698257446e+04
1.815238935661315918e+04
1.816125016188621521e+04
1.817007919406890869e+04
1.817877883481979370e+04
1.818750770425796509e+04
1.819623185586929321e+04
1.820496224212646484e+04
1.821367840886116028e+04
1.822244619846343994e+04
1.823122954535484314e+04
1.823996060943603516e+04
1.824867036390304565e+04
1.825742006301879883e+04
1.826622730183601379e+04
1.827513905692100525e+04
1.828399549674987793e+04
1.829280837869644165e+04
1.830159029984474182e+04
1.831036716532707214e+04
1.831917068362236023e+04
1.832803183794021606e+04
1.833685785388946533e+04
1.834558859896659851e+04
1.835437313437461853e+04
1.836311255455017090e+04
1.837188705325126648e+04
1.838061239981651306e+04
1.838940829086303711e+04
1.839814145517349243e+04
1.840690878009796143e+04
1.841564327764511108e+04
1.842438348317146301e+04
1.843327619457244873e+04
1.844201808476448059e+04
1.845079854202270508e+04
1.845954861760139465e+04
1.846829543328285217e+04
1.847704142498970032e+04
1.848585387158393860e+04
1.849457030272483826e+04
1.850338333129882812e+04
1.851211499214172363e+04
1.852095453310012817e+04
1.852982870721817017e+04
1.853866450548171997e+04
1.854739439630508423e+04
1.855614165973663330e+04
1.856490697574615479e+04
1.857374794244766235e+04
1.858247690486907959e+04
1.859120982837677002e+04
1.859992677092552185e+04
1.860866105651855469e+04
1.861739611577987671e+04
1.862620505118370056e+04
1.863494208455085754e+04
1.864369353270530701e+04
1.865243334722518921e+04
1.866119773077964783e+04
1.866991773390769958e+04
1.867868052792549133e+04
1.868740697646141052e+04
1.869613772439956665e+04
1.870487408185005188e+04
1.871361127018928528e+04
1.872239314889907837e+04
1.873113603615760803e+04
1.873987331318855286e+04
1.874858723402023315e+04
1.875734480237960815e+04
1.876608700871467590e+04
1.877483076500892639e+04
1.878361057400703430e+04
1.879233787155151367e+04
1.880106320929527283e+04
1.880980297183990479e+04
1.881855421519279480e+04
1.882739600849151611e+04
1.883617673993110657e+04
1.884498346853256226e+04
1.885372573351860046e+04
1.886246626615524292e+04
1.887123168563842773e+04
1.887997255992889404e+04
1.888875769853591919e+04
1.889750304031372070e+04
1.890627410888671875e+04
1.891505725979804993e+04
1.892382184982299805e+04
1.893261772441864014e+04
1.894139636445045471e+04
1.895012704706192017e+04
1.895892854332923889e+04
1.896765861678123474e+04
1.897642629981040955e+04
1.898515769195556641e+04
1.899393216490745544e+04
1.900266866087913513e+04
1.901141867303848267e+04
1.902017835950851440e+04
1.902892270159721375e+04
1.903769172382354736e+04
1.904643416595458984e+04
1.905518753337860107e+04
1.906405136251449585e+04
1.907280871081352234e+04
1.908156658720970154e+04
1.909032741880416870e+04
1.909911497569084167e+04
1.910788856267929077e+04
1.911662054800987244e+04
1.912536884737014771e+04
1.913421635770797729e+04
1.914296481180191040e+04
1.915173638224601746e+04
1.916049225163459778e+04
1.916923681569099426e+04
1.917799762129783630e+04
1.918673426508903503e+04
1.919552486419677734e+04
1.920429235291481018e+04
1.921305598568916321e+04
1.922179960942268372e+04
1.923058812689781189e+04
1.923931419086456299e+04
1.924807265138626099e+04
1.925683137202262878e+04
1.926557977223396301e+04
1.927434103679656982e+04
1.928312722492218018e+04
1.929187271785736084e+04
1.930063897562026978e+04
1.930938401198387146e+04
1.931809630370140076e+04
1.932687696719169617e+04
1.933563273930549622e+04
1.934441178297996521e+04
1.935315217995643616e+04
1.936192098879814148e+04
1.937066069841384888e+04
1.937945517659187317e+04
1.938820975327491760e+04
1.939695267033576965e+04
1.940576631975173950e+04
1.941452287149429321e+04
1.942327428126335144e+04
1.943211053991317749e+04
1.944090517997741699e+04
1.944965146923065186e+04
1.945843645811080933e+04
1.946721635842323303e+04
1.947599420356750488e+04
1.948475208067893982e+04
1.949355073833465576e+04
1.950232399868965149e+04
1.951112505745887756e+04
1.951991303825378418e+04
1.952867854952812195e+04
1.953747366547584534e+04
1.954624845170974731e+04
1.955501451635360718e+04
1.956382933330535889e+04
1.957269009256362915e+04
1.958146430206298828e+04
1.959023159837722778e+04
1.959908546590805054e+04
1.960784854197502136e+04
1.961665935635566711e+04
1.962541720938682556e+04
1.963425022459030151e+04
1.964300130438804626e+04
1.965215149211883545e+04
1.966099975585937500e+04
1.966980263543128967e+04
1.967858762836456299e+04
1.968741080856323242e+04
1.969618115305900574e+04
1.970500608992576599e+04
1.971379652380943298e+04
1.972261914992332458e+04
1.973144018864631653e+04
1.974027809977531433e+04
1.974910614681243896e+04
1.975791063714027405e+04
1.976668286800384521e+04
1.977554043269157410e+04
1.978432439780235291e+04
1.979316600418090820e+04
1.980195803141593933e+04
1.981078599286079407e+04
1.981957369112968445e+04
1.982840324115753174e+04
1.983719972395896912e+04
1.984603569149971008e+04
1.985483391642570496e+04
1.986359687018394470e+04
1.987239838051795959e+04
1.988118078255653381e+04
1.988995940399169922e+04
1.989877156114578247e+04
1.990757943034172058e+04
1.991638608694076538e+04
1.992518040609359741e+04
1.993396626257896423e+04
1.994278317618370056e+04
1.995157723855972290e+04
1.996040022826194763e+04
1.996918940615653992e+04
1.997798488688468933e+04
1.998678738141059875e+04
1.999555591750144958e+04
2.000436376380920410e+04
2.001317219471931458e+04
2.002194432520866394e+04
2.003073064041137695e+04
2.003957664442062378e+04
2.004839556217193604e+04
2.005720739102363586e+04
2.006613707876205444e+04
2.007494782471656799e+04
2.008375603008270264e+04
2.009262282133102417e+04
2.010143074250221252e+04
2.011021613883972168e+04
2.011904224634170532e+04
2.012781632232666016e+04
2.013661369681358337e+04
2.014544707393646240e+04
2.015423540759086609e+04
2.016301933741569519e+04
2.017180155801773071e+04
2.018062672996520996e+04
2.018946322035789490e+04
2.019826530385017395e+04
2.020706235933303833e+04
2.021581216812133789e+04
2.022463044714927673e+04
2.023345457172393799e+04
2.024231460118293762e+04
2.025110835766792297e+04
2.025991902732849121e+04
2.026871718525886536e+04
2.027749596500396729e+04
2.028627720522880554e+04
2.029509618759155273e+04
2.030391015982627869e+04
2.031273909115791321e+04
2.032155438160896301e+04
2.033035215234756470e+04
2.033920702958106995e+04
2.034799577498435974e+04
2.035678380775451660e+04
2.036563968563079834e+04
2.037448714590072632e+04
2.038331830644607544e+04
2.039215488433837891e+04
2.040105801963806152e+04
2.040987258267402649e+04
2.041867482519149780e+04
2.042749267482757568e+04
2.043635214066505432e+04
2.044521888780593872e+04
2.045400707936286926e+04
2.046282779526710510e+04
2.047166560816764832e+04
2.048048936009407043e+04
2.048931560349464417e+04
2.049813252329826355e+04
2.050695010948181152e+04
2.051578018307685852e+04
2.052460577154159546e+04
2.053341018605232239e+04
2.054221561074256897e+04
2.055103712677955627e+04
2.055986877918243408e+04
2.056875421071052551e+04
2.057758044767379761e+04
2.058642763090133667e+04
2.059527615547180176e+04
2.060409815549850464e+04
2.061295989179611206e+04
2.062177414345741272e+04
2.063062710094451904e+04
2.063944476056098938e+04
2.064824173140525818e+04
2.065705070304870605e+04
2.066585282754898071e+04
2.067468962454795837e+04
2.068355703544616699e+04
2.069238208222389221e+04
2.070117686390876770e+04
2.071001633501052856e+04
2.071891933202743530e+04
2.072774494934082031e+04
2.073658341240882874e+04
2.074544544601440430e+04
2.075427647256851196e+04
2.076311783695220947e+04
2.077198898959159851e+04
2.078079071974754333e+04
2.078966296362876892e+04
2.079862283897399902e+04
2.080745205545425415e+04
2.081627067327499390e+04
2.082509633708000183e+04
2.083396460723876953e+04
2.084280059123039246e+04
2.085163059067726135e+04
2.086045760893821716e+04
2.086930404043197632e+04
2.087813519024848938e+04
2.088699875712394714e+04
2.089585844707489014e+04
2.090469715476036072e+04
2.091354018568992615e+04
2.092248716473579407e+04
2.093135451722145081e+04
2.094031848311424255e+04
2.094927906656265259e+04
2.095815764832496643e+04
2.096703752875328064e+04
2.097597766089439392e+04
2.098481638216972351e+04
2.099364041638374329e+04
2.100248134422302246e+04
2.101135617661476135e+04
2.102018931555747986e+04
2.102905330944061279e+04
2.103789890742301941e+04
2.104674715161323547e+04
2.105555281829833984e+04
2.106440136194229126e+04
2.107320341253280640e+04
2.108204636096954346e+04
2.109088730669021606e+04
2.109971499872207642e+04
2.110855272746086121e+04
2.111736061429977417e+04
2.112621673369407654e+04
2.113502560234069824e+04
2.114384653830528259e+04
2.115269511437416077e+04
2.116154226088523865e+04
2.117040356755256653e+04
2.117924816775321960e+04
2.118806667780876160e+04
2.119690351223945618e+04
2.120572811007499695e+04
2.121457678008079529e+04
2.122340043783187866e+04
2.123228953576087952e+04
2.124113580489158630e+04
2.124997921681404114e+04
2.125880130243301392e+04
2.126764581131935120e+04
2.127649683809280396e+04
2.128545911526679993e+04
2.129447654509544373e+04
2.130352397823333740e+04
2.131256002664566040e+04
2.132156723642349243e+04
2.133062737655639648e+04
2.133965226936340332e+04
2.134865330982208252e+04
2.135760981869697571e+04
2.136659543466567993e+04
2.137561930823326111e+04
2.141593070459365845e+04
2.142506920242309570e+04
2.143416617012023926e+04
2.144301972532272339e+04
2.145185701322555542e+04
2.146069428563117981e+04
2.146958126187324524e+04
2.147846283030509949e+04
2.148734264373779297e+04
2.149619983792304993e+04
2.150504073429107666e+04
2.151389518690109253e+04
2.152276652932167053e+04
2.153166167354583740e+04
2.154052276992797852e+04
2.154939582538604736e+04
2.155825037932395935e+04
2.156713313961029053e+04
2.157598860788345337e+04
2.158485103130340576e+04
2.159371252822875977e+04
2.160258430528640747e+04
2.161144967532157898e+04
2.162030164194107056e+04
2.162920931577682495e+04
2.163809131598472595e+04
2.164712139129638672e+04
2.165599113082885742e+04
2.166485911035537720e+04
2.167370032525062561e+04
2.168257284069061279e+04
2.169149351811408997e+04
2.170036238145828247e+04
2.170925194263458252e+04
2.171812246966362000e+04
2.172697308588027954e+04
2.173587381267547607e+04
2.174482517576217651e+04
2.175377375888824463e+04
2.176263973736763000e+04
2.177155220484733582e+04
2.178041306233406067e+04
2.178925574541091919e+04
2.179816362309455872e+04
2.180704492425918579e+04
2.181592338919639587e+04
2.182481208896636963e+04
2.183391171550750732e+04
2.184287530636787415e+04
2.185176830649375916e+04
2.186063858985900879e+04
2.186949446916580200e+04
2.187837714123725891e+04
2.188727158212661743e+04
2.189613408684730530e+04
2.190502699160575867e+04
2.191389363598823547e+04
2.192276919221878052e+04
2.193164050960540771e+04
2.194051043248176575e+04
2.194939415812492371e+04
2.195824392414093018e+04
2.196716188454627991e+04
2.197603109502792358e+04
2.198491705441474915e+04
2.199387769794464111e+04
2.200280127549171448e+04
2.201172528219223022e+04
2.202066025018692017e+04
2.202954486012458801e+04
2.203847065806388855e+04
2.204741510963439941e+04
2.205632158613204956e+04
2.206530505394935608e+04
2.207425063967704773e+04
2.208317525458335876e+04
2.209212813138961792e+04
2.210103412103652954e+04
2.210997281479835510e+04
2.211885199332237244e+04
2.212794124674797058e+04
2.213691294407844543e+04
2.214578867030143738e+04
2.215468367743492126e+04
2.216359515547752380e+04
2.217254974579811096e+04
2.218148829102516174e+04
2.219043443870544434e+04
2.219933112859725952e+04
2.220820246863365173e+04
2.221726954984664917e+04
2.222624270439147949e+04
2.223512775158882141e+04
2.224404231405258179e+04
2.225300339984893799e+04
2.226187888383865356e+04
2.227083766841888428e+04
2.227981600236892700e+04
2.228871795654296875e+04
2.229762098002433777e+04
2.230651185297966003e+04
2.231541914844512939e+04
2.232433040499687195e+04
2.233326081681251526e+04
2.234216834688186646e+04
2.235109803891181946e+04
2.236007335782051086e+04
2.236898936843872070e+04
2.237791060256958008e+04
2.238683846521377563e+04
2.239580212497711182e+04
2.240469049429893494e+04
2.241367809152603149e+04
2.242257541251182556e+04
2.243149933671951294e+04
2.244041997456550598e+04
2.244932294821739197e+04
2.245822650313377380e+04
2.246714503169059753e+04
2.247614396071434021e+04
2.248507017445564270e+04
2.249403470230102539e+04
2.250290134739875793e+04
2.251187808156013489e+04
2.252076479506492615e+04
2.252972253012657166e+04
2.253861091232299805e+04
2.254757521986961365e+04
2.255651226758956909e+04
2.256545684051513672e+04
2.257445231747627258e+04
2.258344719767570496e+04
2.259248101353645325e+04
2.260139582896232605e+04
2.261036942362785339e+04
2.261927343034744263e+04
2.262826257133483887e+04
2.263717268681526184e+04
2.264610287523269653e+04
2.265506614685058594e+04
2.266395863747596741e+04
2.267290462422370911e+04
2.268178053474426270e+04
2.269069943857192993e+04
2.269964424371719360e+04
2.270858147263526917e+04
2.271751861858367920e+04
2.272646209669113159e+04
2.273543898415565491e+04
2.274437384986877441e+04
2.275329984426498413e+04
2.276228066825866699e+04
2.277118550372123718e+04
2.278014023137092590e+04
2.278908219099044800e+04
2.279801115894317627e+04
2.280691842246055603e+04
2.281586137485504150e+04
2.282477248787879944e+04
2.283371536755561829e+04
2.284261938023567200e+04
2.285156923961639404e+04
2.286047825455665588e+04
2.286937317252159119e+04
2.287830537748336792e+04
2.288722829723358154e+04
2.289617556595802307e+04
2.290516690516471863e+04
2.291410879540443420e+04
2.292304240202903748e+04
2.293199081110954285e+04
2.294092031693458557e+04
2.294982524633407593e+04
2.295874301004409790e+04
2.296785298013687134e+04
2.297675080156326294e+04
2.298569480156898499e+04
2.299462456512451172e+04
2.300355582880973816e+04
2.301254092693328857e+04
2.302146957826614380e+04
2.303049207353591919e+04
2.303940178918838501e+04
2.304838477611541748e+04
2.305732298564910889e+04
2.306630762600898743e+04
2.307521690249443054e+04
2.308417876267433167e+04
2.309311558508872986e+04
2.310208744215965271e+04
2.311100471067428589e+04
2.312000179886817932e+04
2.312890012645721436e+04
2.313786946773529053e+04
2.314681249332427979e+04
2.315586222696304321e+04
2.316485522603988647e+04
2.317386792778968811e+04
2.318280027151107788e+04
2.319172227573394775e+04
2.320063700675964355e+04
2.320958382701873779e+04
2.321849714469909668e+04
2.322743460893630981e+04
2.323638075065612793e+04
2.324530484461784363e+04
2.325441082930564880e+04
2.326339179491996765e+04
2.327235239458084106e+04
2.328130498480796814e+04
2.329029835724830627e+04
2.329925938439369202e+04
2.330819082856178284e+04
2.331713963675498962e+04
2.332605041885375977e+04
2.333503613519668579e+04
2.334397295117378235e+04
2.335292336988449097e+04
2.336186182332038879e+04
2.337086873602867126e+04
2.337981953310966492e+04
2.338875597095489502e+04
2.339782886695861816e+04
2.340676252603530884e+04
2.341571142530441284e+04
2.342467957282066345e+04
2.343368802714347839e+04
2.344266780018806458e+04
2.345168554162979126e+04
2.346065272593498230e+04
2.346961577439308167e+04
2.347856336069107056e+04
2.348751447629928589e+04
2.349645877861976624e+04
2.350546203136444092e+04
2.351442809510231018e+04
2.352337510800361633e+04
2.353229984617233276e+04
2.354123943519592285e+04
2.355021517109870911e+04
2.355917915773391724e+04
2.356817503976821899e+04
2.357721085214614868e+04
2.358617821097373962e+04
2.359529686021804810e+04
2.360424754047393799e+04
2.361330548596382141e+04
2.362230226373672485e+04
2.363139630532264709e+04
2.364038190221786499e+04
2.364954278540611267e+04
2.365853324985504150e+04
2.366757725310325623e+04
2.367653923821449280e+04
2.368553557300567627e+04
2.369453488492965698e+04
2.370349888253211975e+04
2.371247043609619141e+04
2.372149200415611267e+04
2.373043722748756409e+04
2.373944682931900024e+04
2.374840695118904114e+04
2.375749993491172791e+04
2.376645908212661743e+04
2.377551070427894592e+04
2.378448716115951538e+04
2.379353409028053284e+04
2.380247711062431335e+04
2.381157122111320496e+04
2.382053090190887451e+04
2.382955266809463501e+04
2.383852774000167847e+04
2.384745991754531860e+04
2.385642972159385681e+04
2.386544873952865601e+04
2.387445315957069397e+04
2.388353809666633606e+04
2.389252311944961548e+04
2.390159614872932434e+04
2.391064719581604004e+04
2.391963674902915955e+04
2.392870705771446228e+04
2.393781615853309631e+04
2.394683506917953491e+04
2.395579823040962219e+04
2.396474937129020691e+04
2.397372465658187866e+04
2.398271135091781616e+04
2.399169020748138428e+04
2.400063773465156555e+04
2.400963933944702148e+04
2.401866339945793152e+04
2.402766010642051697e+04
2.403665563559532166e+04
2.404568432760238647e+04
2.405467949938774109e+04
2.406365381860733032e+04
2.407273528313636780e+04
2.408175998353958130e+04
2.409077215099334717e+04
2.409975144481658936e+04
2.410873128557205200e+04
2.411771507191658020e+04
2.412667944359779358e+04
2.413566665339469910e+04
2.414466321778297424e+04
2.415365493392944336e+04
2.416264490485191345e+04
2.417165974950790405e+04
2.418066159701347351e+04
2.418967760634422302e+04
2.419862203955650330e+04
2.420762275576591492e+04
2.421664063715934753e+04
2.422561489272117615e+04
2.423482674765586853e+04
2.424379503798484802e+04
2.425277295446395874e+04
2.426176920819282532e+04
2.427077762937545776e+04
2.427973940110206604e+04
2.428876519966125488e+04
2.429777207469940186e+04
2.430675371503829956e+04
2.431573571252822876e+04
2.432477192759513855e+04
2.433373779988288879e+04
2.434273856854438782e+04
2.435171850776672363e+04
2.436071236467361450e+04
2.436972777342796326e+04
2.437868798518180847e+04
2.438765910673141479e+04
2.439676931715011597e+04
2.440576696372032166e+04
2.441487911725044250e+04
2.442388488483428955e+04
2.443286695289611816e+04
2.444186959624290466e+04
2.445088667368888855e+04
2.445986675739288330e+04
2.446914404535293579e+04
2.447816376423835754e+04
2.448725759434700012e+04
2.449627411222457886e+04
2.450526669073104858e+04
2.451434424614906311e+04
2.452339622354507446e+04
2.453247635841369629e+04
2.454149798560142517e+04
2.455051237416267395e+04
2.455954908323287964e+04
2.456864506030082703e+04
2.457764437580108643e+04
2.458660906505584717e+04
2.459561913657188416e+04
2.460467589545249939e+04
2.461368471670150757e+04
2.462278593921661377e+04
2.463179431200027466e+04
2.464091147947311401e+04
2.464992377495765686e+04
2.465901464796066284e+04
2.466800312614440918e+04
2.467712107443809509e+04
2.468613589048385620e+04
2.469522088861465454e+04
2.470424282383918762e+04
2.471325166344642639e+04
2.472226053380966187e+04
2.473138063073158264e+04
2.474038866209983826e+04
2.474938502526283264e+04
2.475837767100334167e+04
2.476735471630096436e+04
2.477640255260467529e+04
2.478538499879837036e+04
2.479440986490249634e+04
2.480339136838912964e+04
2.481244429683685303e+04
2.482145891571044922e+04
2.483047122430801392e+04
2.483949084258079529e+04
2.484858721375465393e+04
2.485756229376792908e+04
2.486665977573394775e+04
2.487567806816101074e+04
2.488465587639808655e+04
2.489365689110755920e+04
2.490265651631355286e+04
2.491170139622688293e+04
2.492071106505393982e+04
2.492973367571830750e+04
2.493879184055328369e+04
2.494781570410728455e+04
2.495680488991737366e+04
2.496581837010383606e+04
2.497490379190444946e+04
2.498396390080451965e+04
2.499307741189002991e+04
2.500211744379997253e+04
2.501129962563514709e+04
2.502032269954681396e+04
2.502941787433624268e+04
2.503844224858283997e+04
2.504746306562423706e+04
2.505649921083450317e+04
2.506552438545227051e+04
2.507455985236167908e+04
2.508367861700057983e+04
2.509271641564369202e+04
2.510182485508918762e+04
2.511092042493820190e+04
2.512002084088325500e+04
2.512916372871398926e+04
2.513825179386138916e+04
2.514733379769325256e+04
2.515637628436088562e+04
2.516543753719329834e+04
2.517455621290206909e+04
2.518358632516860962e+04
2.519264113306999207e+04
2.520167087912559509e+04
2.521071453332901001e+04
2.521977858281135559e+04
2.522877202820777893e+04
2.523776925158500671e+04
2.524682422542572021e+04
2.525588124489784241e+04
2.526490063071250916e+04
2.527393008685112000e+04
2.528296994638442993e+04
2.529198453450202942e+04
2.530099854612350464e+04
2.531002707982063293e+04
2.531908995056152344e+04
2.532821252083778381e+04
2.533724175572395325e+04
2.534627772045135498e+04
2.535538827419281006e+04
2.536446711826324463e+04
2.537358555674552917e+04
2.538262464380264282e+04
2.539171856760978699e+04
2.540077760219573975e+04
2.540983388137817383e+04
2.541890589094161987e+04
2.542798387527465820e+04
2.543700686311721802e+04
2.544604869246482849e+04
2.545508440589904785e+04
2.546423077344894409e+04
2.547329806375503540e+04
2.548235665249824524e+04
2.549148955416679382e+04
2.550054262161254883e+04
2.550961113786697388e+04
2.551869462323188782e+04
2.552785742974281311e+04
2.553693692183494568e+04
2.554595543336868286e+04
2.555501518535614014e+04
2.556405987501144409e+04
2.557316348814964294e+04
2.558221396040916443e+04
2.559131053018569946e+04
2.560033870220184326e+04
2.560943457388877869e+04
2.561851416683197021e+04
2.562763622951507568e+04
2.563665100789070129e+04
2.564568322134017944e+04
2.565473430609703064e+04
2.566381010413169861e+04
2.567291832756996155e+04
2.568198567199707031e+04
2.569114457440376282e+04
2.570022571969032288e+04
2.570933388400077820e+04
2.571842248439788818e+04
2.572769427967071533e+04
2.573677853012084961e+04
2.574589720439910889e+04
2.575494974875450134e+04
2.576407434010505676e+04
2.577314086675643921e+04
2.578226175284385681e+04
2.579132663488388062e+04
2.580040776491165161e+04
2.580946511054039001e+04
2.581849879932403564e+04
2.582769287276268005e+04
2.583676916074752808e+04
2.584586642169952393e+04
2.585489432263374329e+04
2.586393968033790588e+04
2.587317381501197815e+04
2.588229664564132690e+04
2.589148061537742615e+04
2.590061054968833923e+04
2.590973892760276794e+04
2.591889153099060059e+04
2.592798631691932678e+04
2.593702663207054138e+04
2.594615899538993835e+04
2.595529204821586609e+04
2.596444742083549500e+04
2.597357223367691040e+04
2.598266402935981750e+04
2.599178008317947388e+04
2.600098951196670532e+04
2.601005976057052612e+04
2.601914539623260498e+04
2.602839210462570190e+04
2.603746615529060364e+04
2.604653726410865784e+04
2.605565116786956787e+04
2.606482498478889465e+04
2.607415829491615295e+04
2.608335667681694031e+04
2.609250642108917236e+04
2.610165056920051575e+04
2.611072873401641846e+04
2.611979248785972595e+04
2.612888089418411255e+04
2.613797457695007324e+04
2.614703404808044434e+04
2.615609582948684692e+04
2.616518005204200745e+04
2.617421778655052185e+04
2.618327068567276001e+04
2.619247455239295959e+04
2.620154642009735107e+04
2.621068991613388062e+04
2.621977097845077515e+04
2.622881245803833008e+04
2.623787621140480042e+04
