2.195121906697750092e-02
1.707316935062408447e-02
1.707316935062408447e-02
1.463414635509252548e-02
2.439024299383163452e-02
1.219512149691581726e-02
1.707317121326923370e-02
7.317073177546262741e-03
2.439024299383163452e-02
1.219512149691581726e-02
1.463414542376995087e-02
1.707317121326923370e-02
9.756097570061683655e-03
1.463414542376995087e-02
1.463414635509252548e-02
1.707317121326923370e-02
1.707316935062408447e-02
1.219512149691581726e-02
1.219512149691581726e-02
2.195121906697750092e-02
1.707316935062408447e-02
1.219512149691581726e-02
1.219512149691581726e-02
2.439024299383163452e-02
1.707317121326923370e-02
7.317073177546262741e-03
1.707316935062408447e-02
2.439024299383163452e-02
2.439024299383163452e-02
4.878048785030841827e-03
1.219512149691581726e-02
2.439024299383163452e-02
1.219512149691581726e-02
2.195121720433235168e-02
1.707316935062408447e-02
1.463414542376995087e-02
2.195121906697750092e-02
2.439024299383163452e-02
2.195121906697750092e-02
1.707316935062408447e-02
2.195121720433235168e-02
1.707316935062408447e-02
1.463414635509252548e-02
2.195121906697750092e-02
1.219512149691581726e-02
1.951219327747821808e-02
1.463414542376995087e-02
1.951219327747821808e-02
2.439024299383163452e-02
2.195121906697750092e-02
1.219512149691581726e-02
2.682926692068576813e-02
3.414634242653846741e-02
2.439024299383163452e-02
1.707316935062408447e-02
2.439024299383163452e-02
1.707316935062408447e-02
9.756097570061683655e-03
2.195121906697750092e-02
1.707317121326923370e-02
1.707316935062408447e-02
1.463414542376995087e-02
9.756097570061683655e-03
1.219512149691581726e-02
2.439024113118648529e-02
1.463414542376995087e-02
1.951219514012336731e-02
1.463414542376995087e-02
1.951219327747821808e-02
2.195121720433235168e-02
1.707316935062408447e-02
9.756097570061683655e-03
2.439024485647678375e-02
1.219512149691581726e-02
2.439024113118648529e-02
2.682926878333091736e-02
9.756097570061683655e-03
4.878048785030841827e-03
1.463414542376995087e-02
1.707316935062408447e-02
1.951219327747821808e-02
2.926828898489475250e-02
2.195121906697750092e-02
3.658536821603775024e-02
1.951219514012336731e-02
1.951219514012336731e-02
1.707316935062408447e-02
2.195121720433235168e-02
1.951219514012336731e-02
1.951219514012336731e-02
2.439024299383163452e-02
3.170731663703918457e-02
9.756097570061683655e-03
2.439024113118648529e-02
1.707316935062408447e-02
1.463414542376995087e-02
3.658536821603775024e-02
1.951219327747821808e-02
2.195121906697750092e-02
2.439024113118648529e-02
3.170731663703918457e-02
3.414633870124816895e-02
2.439024299383163452e-02
3.902439028024673462e-02
1.951219327747821808e-02
2.195121720433235168e-02
2.926829084753990173e-02
3.658536449074745178e-02
2.439024299383163452e-02
5.121951550245285034e-02
4.634146392345428467e-02
5.609756335616111755e-02
4.634146392345428467e-02
3.902439028024673462e-02
3.414634242653846741e-02
5.609756708145141602e-02
4.634146764874458313e-02
5.365853756666183472e-02
5.365853384137153625e-02
6.829268485307693481e-02
3.658536821603775024e-02
5.609756335616111755e-02
5.365853756666183472e-02
6.097560748457908630e-02
6.585365533828735352e-02
6.341463327407836914e-02
5.609755963087081909e-02
4.390244558453559875e-02
6.341463327407836914e-02
7.560975104570388794e-02
7.317073643207550049e-02
6.829268485307693481e-02
8.292682468891143799e-02
7.560975849628448486e-02
9.756097197532653809e-02
9.268292039632797241e-02
8.048781007528305054e-02
9.756097197532653809e-02
9.024390578269958496e-02
7.804877310991287231e-02
1.000000089406967163e-01
1.170731633901596069e-01
7.804878056049346924e-02
1.024390235543251038e-01
1.073170751333236694e-01
8.536584675312042236e-02
9.512194991111755371e-02
1.121951192617416382e-01
1.097560897469520569e-01
1.219512149691581726e-01
1.365853548049926758e-01
1.195122003555297852e-01
1.292682886123657227e-01
1.317073106765747070e-01
1.195121854543685913e-01
1.292682886123657227e-01
1.439024358987808228e-01
1.439024358987808228e-01
1.243902444839477539e-01
1.219512224197387695e-01
1.390244066715240479e-01
1.439024358987808228e-01
1.609756350517272949e-01
1.292682886123657227e-01
1.390243768692016602e-01
1.170731782913208008e-01
1.317073106765747070e-01
1.390243917703628540e-01
1.439024358987808228e-01
1.512195169925689697e-01
1.634146422147750854e-01
1.756097376346588135e-01
1.634146273136138916e-01
1.585365980863571167e-01
1.756097674369812012e-01
1.878048777580261230e-01
1.853658556938171387e-01
1.926829367876052856e-01
1.902439147233963013e-01
1.853658407926559448e-01
2.024390250444412231e-01
2.000000029802322388e-01
1.731707304716110229e-01
1.634146273136138916e-01
1.951219588518142700e-01
2.048780322074890137e-01
1.926829218864440918e-01
2.146341353654861450e-01
2.000000178813934326e-01
2.121951133012771606e-01
1.829268485307693481e-01
1.951219439506530762e-01
2.048780471086502075e-01
1.975609809160232544e-01
2.243902534246444702e-01
2.341463267803192139e-01
1.780487746000289917e-01
2.414634227752685547e-01
2.341463416814804077e-01
2.146341502666473389e-01
