2.195121720433235168e-02
1.707316935062408447e-02
2.195121906697750092e-02
1.707316935062408447e-02
1.463414542376995087e-02
1.219512149691581726e-02
1.463414635509252548e-02
2.439024299383163452e-02
1.951219514012336731e-02
1.463414635509252548e-02
1.219512149691581726e-02
9.756097570061683655e-03
3.170732036232948303e-02
1.463414635509252548e-02
2.926829084753990173e-02
1.463414635509252548e-02
1.463414542376995087e-02
1.707316935062408447e-02
1.463414542376995087e-02
1.463414542376995087e-02
9.756097570061683655e-03
1.951219327747821808e-02
1.707316935062408447e-02
2.195121906697750092e-02
1.707316935062408447e-02
9.756097570061683655e-03
1.707316935062408447e-02
9.756097570061683655e-03
1.951219514012336731e-02
1.951219327747821808e-02
1.707316935062408447e-02
1.219512149691581726e-02
1.707316935062408447e-02
3.170731663703918457e-02
9.756097570061683655e-03
1.707316935062408447e-02
1.951219514012336731e-02
1.219512149691581726e-02
0.000000000000000000e+00
2.195121906697750092e-02
9.756097570061683655e-03
1.463414542376995087e-02
4.878048785030841827e-03
9.756097570061683655e-03
1.951219514012336731e-02
1.463414635509252548e-02
1.463414542376995087e-02
9.756097570061683655e-03
1.707317121326923370e-02
7.317073177546262741e-03
1.951219327747821808e-02
2.195121720433235168e-02
2.195122092962265015e-02
1.219512149691581726e-02
1.463414542376995087e-02
4.878048785030841827e-03
1.463414635509252548e-02
1.951219327747821808e-02
1.951219514012336731e-02
1.463414542376995087e-02
2.682926692068576813e-02
1.219512149691581726e-02
1.951219327747821808e-02
3.170731663703918457e-02
2.195121906697750092e-02
2.195121720433235168e-02
1.951219327747821808e-02
1.707316935062408447e-02
2.439024299383163452e-02
2.195121906697750092e-02
2.439024299383163452e-02
1.951219514012336731e-02
1.707317121326923370e-02
2.682926878333091736e-02
2.926829084753990173e-02
1.463414635509252548e-02
3.414634242653846741e-02
1.707316935062408447e-02
2.195121906697750092e-02
1.463414542376995087e-02
1.707317121326923370e-02
2.195121906697750092e-02
1.463414542376995087e-02
2.195121720433235168e-02
1.707317121326923370e-02
2.682926878333091736e-02
2.439024299383163452e-02
1.951219514012336731e-02
1.707316935062408447e-02
1.951219514012336731e-02
2.439024113118648529e-02
1.219512149691581726e-02
2.682926692068576813e-02
1.463414635509252548e-02
2.682926692068576813e-02
1.219512149691581726e-02
2.682926692068576813e-02
7.317073177546262741e-03
2.195121906697750092e-02
2.195121906697750092e-02
1.951219514012336731e-02
2.682926878333091736e-02
1.951219327747821808e-02
2.195121720433235168e-02
1.951219514012336731e-02
2.439024299383163452e-02
2.195121906697750092e-02
2.926829084753990173e-02
2.682926692068576813e-02
2.682926692068576813e-02
3.414634242653846741e-02
2.439024113118648529e-02
4.390244185924530029e-02
1.463414542376995087e-02
4.390244185924530029e-02
2.439024485647678375e-02
5.121951550245285034e-02
4.878048598766326904e-02
2.926829084753990173e-02
3.414634242653846741e-02
2.926829271018505096e-02
3.658536449074745178e-02
3.170731663703918457e-02
2.439024299383163452e-02
2.682926692068576813e-02
2.682926692068576813e-02
3.414634242653846741e-02
3.414634242653846741e-02
4.390244185924530029e-02
2.682926692068576813e-02
4.878048598766326904e-02
5.609756335616111755e-02
4.634146392345428467e-02
6.097560748457908630e-02
3.414633870124816895e-02
5.609756708145141602e-02
5.121951550245285034e-02
4.390244185924530029e-02
4.390244185924530029e-02
4.634146392345428467e-02
4.634146392345428467e-02
6.585365533828735352e-02
6.829268485307693481e-02
7.317072898149490356e-02
4.878048971295356750e-02
7.804877310991287231e-02
5.365853756666183472e-02
6.585365533828735352e-02
5.365853384137153625e-02
5.609756335616111755e-02
5.609756335616111755e-02
4.878048971295356750e-02
5.121951550245285034e-02
5.609756335616111755e-02
7.317072898149490356e-02
7.804878056049346924e-02
7.317072898149490356e-02
8.292683959007263184e-02
5.609756335616111755e-02
5.121951177716255188e-02
6.097561120986938477e-02
6.585365533828735352e-02
8.048780262470245361e-02
7.560975104570388794e-02
8.048780262470245361e-02
8.536584675312042236e-02
9.756097197532653809e-02
7.317072898149490356e-02
9.512194991111755371e-02
9.024389833211898804e-02
1.097560971975326538e-01
8.536586165428161621e-02
8.292682468891143799e-02
9.999999403953552246e-02
1.170731708407402039e-01
1.146341487765312195e-01
1.268292665481567383e-01
1.048780381679534912e-01
1.146341413259506226e-01
1.146341487765312195e-01
1.268292665481567383e-01
9.268292784690856934e-02
1.365853548049926758e-01
1.536585390567779541e-01
1.170731782913208008e-01
1.219512224197387695e-01
1.414634138345718384e-01
1.634146273136138916e-01
1.414633989334106445e-01
1.146341413259506226e-01
1.512195169925689697e-01
1.414633989334106445e-01
1.341463327407836914e-01
1.682926714420318604e-01
1.463414579629898071e-01
1.634146273136138916e-01
1.512195020914077759e-01
1.780487895011901855e-01
1.829268038272857666e-01
1.609756052494049072e-01
