1.463414542376995087e-02
2.682926878333091736e-02
1.219512149691581726e-02
1.463414635509252548e-02
7.317073177546262741e-03
2.926829084753990173e-02
7.317073177546262741e-03
1.463414542376995087e-02
1.707317121326923370e-02
1.951219514012336731e-02
2.682926878333091736e-02
1.219512149691581726e-02
2.439024113118648529e-02
1.707317121326923370e-02
1.951219514012336731e-02
1.219512149691581726e-02
2.195121906697750092e-02
1.707317121326923370e-02
1.951219514012336731e-02
1.219512149691581726e-02
1.219512149691581726e-02
4.878048785030841827e-03
1.463414635509252548e-02
4.878048785030841827e-03
1.463414635509252548e-02
2.439024485647678375e-02
2.195121906697750092e-02
1.463414635509252548e-02
1.707316935062408447e-02
1.219512149691581726e-02
2.195121720433235168e-02
2.195121906697750092e-02
1.463414542376995087e-02
1.951219327747821808e-02
9.756097570061683655e-03
1.219512149691581726e-02
1.951219327747821808e-02
1.707317121326923370e-02
1.463414635509252548e-02
1.463414542376995087e-02
2.439024299383163452e-02
1.951219514012336731e-02
4.878048785030841827e-03
9.756097570061683655e-03
1.219512149691581726e-02
1.219512149691581726e-02
1.707316935062408447e-02
1.463414542376995087e-02
1.219512149691581726e-02
1.707317121326923370e-02
2.439024299383163452e-02
2.195121906697750092e-02
1.463414635509252548e-02
2.439024299383163452e-02
2.195121906697750092e-02
2.439024299383163452e-02
2.682926878333091736e-02
1.951219514012336731e-02
2.439024299383163452e-02
2.926829084753990173e-02
1.951219327747821808e-02
1.707317121326923370e-02
2.682926692068576813e-02
1.463414635509252548e-02
2.439024299383163452e-02
1.707317121326923370e-02
1.463414542376995087e-02
1.219512149691581726e-02
1.219512149691581726e-02
3.902439028024673462e-02
2.439024299383163452e-02
1.707316935062408447e-02
2.195121906697750092e-02
1.707317121326923370e-02
2.195121720433235168e-02
2.926829084753990173e-02
2.682926878333091736e-02
2.682926878333091736e-02
2.682926692068576813e-02
1.951219327747821808e-02
2.195121720433235168e-02
3.170731663703918457e-02
3.658536821603775024e-02
3.902439028024673462e-02
2.195121720433235168e-02
3.902438655495643616e-02
1.951219514012336731e-02
4.390244185924530029e-02
3.414633870124816895e-02
3.170731663703918457e-02
4.634146764874458313e-02
2.682926692068576813e-02
4.634146392345428467e-02
2.926829084753990173e-02
3.414634242653846741e-02
2.926829084753990173e-02
3.414633870124816895e-02
4.146341606974601746e-02
4.390243813395500183e-02
4.390243813395500183e-02
3.658536449074745178e-02
2.926829271018505096e-02
5.365853756666183472e-02
5.365853384137153625e-02
5.365853756666183472e-02
4.878048598766326904e-02
4.634146392345428467e-02
3.902439028024673462e-02
4.146341606974601746e-02
4.634146392345428467e-02
4.634146392345428467e-02
4.146341606974601746e-02
4.146341234445571899e-02
4.634146392345428467e-02
5.121951177716255188e-02
4.634146392345428467e-02
6.341463327407836914e-02
6.829268485307693481e-02
6.829267740249633789e-02
5.609755963087081909e-02
5.609755963087081909e-02
5.853658914566040039e-02
7.073170691728591919e-02
6.341463327407836914e-02
6.341463327407836914e-02
6.585365533828735352e-02
6.829268485307693481e-02
6.341463327407836914e-02
8.536585420370101929e-02
6.097561120986938477e-02
8.292682468891143799e-02
8.780488371849060059e-02
6.585365533828735352e-02
6.829268485307693481e-02
7.073170691728591919e-02
6.829268485307693481e-02
6.097561866044998169e-02
7.317072898149490356e-02
9.268292784690856934e-02
6.585366278886795044e-02
7.804878056049346924e-02
8.536585420370101929e-02
7.317073643207550049e-02
8.048780262470245361e-02
1.000000014901161194e-01
1.097560971975326538e-01
8.292682468891143799e-02
9.512194991111755371e-02
9.268292784690856934e-02
9.756097197532653809e-02
9.756097197532653809e-02
8.048780262470245361e-02
1.195122003555297852e-01
7.804878056049346924e-02
1.073170751333236694e-01
9.512194991111755371e-02
8.780487626791000366e-02
8.536584675312042236e-02
8.292683213949203491e-02
1.195121854543685913e-01
1.170731708407402039e-01
1.292683035135269165e-01
1.146341562271118164e-01
1.121951267123222351e-01
9.268292784690856934e-02
1.341463327407836914e-01
1.073170676827430725e-01
1.341463327407836914e-01
1.390243917703628540e-01
1.341463327407836914e-01
1.365853697061538696e-01
1.243902444839477539e-01
1.268292665481567383e-01
1.268292665481567383e-01
1.268292665481567383e-01
1.658536493778228760e-01
1.195121929049491882e-01
1.487804949283599854e-01
1.390243917703628540e-01
1.463414579629898071e-01
1.439024358987808228e-01
1.634146273136138916e-01
1.682926714420318604e-01
1.536585390567779541e-01
1.317073106765747070e-01
1.707316935062408447e-01
1.439024507999420166e-01
1.682926863431930542e-01
1.609756052494049072e-01
1.682926863431930542e-01
1.756097674369812012e-01
1.609756052494049072e-01
1.585365831851959229e-01
1.829268187284469604e-01
1.634146273136138916e-01
1.609756052494049072e-01
1.780487596988677979e-01
1.634146422147750854e-01
1.634146273136138916e-01
1.512195169925689697e-01
