2.611208200454711914e+00
3.099555969238281250e+00
3.457810163497924805e+00
3.804056406021118164e+00
4.144298315048217773e+00
4.485540866851806641e+00
4.908842802047729492e+00
5.293235301971435547e+00
6.043199300765991211e+00
6.515536308288574219e+00
6.872788429260253906e+00
7.218034267425537109e+00
7.559276342391967773e+00
7.899518728256225586e+00
8.240761518478393555e+00
8.588007688522338867e+00
8.927249431610107422e+00
9.266490697860717773e+00
9.608733654022216797e+00
9.955981016159057617e+00
1.030723071098327637e+01
1.065347599983215332e+01
1.099772167205810547e+01
1.134697008132934570e+01
1.169321632385253906e+01
1.204146456718444824e+01
1.239271402359008789e+01
1.274096131324768066e+01
1.309106898307800293e+01
1.344527602195739746e+01
1.380612969398498535e+01
1.422769188880920410e+01
1.457899308204650879e+01
1.493321752548217773e+01
1.528305006027221680e+01
1.562941956520080566e+01
1.598267030715942383e+01
1.632828044891357422e+01
1.669454121589660645e+01
1.704387736320495605e+01
1.739212536811828613e+01
1.774552750587463379e+01
1.811469364166259766e+01
1.849626588821411133e+01
1.883950972557067871e+01
1.919075965881347656e+01
1.954501175880432129e+01
1.990326666831970215e+01
2.025841665267944336e+01
2.060166144371032715e+01
2.094690608978271484e+01
2.129715538024902344e+01
2.165967392921447754e+01
2.202339243888854980e+01
2.238100981712341309e+01
2.273326158523559570e+01
2.312754034996032715e+01
2.352854371070861816e+01
2.391982245445251465e+01
2.428764581680297852e+01
2.464790177345275879e+01
2.503517651557922363e+01
2.540342402458190918e+01
2.594859576225280762e+01
2.631350231170654297e+01
2.668999147415161133e+01
2.706315803527832031e+01
2.743542218208312988e+01
2.780079817771911621e+01
2.815535473823547363e+01
2.851135921478271484e+01
2.886761164665222168e+01
2.923195290565490723e+01
2.958725714683532715e+01
2.995051622390747070e+01
3.030617380142211914e+01
3.066042542457580566e+01
3.101467823982238770e+01
3.137093019485473633e+01
3.173518919944763184e+01
3.208744025230407715e+01
3.244769620895385742e+01
3.280695199966430664e+01
3.316620683670043945e+01
3.352446174621582031e+01
3.388071513175964355e+01
3.423496747016906738e+01
3.458921861648559570e+01
3.494647359848022461e+01
3.530572843551635742e+01
3.566998863220214844e+01
3.603424644470214844e+01
3.639450335502624512e+01
3.675907635688781738e+01
3.712033271789550781e+01
3.748559379577636719e+01
3.784785079956054688e+01
3.821311020851135254e+01
3.857436728477478027e+01
3.893862605094909668e+01
3.930388617515563965e+01
3.967514991760253906e+01
4.004341149330139160e+01
4.040967249870300293e+01
4.077092933654785156e+01
4.113018393516540527e+01
4.148943948745727539e+01
4.184669399261474609e+01
4.221695852279663086e+01
4.258521914482116699e+01
4.295448350906372070e+01
4.332174253463745117e+01
4.368531203269958496e+01
4.404656791687011719e+01
4.441671442985534668e+01
4.477797222137451172e+01
4.513922977447509766e+01
4.550648975372314453e+01
4.587376523017883301e+01
4.623957943916320801e+01
4.661384510993957520e+01
4.699011301994323730e+01
4.737012982368469238e+01
4.774239492416381836e+01
4.810865497589111328e+01
4.848692345619201660e+01
4.885518598556518555e+01
4.922144651412963867e+01
4.959871435165405273e+01
4.999356293678283691e+01
5.053820538520812988e+01
5.092018532752990723e+01
5.129700255393981934e+01
5.168981122970581055e+01
5.206507730484008789e+01
5.243834280967712402e+01
5.282571196556091309e+01
5.327097725868225098e+01
5.366504311561584473e+01
5.425344681739807129e+01
5.466473960876464844e+01
5.504200720787048340e+01
5.545642471313476562e+01
5.582965207099914551e+01
5.620892214775085449e+01
5.658816528320312500e+01
5.701072812080383301e+01
5.740200209617614746e+01
5.778137755393981934e+01
5.822480559349060059e+01
5.861308145523071289e+01
5.900736188888549805e+01
5.939563775062561035e+01
5.977991223335266113e+01
6.022617316246032715e+01
6.061284470558166504e+01
6.107487320899963379e+01
6.150331711769104004e+01
6.189059185981750488e+01
6.226385712623596191e+01
6.264112806320190430e+01
6.302239727973937988e+01
6.340995740890502930e+01
6.378122138977050781e+01
6.415248537063598633e+01
6.452975368499755859e+01
6.490201830863952637e+01
6.527540159225463867e+01
6.565068817138671875e+01
6.603796434402465820e+01
6.642323708534240723e+01
6.681951951980590820e+01
6.719657969474792480e+01
6.759086036682128906e+01
6.801937723159790039e+01
6.839764595031738281e+01
6.879606699943542480e+01
6.918787503242492676e+01
6.959279799461364746e+01
6.999441385269165039e+01
7.044573497772216797e+01
7.086303091049194336e+01
7.125953578948974609e+01
7.165381503105163574e+01
7.205209851264953613e+01
7.244637846946716309e+01
7.282364678382873535e+01
7.320491838455200195e+01
7.358318758010864258e+01
7.396045541763305664e+01
7.433872437477111816e+01
7.471899437904357910e+01
7.510742282867431641e+01
7.549464869499206543e+01
7.587691998481750488e+01
7.626019263267517090e+01
7.665247130393981934e+01
7.704875397682189941e+01
7.743102502822875977e+01
7.782330393791198730e+01
