5.462918281555175781e-01
1.017785310745239258e+00
1.475563764572143555e+00
1.938302516937255859e+00
2.401632308959960938e+00
2.857810974121093750e+00
3.345550537109375000e+00
3.808881282806396484e+00
4.303232669830322266e+00
4.777972221374511719e+00
5.259314537048339844e+00
5.756668090820312500e+00
6.224209070205688477e+00
6.720112323760986328e+00
7.179502010345458984e+00
7.647834777832031250e+00
8.121219396591186523e+00
8.588551521301269531e+00
9.095912218093872070e+00
9.595268011093139648e+00
1.008061242103576660e+01
1.059640812873840332e+01
1.106220269203186035e+01
1.154954910278320312e+01
1.202218604087829590e+01
1.252254247665405273e+01
1.297986698150634766e+01
1.347822213172912598e+01
1.396756958961486816e+01
1.449215030670166016e+01
1.496148324012756348e+01
1.544357466697692871e+01
1.592974376678466797e+01
1.639465260505676270e+01
1.687466907501220703e+01
1.735890340805053711e+01
1.782861685752868652e+01
1.834106040000915527e+01
1.881039381027221680e+01
1.936377048492431641e+01
1.995218849182128906e+01
2.045354509353637695e+01
2.091787457466125488e+01
2.140921044349670410e+01
2.187053871154785156e+01
2.236989450454711914e+01
2.286024236679077148e+01
2.337460803985595703e+01
2.387196183204650879e+01
2.437175059318542480e+01
2.488110947608947754e+01
2.535741925239562988e+01
2.583244180679321289e+01
2.632479190826416016e+01
2.679312491416931152e+01
2.728347325325012207e+01
2.777982616424560547e+01
2.826016783714294434e+01
2.873250412940979004e+01
2.921184420585632324e+01
2.969518828392028809e+01
3.022656607627868652e+01
3.073292636871337891e+01
3.121426796913146973e+01
3.172597336769104004e+01
3.220431232452392578e+01
3.272168087959289551e+01
3.323404479026794434e+01
3.373740291595458984e+01
3.424539136886596680e+01
3.472273039817810059e+01
3.523409342765808105e+01
3.571143412590026855e+01
3.619890928268432617e+01
3.669040298461914062e+01
3.717622303962707520e+01
3.766683506965637207e+01
3.815017914772033691e+01
3.865182185173034668e+01
3.913854789733886719e+01
3.963750934600830078e+01
4.011487007141113281e+01
4.059777617454528809e+01
4.108612322807312012e+01
4.156546449661254883e+01
4.208640909194946289e+01
4.257689380645751953e+01
4.304826855659484863e+01
4.354151105880737305e+01
4.402285313606262207e+01
4.451995229721069336e+01
4.500989103317260742e+01
4.550672411918640137e+01
4.599206924438476562e+01
4.647441244125366211e+01
4.695575499534606934e+01
4.746011376380920410e+01
4.793144798278808594e+01
4.842279815673828125e+01
4.890013694763183594e+01
4.940649724006652832e+01
4.989484429359436035e+01
5.038419222831726074e+01
5.087954449653625488e+01
5.139290952682495117e+01
5.187225031852722168e+01
5.236494922637939453e+01
5.286331081390380859e+01
5.336318874359130859e+01
5.385034680366516113e+01
5.436769556999206543e+01
5.485836935043334961e+01
5.535659813880920410e+01
5.584694743156433105e+01
5.640234208106994629e+01
5.689069056510925293e+01
5.738704228401184082e+01
5.786538267135620117e+01
5.838675332069396973e+01
5.887411665916442871e+01
5.937457227706909180e+01
5.986592245101928711e+01
6.038287234306335449e+01
6.086221289634704590e+01
6.137457752227783203e+01
6.186551308631896973e+01
6.236471223831176758e+01
6.285918474197387695e+01
6.336179733276367188e+01
6.386419677734375000e+01
6.437656188011169434e+01
6.487291383743286133e+01
6.538928127288818359e+01
6.587937307357788086e+01
6.638879728317260742e+01
6.688614964485168457e+01
6.738449859619140625e+01
6.787660193443298340e+01
6.836695122718811035e+01
6.889092254638671875e+01
6.939728283882141113e+01
6.989512085914611816e+01
7.039647746086120605e+01
7.089479231834411621e+01
7.141299104690551758e+01
7.191816997528076172e+01
7.242453122138977051e+01
7.292668151855468750e+01
7.342471909523010254e+01
7.392147970199584961e+01
7.441924643516540527e+01
7.492651772499084473e+01
7.543688011169433594e+01
7.597726440429687500e+01
7.647261643409729004e+01
7.698998427391052246e+01
7.748080348968505859e+01
7.799717044830322266e+01
7.850353026390075684e+01
7.906693172454833984e+01
7.960331177711486816e+01
8.017471837997436523e+01
8.078615403175354004e+01
8.140756249427795410e+01
8.192973446846008301e+01
8.246211338043212891e+01
8.299349069595336914e+01
8.351838731765747070e+01
8.401973152160644531e+01
8.453085041046142578e+01
8.503079414367675781e+01
8.556546378135681152e+01
8.609120774269104004e+01
8.659757590293884277e+01
8.710994815826416016e+01
8.761624526977539062e+01
8.812945652008056641e+01
8.864643287658691406e+01
8.917283678054809570e+01
8.967720079421997070e+01
9.017655611038208008e+01
9.067591214179992676e+01
9.117326521873474121e+01
9.169663715362548828e+01
9.223698234558105469e+01
9.274578809738159180e+01
9.326816058158874512e+01
9.379053092002868652e+01
9.430095434188842773e+01
9.482332587242126465e+01
9.541804695129394531e+01
9.592640900611877441e+01
9.649080967903137207e+01
9.702118659019470215e+01
9.754634666442871094e+01
9.813050937652587891e+01
9.870391821861267090e+01
9.925230693817138672e+01
9.978468561172485352e+01
1.003160629272460938e+02
