5.551447391510009766e+00
1.026277232170104980e+01
1.493135023117065430e+01
1.974211549758911133e+01
2.471709728240966797e+01
2.965977263450622559e+01
3.444763541221618652e+01
3.922000098228454590e+01
4.407148146629333496e+01
4.888487529754638672e+01
5.388610482215881348e+01
5.873758935928344727e+01
6.369324851036071777e+01
6.851544165611267090e+01
7.344445061683654785e+01
7.833829927444458008e+01
8.313072705268859863e+01
8.797355127334594727e+01
9.273253417015075684e+01
9.778583550453186035e+01
1.026864755153656006e+02
1.075592219829559326e+02
1.123395495414733887e+02
1.173017108440399170e+02
1.223869984149932861e+02
1.272028203010559082e+02
1.321586871147155762e+02
1.368984785079956055e+02
1.416639845371246338e+02
1.464499738216400146e+02
1.512587096691131592e+02
1.561153547763824463e+02
1.610437674522399902e+02
1.658528823852539062e+02
1.706682507991790771e+02
1.756292738914489746e+02
1.805377225875854492e+02
1.853648889064788818e+02
1.901426365375518799e+02
1.949699378013610840e+02
1.999017105102539062e+02
2.047547862529754639e+02
2.096083712577819824e+02
2.144943974018096924e+02
2.193202574253082275e+02
2.244761657714843750e+02
2.292306430339813232e+02
2.341555025577545166e+02
2.388752691745758057e+02
2.439075090885162354e+02
2.487113003730773926e+02
2.535443820953369141e+02
2.585222370624542236e+02
2.633366312980651855e+02
2.681822798252105713e+02
2.729777252674102783e+02
2.778136031627655029e+02
2.826238443851470947e+02
2.873737094402313232e+02
2.923047242164611816e+02
2.971533806324005127e+02
3.020326066017150879e+02
3.068175423145294189e+02
3.116551468372344971e+02
3.165404839515686035e+02
3.213787102699279785e+02
3.262487299442291260e+02
3.311168560981750488e+02
3.358226830959320068e+02
3.406383883953094482e+02
3.454231259822845459e+02
3.502135155200958252e+02
3.554528906345367432e+02
3.603434486389160156e+02
3.650466365814208984e+02
3.698966312408447266e+02
3.747693967819213867e+02
3.795061850547790527e+02
3.841913714408874512e+02
3.888972494602203369e+02
3.938734860420227051e+02
3.988363449573516846e+02
4.035780477523803711e+02
4.084762806892395020e+02
4.134552233219146729e+02
4.182780017852783203e+02
4.229318997859954834e+02
4.278156020641326904e+02
4.326061651706695557e+02
4.374579038619995117e+02
4.421627843379974365e+02
4.469558105468750000e+02
4.516876466274261475e+02
4.563829782009124756e+02
4.611487939357757568e+02
4.658639810085296631e+02
4.708411602973937988e+02
4.761991569995880127e+02
4.809148657321929932e+02
4.857095637321472168e+02
4.905565176010131836e+02
4.955830457210540771e+02
5.004426321983337402e+02
5.052218992710113525e+02
5.099266088008880615e+02
5.146738693714141846e+02
5.193059604167938232e+02
5.241108822822570801e+02
5.287590365409851074e+02
5.334603650569915771e+02
5.381420800685882568e+02
5.437373611927032471e+02
5.484199419021606445e+02
5.530923495292663574e+02
5.577476339340209961e+02
5.624080650806427002e+02
5.670756120681762695e+02
5.724402341842651367e+02
5.770258131027221680e+02
5.816938860416412354e+02
5.863234276771545410e+02
5.910151183605194092e+02
5.956154778003692627e+02
6.002435867786407471e+02
6.049331810474395752e+02
6.096630399227142334e+02
6.142537331581115723e+02
6.188940474987030029e+02
6.235747249126434326e+02
6.282468938827514648e+02
6.328539855480194092e+02
6.375076026916503906e+02
6.422413074970245361e+02
6.468808529376983643e+02
6.514994251728057861e+02
6.562920045852661133e+02
6.609353711605072021e+02
6.656229553222656250e+02
6.703817720413208008e+02
6.749424788951873779e+02
6.795935640335083008e+02
6.842071571350097656e+02
6.887327880859375000e+02
6.933444747924804688e+02
6.981162555217742920e+02
7.028149473667144775e+02
7.074497766494750977e+02
7.121037058830261230e+02
7.167523326873779297e+02
7.213936791419982910e+02
7.260361652374267578e+02
7.307297453880310059e+02
7.356205401420593262e+02
7.403378925323486328e+02
7.451628699302673340e+02
7.500327074527740479e+02
7.548894264698028564e+02
7.595711166858673096e+02
7.641530818939208984e+02
7.687405111789703369e+02
7.736204478740692139e+02
7.782927300930023193e+02
7.830316770076751709e+02
7.875547270774841309e+02
7.920874867439270020e+02
7.966150457859039307e+02
8.012110650539398193e+02
8.058723886013031006e+02
8.104982681274414062e+02
8.151526358127593994e+02
8.197402887344360352e+02
8.243536264896392822e+02
8.289462425708770752e+02
8.337138996124267578e+02
8.384672698974609375e+02
8.428552942276000977e+02
8.468409218788146973e+02
8.507314364910125732e+02
8.545747051239013672e+02
8.589656689167022705e+02
8.634145889282226562e+02
8.676687324047088623e+02
8.715861542224884033e+02
8.754689085483551025e+02
8.792926640510559082e+02
8.832009057998657227e+02
8.869672603607177734e+02
8.908626708984375000e+02
8.946311028003692627e+02
8.984194121360778809e+02
9.021883335113525391e+02
9.059816915988922119e+02
9.098047783374786377e+02
9.136108345985412598e+02
9.173882966041564941e+02
9.212985572814941406e+02
9.251084330081939697e+02
9.289202079772949219e+02
9.327354905605316162e+02
9.365586867332458496e+02
