8.540572404861450195e+00
1.535037231445312500e+01
2.197758483886718750e+01
2.858478236198425293e+01
3.517346644401550293e+01
4.148045206069946289e+01
4.788100171089172363e+01
5.436060976982116699e+01
6.089925789833068848e+01
6.774912858009338379e+01
7.399556994438171387e+01
8.060877275466918945e+01
8.687522697448730469e+01
9.351995253562927246e+01
9.985745835304260254e+01
1.062384946346282959e+02
1.126820766925811768e+02
1.191696887016296387e+02
1.251959736347198486e+02
1.316335513591766357e+02
1.402296628952026367e+02
1.490362923145294189e+02
1.557643749713897705e+02
1.627923719882965088e+02
1.693060028553009033e+02
1.756740307807922363e+02
1.824594004154205322e+02
1.889935870170593262e+02
1.953491067886352539e+02
2.020223507881164551e+02
2.086235444545745850e+02
2.151616938114166260e+02
2.217763962745666504e+02
2.291155309677124023e+02
2.352003571987152100e+02
2.415778932571411133e+02
2.485627706050872803e+02
2.561157908439636230e+02
2.629857339859008789e+02
2.694638531208038330e+02
2.760065062046051025e+02
2.822209243774414062e+02
2.898143229484558105e+02
2.965651233196258545e+02
3.030502340793609619e+02
3.093807351589202881e+02
3.158038020133972168e+02
3.221172909736633301e+02
3.283492217063903809e+02
3.346451988220214844e+02
3.410867791175842285e+02
3.476344454288482666e+02
3.541906194686889648e+02
3.607653167247772217e+02
3.671398494243621826e+02
3.738165967464447021e+02
3.808005754947662354e+02
3.875488739013671875e+02
3.940089662075042725e+02
4.008148059844970703e+02
4.073389441967010498e+02
4.140462131500244141e+02
4.205298240184783936e+02
4.271740472316741943e+02
4.336871860027313232e+02
4.401092636585235596e+02
4.465273270606994629e+02
4.531640462875366211e+02
4.594525170326232910e+02
4.660387005805969238e+02
4.726228809356689453e+02
4.790999865531921387e+02
4.856621518135070801e+02
4.923284249305725098e+02
4.986784410476684570e+02
5.051048903465270996e+02
5.117225956916809082e+02
5.182827601432800293e+02
5.246587934494018555e+02
5.312825028896331787e+02
5.376620390415191650e+02
5.440881075859069824e+02
5.506322612762451172e+02
5.571684184074401855e+02
5.636525335311889648e+02
5.703067653179168701e+02
5.764861590862274170e+02
5.831063654422760010e+02
5.916645774841308594e+02
5.977804262638092041e+02
6.125483388900756836e+02
6.704535794258117676e+02
6.765947525501251221e+02
6.816456923484802246e+02
6.866803255081176758e+02
6.917866547107696533e+02
6.971530301570892334e+02
7.023078126907348633e+02
7.073984751701354980e+02
7.124137825965881348e+02
7.175027551651000977e+02
7.225955932140350342e+02
7.276871886253356934e+02
7.327053282260894775e+02
7.377450792789459229e+02
7.427253537178039551e+02
7.476720740795135498e+02
7.548869838714599609e+02
7.610140671730041504e+02
7.668809943199157715e+02
7.726668319702148438e+02
7.784545023441314697e+02
7.842608187198638916e+02
7.900190584659576416e+02
7.957196273803710938e+02
8.021179227828979492e+02
8.078502354621887207e+02
8.135982708930969238e+02
8.194340233802795410e+02
8.252075073719024658e+02
8.308831932544708252e+02
8.366484329700469971e+02
8.423321719169616699e+02
8.480553004741668701e+02
8.537568004131317139e+02
8.594724521636962891e+02
8.651485118865966797e+02
8.709753544330596924e+02
8.767500238418579102e+02
8.824573340415954590e+02
8.889557175636291504e+02
8.955957925319671631e+02
9.016001663208007812e+02
9.076226234436035156e+02
9.136292123794555664e+02
9.194652872085571289e+02
9.251153795719146729e+02
9.308625509738922119e+02
9.365028805732727051e+02
9.422394011020660400e+02
9.480668590068817139e+02
9.538047885894775391e+02
9.594741969108581543e+02
9.652225620746612549e+02
9.708584315776824951e+02
9.765983643531799316e+02
9.822978060245513916e+02
9.880823397636413574e+02
9.938050925731658936e+02
9.994985558986663818e+02
1.005161035299301147e+03
1.010904970169067383e+03
1.017292730569839478e+03
1.023004810094833374e+03
1.028738483667373657e+03
1.038950856685638428e+03
1.044799655199050903e+03
1.050658206939697266e+03
1.056418132543563843e+03
1.062143374919891357e+03
1.068086318969726562e+03
1.073872386455535889e+03
1.079540475845336914e+03
1.085194687843322754e+03
1.090862318754196167e+03
1.096629737138748169e+03
1.102603762865066528e+03
1.108203894376754761e+03
1.113935106515884399e+03
1.119870466947555542e+03
1.125624030351638794e+03
1.131224348783493042e+03
1.136900623798370361e+03
1.143512926101684570e+03
1.149456775903701782e+03
1.155015977859497070e+03
1.160699820995330811e+03
1.166385311365127563e+03
1.171904152154922485e+03
1.177731468677520752e+03
1.183398640632629395e+03
1.189346917152404785e+03
1.194908745288848877e+03
1.200575984239578247e+03
1.206310614109039307e+03
1.211941387891769409e+03
1.217618685960769653e+03
1.223182682752609253e+03
1.228808134794235229e+03
1.234377825260162354e+03
1.240033529758453369e+03
1.245661087989807129e+03
1.251323845148086548e+03
1.256894669771194458e+03
1.262374473810195923e+03
1.268182887792587280e+03
1.273723443984985352e+03
1.279363699436187744e+03
1.284928001403808594e+03
1.290506885528564453e+03
