5.458750724792480469e-01
9.591622352600097656e-01
1.383813858032226562e+00
1.813131570816040039e+00
2.264452219009399414e+00
2.660734176635742188e+00
3.063020944595336914e+00
3.465306043624877930e+00
3.947649955749511719e+00
4.393261671066284180e+00
4.783538818359375000e+00
5.181821823120117188e+00
5.596862792968750000e+00
6.002375602722167969e+00
6.414875745773315430e+00
6.828169822692871094e+00
7.298640966415405273e+00
7.718768596649169922e+00
8.118799686431884766e+00
8.540740728378295898e+00
8.947499036788940430e+00
9.373803853988647461e+00
9.775087594985961914e+00
1.018738126754760742e+01
1.058566427230834961e+01
1.099195313453674316e+01
1.139951562881469727e+01
1.181080818176269531e+01
1.222464942932128906e+01
1.263376021385192871e+01
1.303204345703125000e+01
1.344033408164978027e+01
1.387265610694885254e+01
1.429695820808410645e+01
1.470650959014892578e+01
1.511479973793029785e+01
1.552208852767944336e+01
1.592537474632263184e+01
1.634219264984130859e+01
1.674748039245605469e+01
1.715276861190795898e+01
1.756961274147033691e+01
1.799785113334655762e+01
1.840714240074157715e+01
1.882043695449829102e+01
1.924693512916564941e+01
1.965922975540161133e+01
2.006551718711853027e+01
2.048857927322387695e+01
2.090757107734680176e+01
2.133087229728698730e+01
2.174616765975952148e+01
2.224698925018310547e+01
2.277436423301696777e+01
2.318870139122009277e+01
2.360180044174194336e+01
2.401899361610412598e+01
2.442828321456909180e+01
2.483857536315917969e+01
2.526184153556823730e+01
2.568344354629516602e+01
2.610080313682556152e+01
2.654028224945068359e+01
2.706905078887939453e+01
2.750357961654663086e+01
2.791183423995971680e+01
2.833805227279663086e+01
2.875334763526916504e+01
2.918465447425842285e+01
2.960295152664184570e+01
3.002917671203613281e+01
3.045321989059448242e+01
3.087351512908935547e+01
3.130782413482666016e+01
3.173112463951110840e+01
3.217133808135986328e+01
3.258162903785705566e+01
3.300444483757019043e+01
3.345576643943786621e+01
3.388459634780883789e+01
3.430218672752380371e+01
3.474639844894409180e+01
3.519171524047851562e+01
3.564303565025329590e+01
3.612537956237792969e+01
3.655882263183593750e+01
3.698012232780456543e+01
3.741042804718017578e+01
3.784874010086059570e+01
3.827404212951660156e+01
3.869434070587158203e+01
3.911664128303527832e+01
3.953693962097167969e+01
3.995924043655395508e+01
4.038454294204711914e+01
4.081284737586975098e+01
4.124715590476989746e+01
4.167746210098266602e+01
4.209776067733764648e+01
4.253407120704650879e+01
4.295136737823486328e+01
4.337867188453674316e+01
4.379995608329772949e+01
4.421324968338012695e+01
4.465256237983703613e+01
4.507286143302917480e+01
4.550025534629821777e+01
4.593220996856689453e+01
4.636551833152770996e+01
4.678681778907775879e+01
4.722312831878662109e+01
4.765143251419067383e+01
4.808774328231811523e+01
4.850904250144958496e+01
4.893834829330444336e+01
4.936765289306640625e+01
4.980296301841735840e+01
5.022506117820739746e+01
5.066137170791625977e+01
5.110028553009033203e+01
5.152959132194519043e+01
5.196690130233764648e+01
5.239400053024291992e+01
5.283531475067138672e+01
5.326061677932739258e+01
5.370093011856079102e+01
5.413423848152160645e+01
5.455753898620605469e+01
5.498684406280517578e+01
5.543038487434387207e+01
5.587288928031921387e+01
5.630719733238220215e+01
5.677375173568725586e+01
5.720305705070495605e+01
5.762835907936096191e+01
5.806502819061279297e+01
5.850634241104125977e+01
5.894865703582763672e+01
5.939197182655334473e+01
5.982227754592895508e+01
6.025358438491821289e+01
6.069189620018005371e+01
6.113087296485900879e+01
6.156418108940124512e+01
6.201250004768371582e+01
6.246595573425292969e+01
6.293584942817687988e+01
6.340050601959228516e+01
6.383681702613830566e+01
6.429314064979553223e+01
6.474446201324462891e+01
6.517076492309570312e+01
6.560953879356384277e+01
6.606668090820312500e+01
6.650060439109802246e+01
6.694492030143737793e+01
6.738123059272766113e+01
6.783255147933959961e+01
6.827976846694946289e+01
6.871404886245727539e+01
6.917137479782104492e+01
6.961352634429931641e+01
7.005083727836608887e+01
7.049315214157104492e+01
7.092946219444274902e+01
7.136176991462707520e+01
7.182109689712524414e+01
7.233245968818664551e+01
7.278077864646911621e+01
7.322872972488403320e+01
7.367063045501708984e+01
7.412871026992797852e+01
7.457617568969726562e+01
7.503850436210632324e+01
7.548999762535095215e+01
7.594332003593444824e+01
7.640865063667297363e+01
7.695217752456665039e+01
7.747957730293273926e+01
7.791588735580444336e+01
7.837121200561523438e+01
7.886667966842651367e+01
7.933401226997375488e+01
7.977432441711425781e+01
8.021363711357116699e+01
8.066996192932128906e+01
8.111657667160034180e+01
8.156002950668334961e+01
8.203336691856384277e+01
8.248975181579589844e+01
8.293807101249694824e+01
8.339639616012573242e+01
8.385672450065612793e+01
8.430304121971130371e+01
8.475641608238220215e+01
8.524059772491455078e+01
8.569191813468933105e+01
8.613022994995117188e+01
8.658340954780578613e+01
8.705874824523925781e+01
