7.317073177546262741e-03
9.756097570061683655e-03
1.707317121326923370e-02
2.195122092962265015e-02
7.317073177546262741e-03
1.951219327747821808e-02
1.707316935062408447e-02
1.219512149691581726e-02
1.463414635509252548e-02
1.707317121326923370e-02
7.317073177546262741e-03
1.951219514012336731e-02
1.707316935062408447e-02
1.951219327747821808e-02
1.219512149691581726e-02
1.707317121326923370e-02
2.439024485647678375e-02
1.951219514012336731e-02
1.951219327747821808e-02
1.219512149691581726e-02
1.463414542376995087e-02
2.439024113118648529e-02
1.463414542376995087e-02
2.926829084753990173e-02
7.317073177546262741e-03
2.195121906697750092e-02
2.439024299383163452e-02
2.195121720433235168e-02
3.414633870124816895e-02
1.707317121326923370e-02
9.756097570061683655e-03
1.707317121326923370e-02
2.439024485647678375e-02
2.439024113118648529e-02
2.682926692068576813e-02
1.707316935062408447e-02
2.682926878333091736e-02
3.170731663703918457e-02
3.658536821603775024e-02
2.195121906697750092e-02
1.951219327747821808e-02
2.195121906697750092e-02
1.463414542376995087e-02
3.414634242653846741e-02
1.707316935062408447e-02
2.195121906697750092e-02
9.756097570061683655e-03
3.170731663703918457e-02
3.414633870124816895e-02
2.439024299383163452e-02
3.414634242653846741e-02
2.439024299383163452e-02
2.439024299383163452e-02
1.951219514012336731e-02
1.707316935062408447e-02
3.658536449074745178e-02
2.195121906697750092e-02
2.926829084753990173e-02
2.682926692068576813e-02
1.707316935062408447e-02
3.658536821603775024e-02
2.195121906697750092e-02
2.926829271018505096e-02
2.195121720433235168e-02
2.439024299383163452e-02
2.682926692068576813e-02
2.682926692068576813e-02
3.170731663703918457e-02
2.926829271018505096e-02
2.195121906697750092e-02
1.951219514012336731e-02
2.682926878333091736e-02
2.195121720433235168e-02
3.170731663703918457e-02
2.682926878333091736e-02
2.926829271018505096e-02
3.170731663703918457e-02
2.682926878333091736e-02
2.682926505804061890e-02
3.414633870124816895e-02
3.658536821603775024e-02
3.170732036232948303e-02
3.170731663703918457e-02
3.902439028024673462e-02
4.634146764874458313e-02
5.121950805187225342e-02
4.634146392345428467e-02
3.902439028024673462e-02
2.195122092962265015e-02
2.926829271018505096e-02
4.634146392345428467e-02
4.390243813395500183e-02
3.170731291174888611e-02
4.634146392345428467e-02
3.170731663703918457e-02
4.878048971295356750e-02
7.560975104570388794e-02
5.853658169507980347e-02
5.365853756666183472e-02
4.878048598766326904e-02
5.609756335616111755e-02
3.170731663703918457e-02
5.609755963087081909e-02
5.365853756666183472e-02
4.390244185924530029e-02
4.146341606974601746e-02
5.609756335616111755e-02
9.024391323328018188e-02
5.121951550245285034e-02
4.146341606974601746e-02
5.609756335616111755e-02
5.609756335616111755e-02
5.609756708145141602e-02
7.804878056049346924e-02
6.585366278886795044e-02
7.073170691728591919e-02
4.390244185924530029e-02
4.634146392345428467e-02
5.609755963087081909e-02
6.585365533828735352e-02
5.609755963087081909e-02
6.097560748457908630e-02
7.560975104570388794e-02
6.829268485307693481e-02
5.365853384137153625e-02
6.829267740249633789e-02
6.341463327407836914e-02
7.560975104570388794e-02
6.341463327407836914e-02
8.292682468891143799e-02
7.073170691728591919e-02
4.634146392345428467e-02
6.097560748457908630e-02
7.317073643207550049e-02
7.804878056049346924e-02
8.292683213949203491e-02
9.268292784690856934e-02
7.073170691728591919e-02
6.829267740249633789e-02
8.048780262470245361e-02
9.268292039632797241e-02
6.341463327407836914e-02
6.341463327407836914e-02
9.268292784690856934e-02
6.829268485307693481e-02
8.536585420370101929e-02
1.195121929049491882e-01
7.317072898149490356e-02
1.073170825839042664e-01
9.756097197532653809e-02
8.780488371849060059e-02
8.048780262470245361e-02
9.999999403953552246e-02
7.560975849628448486e-02
9.756097197532653809e-02
7.804878056049346924e-02
1.097560897469520569e-01
1.121951341629028320e-01
8.292683213949203491e-02
1.048780456185340881e-01
1.219512224197387695e-01
8.048781007528305054e-02
8.536585420370101929e-02
1.219512075185775757e-01
1.341463476419448853e-01
1.243902370333671570e-01
1.073170751333236694e-01
1.170731708407402039e-01
1.146341413259506226e-01
1.268292665481567383e-01
1.268292665481567383e-01
1.121951192617416382e-01
1.048780456185340881e-01
1.195122003555297852e-01
1.365853548049926758e-01
1.170731708407402039e-01
1.268292665481567383e-01
1.487804949283599854e-01
1.341463327407836914e-01
1.536585390567779541e-01
1.560975611209869385e-01
1.487804800271987915e-01
1.512195169925689697e-01
1.487804800271987915e-01
1.341463327407836914e-01
1.512195169925689697e-01
1.682926714420318604e-01
1.195121929049491882e-01
1.219512224197387695e-01
1.682926863431930542e-01
1.341463476419448853e-01
1.268292665481567383e-01
1.707316935062408447e-01
1.390243768692016602e-01
1.317073255777359009e-01
1.926829218864440918e-01
1.926829367876052856e-01
1.804878115653991699e-01
1.292682886123657227e-01
1.829268187284469604e-01
