1.463414542376995087e-02
1.951219327747821808e-02
1.463414542376995087e-02
7.317073177546262741e-03
7.317073177546262741e-03
1.951219514012336731e-02
1.463414542376995087e-02
9.756097570061683655e-03
1.219512149691581726e-02
1.463414542376995087e-02
1.219512149691581726e-02
1.707317121326923370e-02
2.439024485647678375e-02
2.195121906697750092e-02
2.195121720433235168e-02
1.219512149691581726e-02
1.463414542376995087e-02
1.463414542376995087e-02
1.707316935062408447e-02
1.707316935062408447e-02
2.195121720433235168e-02
1.219512149691581726e-02
1.463414542376995087e-02
1.951219327747821808e-02
1.707317121326923370e-02
2.195121906697750092e-02
2.926828898489475250e-02
1.463414635509252548e-02
2.926829084753990173e-02
4.146341234445571899e-02
2.195121720433235168e-02
1.219512149691581726e-02
1.463414542376995087e-02
1.951219327747821808e-02
1.219512149691581726e-02
2.195121906697750092e-02
3.170731663703918457e-02
1.463414542376995087e-02
3.170731663703918457e-02
1.951219327747821808e-02
2.926829084753990173e-02
1.463414542376995087e-02
1.951219327747821808e-02
1.463414542376995087e-02
1.219512149691581726e-02
1.707316935062408447e-02
2.195122092962265015e-02
2.195122092962265015e-02
1.951219327747821808e-02
2.195121720433235168e-02
9.756097570061683655e-03
9.756097570061683655e-03
1.707316935062408447e-02
1.219512149691581726e-02
1.707316935062408447e-02
3.902439028024673462e-02
2.439024299383163452e-02
1.951219327747821808e-02
1.951219514012336731e-02
3.902439028024673462e-02
2.195121720433235168e-02
7.317073177546262741e-03
1.707316935062408447e-02
2.439024299383163452e-02
1.707316935062408447e-02
1.707316935062408447e-02
2.682926505804061890e-02
1.951219327747821808e-02
3.170731663703918457e-02
1.219512149691581726e-02
2.439024299383163452e-02
2.926829084753990173e-02
2.439024485647678375e-02
2.682926878333091736e-02
1.463414542376995087e-02
3.170731663703918457e-02
3.170731663703918457e-02
2.439024299383163452e-02
2.682926692068576813e-02
2.439024299383163452e-02
3.658536449074745178e-02
2.195121720433235168e-02
2.439024299383163452e-02
1.951219514012336731e-02
2.682926692068576813e-02
1.951219327747821808e-02
3.170731291174888611e-02
2.439024299383163452e-02
4.634146019816398621e-02
3.170731663703918457e-02
3.170731663703918457e-02
3.170731291174888611e-02
3.170731663703918457e-02
1.463414635509252548e-02
3.658536449074745178e-02
2.926829271018505096e-02
2.926829084753990173e-02
2.439024485647678375e-02
2.926829084753990173e-02
4.634146392345428467e-02
2.195122092962265015e-02
2.439024299383163452e-02
2.682926505804061890e-02
4.878048598766326904e-02
3.170731663703918457e-02
3.414633870124816895e-02
2.195121906697750092e-02
2.439024299383163452e-02
3.414633870124816895e-02
2.682926505804061890e-02
2.682926878333091736e-02
2.926829084753990173e-02
3.658536449074745178e-02
4.634146392345428467e-02
4.878048598766326904e-02
3.170731663703918457e-02
3.658536449074745178e-02
5.121950805187225342e-02
4.390244185924530029e-02
4.146341606974601746e-02
3.902439028024673462e-02
2.682926692068576813e-02
4.634146764874458313e-02
6.097560375928878784e-02
4.878048971295356750e-02
5.365853756666183472e-02
4.634146764874458313e-02
4.146341606974601746e-02
4.390243813395500183e-02
4.146341234445571899e-02
5.853658169507980347e-02
4.146341979503631592e-02
4.878048598766326904e-02
5.121951550245285034e-02
5.121951177716255188e-02
5.853658914566040039e-02
5.609755963087081909e-02
5.609756335616111755e-02
2.682926878333091736e-02
5.365853756666183472e-02
4.390244185924530029e-02
4.878049343824386597e-02
6.341463327407836914e-02
6.341463327407836914e-02
4.146341234445571899e-02
6.341463327407836914e-02
5.121951177716255188e-02
5.365853756666183472e-02
6.829268485307693481e-02
7.317072898149490356e-02
5.609756335616111755e-02
5.853658542037010193e-02
7.560975849628448486e-02
7.317073643207550049e-02
5.609755963087081909e-02
8.780486881732940674e-02
9.024390578269958496e-02
5.853658169507980347e-02
7.317073643207550049e-02
7.804878056049346924e-02
7.317072898149490356e-02
6.585365533828735352e-02
8.536585420370101929e-02
8.292683213949203491e-02
9.024390578269958496e-02
9.512194246053695679e-02
8.292682468891143799e-02
1.073170751333236694e-01
9.756097942590713501e-02
9.999999403953552246e-02
9.999999403953552246e-02
9.756097197532653809e-02
1.000000089406967163e-01
8.780487626791000366e-02
7.560975849628448486e-02
1.024390310049057007e-01
1.268292665481567383e-01
1.219512149691581726e-01
1.000000014901161194e-01
9.512194991111755371e-02
1.170731708407402039e-01
9.512194991111755371e-02
1.365853548049926758e-01
9.512194991111755371e-02
1.219512224197387695e-01
1.292682886123657227e-01
1.000000089406967163e-01
1.243902444839477539e-01
9.999999403953552246e-02
1.121951118111610413e-01
1.390244066715240479e-01
1.268292665481567383e-01
1.292682886123657227e-01
1.390243619680404663e-01
1.463414430618286133e-01
1.146341487765312195e-01
1.219512224197387695e-01
1.073170751333236694e-01
1.048780456185340881e-01
1.292682886123657227e-01
