9.756097570061683655e-03
1.219512149691581726e-02
9.756097570061683655e-03
1.463414542376995087e-02
1.219512149691581726e-02
7.317073177546262741e-03
3.170731291174888611e-02
2.439024299383163452e-02
1.219512149691581726e-02
1.707316935062408447e-02
1.707316935062408447e-02
9.756097570061683655e-03
1.219512149691581726e-02
2.195122092962265015e-02
1.463414542376995087e-02
1.463414635509252548e-02
2.439024485647678375e-02
3.170731663703918457e-02
9.756097570061683655e-03
1.219512149691581726e-02
1.951219327747821808e-02
1.951219514012336731e-02
1.951219514012336731e-02
2.195121906697750092e-02
1.707316935062408447e-02
2.926829271018505096e-02
2.439024113118648529e-02
9.756097570061683655e-03
1.951219514012336731e-02
1.951219514012336731e-02
2.439024299383163452e-02
1.219512149691581726e-02
2.195121906697750092e-02
2.195121906697750092e-02
1.219512149691581726e-02
2.439024299383163452e-02
2.439024485647678375e-02
1.707316935062408447e-02
1.463414635509252548e-02
1.707316935062408447e-02
1.219512149691581726e-02
2.439024485647678375e-02
2.682926878333091736e-02
7.317073177546262741e-03
3.414634242653846741e-02
2.439024299383163452e-02
2.195121906697750092e-02
1.951219514012336731e-02
1.463414542376995087e-02
2.195121906697750092e-02
1.951219514012336731e-02
2.439024299383163452e-02
2.926828898489475250e-02
3.414634242653846741e-02
3.658536449074745178e-02
3.170731663703918457e-02
1.219512149691581726e-02
2.926829084753990173e-02
4.390244185924530029e-02
3.170731663703918457e-02
3.658536449074745178e-02
4.390243813395500183e-02
3.902438655495643616e-02
2.439024113118648529e-02
2.439024485647678375e-02
2.926829084753990173e-02
4.634146392345428467e-02
2.195122092962265015e-02
3.902439028024673462e-02
2.682926505804061890e-02
2.682926878333091736e-02
3.902439028024673462e-02
4.146341234445571899e-02
3.658536821603775024e-02
4.146341606974601746e-02
3.170731663703918457e-02
4.390243813395500183e-02
4.878049343824386597e-02
2.682926878333091736e-02
3.414633870124816895e-02
4.390243440866470337e-02
3.658536449074745178e-02
6.585365533828735352e-02
4.390243813395500183e-02
3.902439400553703308e-02
3.902439400553703308e-02
5.365853384137153625e-02
3.658536821603775024e-02
4.146341606974601746e-02
5.121951177716255188e-02
6.585365533828735352e-02
3.902439028024673462e-02
3.414634242653846741e-02
4.390243813395500183e-02
4.634146392345428467e-02
5.853658914566040039e-02
4.390244185924530029e-02
6.097560748457908630e-02
6.097560748457908630e-02
6.341463327407836914e-02
5.609756335616111755e-02
5.121951177716255188e-02
5.365853756666183472e-02
7.317073643207550049e-02
6.341463327407836914e-02
5.609756335616111755e-02
6.097560748457908630e-02
9.024390578269958496e-02
6.829268485307693481e-02
4.634146764874458313e-02
6.341463327407836914e-02
8.780487626791000366e-02
7.073170691728591919e-02
9.512194246053695679e-02
5.121951177716255188e-02
7.073170691728591919e-02
8.292682468891143799e-02
7.317072898149490356e-02
6.829267740249633789e-02
8.292682468891143799e-02
6.341463327407836914e-02
7.804878056049346924e-02
8.780488371849060059e-02
9.024389833211898804e-02
7.804878056049346924e-02
9.268293529748916626e-02
5.365853756666183472e-02
9.512194246053695679e-02
8.292683213949203491e-02
9.268292039632797241e-02
1.000000014901161194e-01
1.146341413259506226e-01
8.048780262470245361e-02
1.121951192617416382e-01
1.000000014901161194e-01
9.999999403953552246e-02
1.219512224197387695e-01
1.121951192617416382e-01
8.536586165428161621e-02
9.999999403953552246e-02
9.999999403953552246e-02
1.243902370333671570e-01
1.243902444839477539e-01
1.073170751333236694e-01
1.195122003555297852e-01
1.121951118111610413e-01
1.121951267123222351e-01
1.195121929049491882e-01
1.097560971975326538e-01
1.073170751333236694e-01
9.756096452474594116e-02
1.292682886123657227e-01
1.512195020914077759e-01
1.317073106765747070e-01
1.219512149691581726e-01
1.195121929049491882e-01
1.439024507999420166e-01
1.170731782913208008e-01
1.146341487765312195e-01
1.390243917703628540e-01
1.243902370333671570e-01
1.243902444839477539e-01
1.414634138345718384e-01
1.487804800271987915e-01
1.390243917703628540e-01
1.292682886123657227e-01
1.317073106765747070e-01
1.414634138345718384e-01
1.707317084074020386e-01
1.170731633901596069e-01
1.780487596988677979e-01
1.585365831851959229e-01
1.731707304716110229e-01
1.731707155704498291e-01
1.780487596988677979e-01
1.414634138345718384e-01
1.707317084074020386e-01
1.585365831851959229e-01
1.731707155704498291e-01
1.731707155704498291e-01
1.487804949283599854e-01
1.926829218864440918e-01
1.682926714420318604e-01
1.707316935062408447e-01
1.682926714420318604e-01
1.634146273136138916e-01
1.902438998222351074e-01
1.853658556938171387e-01
1.780487746000289917e-01
2.121951282024383545e-01
1.951219588518142700e-01
1.853658705949783325e-01
2.000000178813934326e-01
1.999999880790710449e-01
1.780487746000289917e-01
1.804877966642379761e-01
2.024390250444412231e-01
2.536585330963134766e-01
1.829268187284469604e-01
2.073170840740203857e-01
