1.219512149691581726e-02
2.439024299383163452e-02
1.463414635509252548e-02
1.951219327747821808e-02
1.951219514012336731e-02
1.219512149691581726e-02
2.195122092962265015e-02
2.195121906697750092e-02
1.951219514012336731e-02
1.951219327747821808e-02
2.195121720433235168e-02
1.951219514012336731e-02
2.926829084753990173e-02
1.951219514012336731e-02
2.195122092962265015e-02
3.902439028024673462e-02
1.951219514012336731e-02
2.195121720433235168e-02
1.219512149691581726e-02
1.951219327747821808e-02
9.756097570061683655e-03
3.170731663703918457e-02
1.951219327747821808e-02
3.902439028024673462e-02
2.439024299383163452e-02
3.414634242653846741e-02
1.463414542376995087e-02
2.682926878333091736e-02
3.170731663703918457e-02
2.195121906697750092e-02
2.439024485647678375e-02
4.634146392345428467e-02
1.707317121326923370e-02
2.439024113118648529e-02
1.463414542376995087e-02
1.951219514012336731e-02
2.682926878333091736e-02
2.439024299383163452e-02
3.414634242653846741e-02
2.682926878333091736e-02
3.170731663703918457e-02
1.463414635509252548e-02
4.634146392345428467e-02
2.926829084753990173e-02
3.170731663703918457e-02
2.682926692068576813e-02
2.926829084753990173e-02
1.951219327747821808e-02
3.902439028024673462e-02
1.951219327747821808e-02
3.902439400553703308e-02
2.439024299383163452e-02
2.439024299383163452e-02
3.170731663703918457e-02
4.634146764874458313e-02
2.926829271018505096e-02
3.414633870124816895e-02
3.658536449074745178e-02
2.439024299383163452e-02
4.878048598766326904e-02
4.390243813395500183e-02
1.951219514012336731e-02
4.146341979503631592e-02
3.658536449074745178e-02
2.926829084753990173e-02
2.682926692068576813e-02
1.951219514012336731e-02
2.682926692068576813e-02
2.926829271018505096e-02
3.902438655495643616e-02
3.658536821603775024e-02
4.146341606974601746e-02
4.878048971295356750e-02
3.902439028024673462e-02
3.902439028024673462e-02
3.658536821603775024e-02
4.634146392345428467e-02
4.390243813395500183e-02
4.390244185924530029e-02
5.121951550245285034e-02
5.121951177716255188e-02
3.658536449074745178e-02
3.414634242653846741e-02
4.146341606974601746e-02
5.121951177716255188e-02
4.634146392345428467e-02
4.390244185924530029e-02
5.365853756666183472e-02
3.414633870124816895e-02
3.170731663703918457e-02
3.170731663703918457e-02
4.390244185924530029e-02
4.390243813395500183e-02
4.878048971295356750e-02
5.853658169507980347e-02
4.634146392345428467e-02
4.390243813395500183e-02
7.073170691728591919e-02
7.073170691728591919e-02
5.853658542037010193e-02
4.146341979503631592e-02
5.121951177716255188e-02
6.341463327407836914e-02
6.097561120986938477e-02
6.341464072465896606e-02
5.121951177716255188e-02
6.097560748457908630e-02
6.097560748457908630e-02
6.097561120986938477e-02
4.878048971295356750e-02
7.560975104570388794e-02
7.560975104570388794e-02
7.804878056049346924e-02
7.804878056049346924e-02
8.536585420370101929e-02
7.317072898149490356e-02
7.560975849628448486e-02
8.536586165428161621e-02
7.560975104570388794e-02
8.780487626791000366e-02
9.268292784690856934e-02
7.804878056049346924e-02
7.317072898149490356e-02
8.536585420370101929e-02
8.780487626791000366e-02
7.317072898149490356e-02
1.024390161037445068e-01
8.780488371849060059e-02
9.268292784690856934e-02
6.585365533828735352e-02
9.999999403953552246e-02
1.048780530691146851e-01
8.536585420370101929e-02
7.560975849628448486e-02
1.073170602321624756e-01
1.097560971975326538e-01
6.585365533828735352e-02
9.999999403953552246e-02
1.000000014901161194e-01
1.024390310049057007e-01
1.073170751333236694e-01
1.268292665481567383e-01
1.341463327407836914e-01
1.170731633901596069e-01
1.219512075185775757e-01
1.073170751333236694e-01
1.487804949283599854e-01
1.243902444839477539e-01
1.219512149691581726e-01
1.024390161037445068e-01
1.365853548049926758e-01
1.317073255777359009e-01
1.292683035135269165e-01
1.341463327407836914e-01
1.146341413259506226e-01
1.121951192617416382e-01
1.243902444839477539e-01
1.609756201505661011e-01
1.268292516469955444e-01
1.243902444839477539e-01
1.390243917703628540e-01
1.560975611209869385e-01
1.243902519345283508e-01
1.317073106765747070e-01
1.170731708407402039e-01
1.390243917703628540e-01
1.439024358987808228e-01
1.341463327407836914e-01
1.731707155704498291e-01
1.414634138345718384e-01
1.463414728641510010e-01
1.585365831851959229e-01
1.341463327407836914e-01
1.756097525358200073e-01
1.731707304716110229e-01
1.804877966642379761e-01
1.658536642789840698e-01
1.926829218864440918e-01
1.756097525358200073e-01
1.780487596988677979e-01
1.634146273136138916e-01
1.634146273136138916e-01
1.609756052494049072e-01
1.804878115653991699e-01
1.902439147233963013e-01
1.731707304716110229e-01
1.878048777580261230e-01
1.951219439506530762e-01
2.073170840740203857e-01
2.024390250444412231e-01
1.902439147233963013e-01
1.731707304716110229e-01
2.146341502666473389e-01
1.926829218864440918e-01
2.024390250444412231e-01
1.682926863431930542e-01
1.926829367876052856e-01
2.365853637456893921e-01
2.000000029802322388e-01
2.390244007110595703e-01
