1.573746442794799805e+00
3.009922266006469727e+00
4.386042118072509766e+00
5.835227727890014648e+00
7.251484632492065430e+00
8.681615114212036133e+00
1.005568933486938477e+01
1.143078327178955078e+01
1.284998655319213867e+01
1.427810788154602051e+01
1.572927141189575195e+01
1.714143204689025879e+01
1.853958344459533691e+01
1.995278954505920410e+01
2.146202349662780762e+01
2.287315249443054199e+01
2.435932803153991699e+01
2.580946707725524902e+01
2.727167224884033203e+01
2.872891569137573242e+01
3.017507195472717285e+01
3.162588620185852051e+01
3.312572860717773438e+01
3.449254488945007324e+01
3.597180914878845215e+01
3.736389923095703125e+01
3.875005197525024414e+01
4.023372697830200195e+01
4.164042139053344727e+01
4.307454943656921387e+01
4.448370718955993652e+01
4.598910713195800781e+01
4.743122625350952148e+01
4.884625983238220215e+01
5.022889494895935059e+01
5.167961668968200684e+01
5.310974955558776855e+01
5.452688550949096680e+01
5.605415511131286621e+01
5.749929046630859375e+01
5.895445990562438965e+01
6.034865355491638184e+01
6.173374891281127930e+01
6.315291595458984375e+01
6.452904248237609863e+01
6.589227557182312012e+01
6.730440163612365723e+01
6.868147969245910645e+01
7.010654187202453613e+01
7.149666237831115723e+01
7.286894083023071289e+01
7.433310961723327637e+01
7.575423550605773926e+01
7.717636823654174805e+01
7.862550997734069824e+01
8.008670520782470703e+01
8.150985980033874512e+01
8.292506599426269531e+01
8.444026231765747070e+01
8.590243148803710938e+01
8.730119419097900391e+01
8.894398856163024902e+01
9.039313220977783203e+01
9.190732669830322266e+01
9.332948136329650879e+01
9.472763681411743164e+01
9.617585349082946777e+01
9.768620443344116211e+01
9.909230518341064453e+01
1.005284173488616943e+02
1.019605536460876465e+02
1.033979656696319580e+02
1.048000051975250244e+02
1.062221474647521973e+02
1.076572296619415283e+02
1.090858538150787354e+02
1.105284824371337891e+02
1.119686844348907471e+02
1.134459607601165771e+02
1.148710763454437256e+02
1.163062281608581543e+02
1.177153654098510742e+02
1.191625399589538574e+02
1.205698399543762207e+02
1.219939601421356201e+02
1.233955888748168945e+02
1.248542156219482422e+02
1.262363281250000000e+02
1.278355367183685303e+02
1.292587683200836182e+02
1.306739914417266846e+02
1.321361525058746338e+02
1.335842869281768799e+02
1.349904100894927979e+02
1.364526193141937256e+02
1.380361683368682861e+02
1.394882924556732178e+02
1.409094102382659912e+02
1.423120033740997314e+02
1.438432130813598633e+02
1.452852618694305420e+02
1.467283973693847656e+02
1.481655359268188477e+02
1.496046664714813232e+02
1.510357623100280762e+02
1.524638903141021729e+02
1.539510545730590820e+02
1.553811721801757812e+02
1.568158340454101562e+02
1.582165098190307617e+02
1.596576564311981201e+02
1.610877146720886230e+02
1.625628817081451416e+02
1.639850656986236572e+02
1.654132046699523926e+02
1.668534200191497803e+02
1.682935569286346436e+02
1.697097101211547852e+02
1.711363933086395264e+02
1.725510480403900146e+02
1.739902188777923584e+02
1.754804849624633789e+02
1.769176340103149414e+02
1.783549935817718506e+02
1.798191366195678711e+02
1.813023076057434082e+02
1.827344214916229248e+02
1.841555492877960205e+02
1.856937835216522217e+02
1.871580491065979004e+02
1.885951597690582275e+02
1.900443108081817627e+02
1.914554307460784912e+02
1.928626143932342529e+02
1.943087689876556396e+02
1.957429330348968506e+02
1.972171235084533691e+02
1.986833481788635254e+02
2.001535241603851318e+02
2.015727908611297607e+02
2.030574526786804199e+02
2.045271208286285400e+02
2.059933125972747803e+02
2.074084415435791016e+02
2.088756926059722900e+02
2.103418407440185547e+02
2.118135707378387451e+02
2.132463185787200928e+02
2.146695809364318848e+02
2.161267356872558594e+02
2.176109013557434082e+02
2.190745489597320557e+02
2.204853465557098389e+02
2.219024157524108887e+02
2.233295397758483887e+02
2.248127145767211914e+02
2.262388277053833008e+02
2.276899995803833008e+02
2.291191189289093018e+02
2.305553050041198730e+02
2.321366660594940186e+02
2.335632119178771973e+02
2.350109076499938965e+02
2.364500541687011719e+02
2.379012343883514404e+02
2.393333783149719238e+02
2.407911353111267090e+02
2.421997504234313965e+02
2.436314358711242676e+02
2.450631341934204102e+02
2.464998400211334229e+02
2.479244654178619385e+02
2.493676006793975830e+02
2.507973191738128662e+02
2.522499723434448242e+02
2.537402191162109375e+02
2.551663565635681152e+02
2.566235296726226807e+02
2.580827264785766602e+02
2.596649971008300781e+02
2.612012474536895752e+02
2.626464040279388428e+02
2.641286489963531494e+02
2.655638012886047363e+02
2.670290095806121826e+02
2.685295972824096680e+02
2.699486939907073975e+02
2.714038364887237549e+02
2.728439774513244629e+02
2.742801110744476318e+02
2.757812986373901367e+02
2.772644670009613037e+02
2.787261431217193604e+02
2.805841281414031982e+02
2.820392572879791260e+02
2.834713859558105469e+02
2.848855774402618408e+02
2.863498373031616211e+02
2.878610153198242188e+02
2.893151564598083496e+02
