1.743912696838378906e+00
3.303707122802734375e+00
4.835410356521606445e+00
6.369145154953002930e+00
7.880356788635253906e+00
9.418593883514404297e+00
1.101488518714904785e+01
1.251317572593688965e+01
1.404089999198913574e+01
1.557762956619262695e+01
1.712590956687927246e+01
1.867014002799987793e+01
2.019837307929992676e+01
2.169556283950805664e+01
2.320887804031372070e+01
2.473510313034057617e+01
2.627431106567382812e+01
2.782296872138977051e+01
2.931579661369323730e+01
3.079309797286987305e+01
3.232327294349670410e+01
3.384751844406127930e+01
3.536376404762268066e+01
3.686142754554748535e+01
3.840323472023010254e+01
3.988546371459960938e+01
4.145669960975646973e+01
4.299697732925415039e+01
4.454120421409606934e+01
4.604641652107238770e+01
4.755669283866882324e+01
4.906489014625549316e+01
5.065428090095520020e+01
5.215951561927795410e+01
5.378985857963562012e+01
5.529006004333496094e+01
5.679828977584838867e+01
5.832649731636047363e+01
5.982666659355163574e+01
6.133886837959289551e+01
6.281911587715148926e+01
6.436433601379394531e+01
6.594163966178894043e+01
6.745087814331054688e+01
6.897912335395812988e+01
7.072498083114624023e+01
7.242005968093872070e+01
7.401332855224609375e+01
7.554138779640197754e+01
7.704271793365478516e+01
7.859805774688720703e+01
8.021255493164062500e+01
8.172973489761352539e+01
8.327427124977111816e+01
8.479747295379638672e+01
8.631573486328125000e+01
8.795765781402587891e+01
8.946326088905334473e+01
9.099423432350158691e+01
9.250806999206542969e+01
9.403691744804382324e+01
9.560026144981384277e+01
9.711006402969360352e+01
9.863660025596618652e+01
1.001609737873077393e+02
1.016781909465789795e+02
1.032604889869689941e+02
1.048211529254913330e+02
1.063808574676513672e+02
1.079122087955474854e+02
1.094555885791778564e+02
1.109736807346343994e+02
1.125323619842529297e+02
1.140210125446319580e+02
1.155372655391693115e+02
1.170523936748504639e+02
1.186305239200592041e+02
1.201851797103881836e+02
1.217280106544494629e+02
1.232777304649353027e+02
1.248150508403778076e+02
1.264023468494415283e+02
1.279390151500701904e+02
1.294738545417785645e+02
1.310201187133789062e+02
1.325934345722198486e+02
1.341722512245178223e+02
1.356954984664916992e+02
1.372228217124938965e+02
1.387800548076629639e+02
1.403143100738525391e+02
1.418655259609222412e+02
1.434088363647460938e+02
1.449921460151672363e+02
1.465555281639099121e+02
1.482438740730285645e+02
1.498181381225585938e+02
1.513903634548187256e+02
1.529865896701812744e+02
1.545258002281188965e+02
1.560951039791107178e+02
1.578445413112640381e+02
1.593817770481109619e+02
1.609432840347290039e+02
1.624755122661590576e+02
1.640297288894653320e+02
1.655839645862579346e+02
1.671211957931518555e+02
1.686873216629028320e+02
1.702741441726684570e+02
1.718419337272644043e+02
1.733776624202728271e+02
1.751546115875244141e+02
1.766348643302917480e+02
1.781911125183105469e+02
1.797243905067443848e+02
1.812535984516143799e+02
1.828128592967987061e+02
1.844001483917236328e+02
1.860044074058532715e+02
1.876057808399200439e+02
1.890889797210693359e+02
1.906393616199493408e+02
1.921795456409454346e+02
1.937853252887725830e+02
1.953149938583374023e+02
1.968447613716125488e+02
1.983724517822265625e+02
1.999028120040893555e+02
2.014119963645935059e+02
2.029582684040069580e+02
2.045265100002288818e+02
2.060557904243469238e+02
2.076040585041046143e+02
2.091892960071563721e+02
2.108126642704010010e+02
2.123439316749572754e+02
2.138512699604034424e+02
2.154709100723266602e+02
2.170036220550537109e+02
2.185423369407653809e+02
2.200966174602508545e+02
2.216648650169372559e+02
2.231850621700286865e+02
2.247333045005798340e+02
2.262545289993286133e+02
2.278057322502136230e+02
2.293369345664978027e+02
2.309011700153350830e+02
2.324715063571929932e+02
2.340137162208557129e+02
2.356205720901489258e+02
2.371452517509460449e+02
2.387635097503662109e+02
2.402776634693145752e+02
2.419601550102233887e+02
2.434963815212249756e+02
2.450506255626678467e+02
2.471692986488342285e+02
2.486885223388671875e+02
2.502658026218414307e+02
2.518240830898284912e+02
2.534133212566375732e+02
2.549526321887969971e+02
2.565138528347015381e+02
2.580416350364685059e+02
2.596153712272644043e+02
2.612037022113800049e+02
2.627709670066833496e+02
2.642902145385742188e+02
2.658014724254608154e+02
2.673547098636627197e+02
2.689279921054840088e+02
2.704594278335571289e+02
2.720286636352539062e+02
2.735512387752532959e+02
2.750660023689270020e+02
2.766762986183166504e+02
2.782305953502655029e+02
2.797979111671447754e+02
2.813351905345916748e+02
2.829374413490295410e+02
2.844836757183074951e+02
2.860259642601013184e+02
2.875874018669128418e+02
2.896181614398956299e+02
2.912374553680419922e+02
2.927746925354003906e+02
2.943880562782287598e+02
2.960093467235565186e+02
2.976065335273742676e+02
2.992114033699035645e+02
3.008451719284057617e+02
3.024164083003997803e+02
3.039966542720794678e+02
3.056079220771789551e+02
3.071971795558929443e+02
3.087325918674468994e+02
3.102637829780578613e+02
3.118100063800811768e+02
