3.037218809127807617e+00
3.967786073684692383e+00
4.902449369430541992e+00
5.800086498260498047e+00
6.717738389968872070e+00
7.663806676864624023e+00
8.559997797012329102e+00
9.479075431823730469e+00
1.040202379226684570e+01
1.129866099357604980e+01
1.219633293151855469e+01
1.312502193450927734e+01
1.406283783912658691e+01
1.501751494407653809e+01
1.592515969276428223e+01
1.682849979400634766e+01
1.772813844680786133e+01
1.861838078498840332e+01
1.951042342185974121e+01
2.039995765686035156e+01
2.131764364242553711e+01
2.232015419006347656e+01
2.330600762367248535e+01
2.420521497726440430e+01
2.513628292083740234e+01
2.610854268074035645e+01
2.711463975906372070e+01
2.805292797088623047e+01
2.897468447685241699e+01
2.986631798744201660e+01
3.078385877609252930e+01
3.168649959564208984e+01
3.257913374900817871e+01
3.348177456855773926e+01
3.437741088867187500e+01
3.528005218505859375e+01
3.618969869613647461e+01
3.710434818267822266e+01
3.804335236549377441e+01
3.899202585220336914e+01
3.989866995811462402e+01
4.083133268356323242e+01
4.177400255203247070e+01
4.274269032478332520e+01
4.371137857437133789e+01
4.469149923324584961e+01
4.564317488670349121e+01
4.658884692192077637e+01
4.753251695632934570e+01
4.845617389678955078e+01
4.938383245468139648e+01
5.030448627471923828e+01
5.121713566780090332e+01
5.213358163833618164e+01
5.303722381591796875e+01
5.394186639785766602e+01
5.484750986099243164e+01
5.578085947036743164e+01
5.675655174255371094e+01
5.766419672966003418e+01
5.857664752006530762e+01
5.948627972602844238e+01
6.040436482429504395e+01
6.132001352310180664e+01
6.223366284370422363e+01
6.314030671119689941e+01
6.404895234107971191e+01
6.496760511398315430e+01
6.588929986953735352e+01
6.679394054412841797e+01
6.769558215141296387e+01
6.860422706604003906e+01
6.951387310028076172e+01
7.048156094551086426e+01
7.142523169517517090e+01
7.243109154701232910e+01
7.335568332672119141e+01
7.426509356498718262e+01
7.517373967170715332e+01
7.607882142066955566e+01
7.697946119308471680e+01
7.789811325073242188e+01
7.880475831031799316e+01
7.971440386772155762e+01
8.061404299736022949e+01
8.152268886566162109e+01
8.243333530426025391e+01
8.333599042892456055e+01
8.424362134933471680e+01
8.516627717018127441e+01
8.609693813323974609e+01
8.702042603492736816e+01
8.792606997489929199e+01
8.884272050857543945e+01
8.976837873458862305e+01
9.086215519905090332e+01
9.177080059051513672e+01
9.268545055389404297e+01
9.361635065078735352e+01
9.455001401901245117e+01
9.548667907714843750e+01
9.646171450614929199e+01
9.739137387275695801e+01
9.837507295608520508e+01
9.933795738220214844e+01
1.003346660137176514e+02
1.013239772319793701e+02
1.023053174018859863e+02
1.033249602317810059e+02
1.043116955757141113e+02
1.052903904914855957e+02
1.062710874080657959e+02
1.072426447868347168e+02
1.081788291931152344e+02
1.091034867763519287e+02
1.100281429290771484e+02
1.109417915344238281e+02
1.118544549942016602e+02
1.127720925807952881e+02
1.137157769203186035e+02
1.146715722084045410e+02
1.156162426471710205e+02
1.165479054450988770e+02
1.175746347904205322e+02
1.186608800888061523e+02
1.196039853096008301e+02
1.205356483459472656e+02
1.214979429244995117e+02
1.224346079826354980e+02
1.233652691841125488e+02
1.243199470043182373e+02
1.252556123733520508e+02
1.261882743835449219e+02
1.271259405612945557e+02
1.280546374320983887e+02
1.289862067699432373e+02
1.299058597087860107e+02
1.308365209102630615e+02
1.317711856365203857e+02
1.326948409080505371e+02
1.337025578022003174e+02
1.346882569789886475e+02
1.356189751625061035e+02
1.365396296977996826e+02
1.374702904224395752e+02
1.383959486484527588e+02
1.393196048736572266e+02
1.402582714557647705e+02
1.411919348239898682e+02
1.421185925006866455e+02
1.430690474510192871e+02
1.440128345489501953e+02
1.450034582614898682e+02
1.459351198673248291e+02
1.469398350715637207e+02
1.480870418548583984e+02
1.491347861289978027e+02
1.503372771739959717e+02
1.513259794712066650e+02
1.522815692424774170e+02
1.532102298736572266e+02
1.541709918975830078e+02
1.551326754093170166e+02
1.560693399906158447e+02
1.570426256656646729e+02
1.580142736434936523e+02
1.590899605751037598e+02
1.601833744049072266e+02
1.612184915542602539e+02
1.622302441596984863e+02
1.632006754875183105e+02
1.642639448642730713e+02
1.652369754314422607e+02
1.662006423473358154e+02
1.671726691722869873e+02
1.681329250335693359e+02
1.691530308723449707e+02
1.701416952610015869e+02
1.711005110740661621e+02
1.720512342453002930e+02
1.730124375820159912e+02
1.740231997966766357e+02
1.749888389110565186e+02
1.759406404495239258e+02
1.769394345283508301e+02
1.779457733631134033e+02
1.789461247920989990e+02
1.799504296779632568e+02
1.808996143341064453e+02
1.818441152572631836e+02
1.827866086959838867e+02
1.837227945327758789e+02
1.846589038372039795e+02
1.855998682975769043e+02
1.865335533618927002e+02
1.874771218299865723e+02
1.884148974418640137e+02
1.893516895771026611e+02
1.902912228107452393e+02
1.912204995155334473e+02
