1.708844423294067383e+00
3.147044658660888672e+00
4.601191520690917969e+00
6.057425737380981445e+00
7.507558584213256836e+00
8.987738847732543945e+00
1.041087269783020020e+01
1.185811829566955566e+01
1.331741380691528320e+01
1.475256037712097168e+01
1.618147540092468262e+01
1.762878632545471191e+01
1.909708833694458008e+01
2.066730666160583496e+01
2.212146496772766113e+01
2.358720207214355469e+01
2.523251557350158691e+01
2.668450593948364258e+01
2.811265015602111816e+01
2.957580709457397461e+01
3.107198762893676758e+01
3.260120463371276855e+01
3.403533315658569336e+01
3.546946406364440918e+01
3.695157265663146973e+01
3.840473651885986328e+01
3.985088777542114258e+01
4.130808401107788086e+01
4.276726007461547852e+01
4.427046132087707520e+01
4.572769880294799805e+01
4.722093629837036133e+01
4.866206216812133789e+01
5.021184134483337402e+01
5.163646173477172852e+01
5.312570476531982422e+01
5.460645651817321777e+01
5.606409430503845215e+01
5.751584410667419434e+01
5.898849916458129883e+01
6.043163847923278809e+01
6.189174461364746094e+01
6.335204768180847168e+01
6.480021882057189941e+01
6.627148675918579102e+01
6.775466609001159668e+01
6.922582459449768066e+01
7.070199918746948242e+01
7.216121482849121094e+01
7.367961120605468750e+01
7.513550639152526855e+01
7.663632178306579590e+01
7.810847663879394531e+01
7.959752464294433594e+01
8.106667661666870117e+01
8.252943682670593262e+01
8.397509622573852539e+01
8.548127841949462891e+01
8.719361996650695801e+01
8.869180583953857422e+01
9.014693188667297363e+01
9.163913488388061523e+01
9.320340156555175781e+01
9.468963789939880371e+01
9.617479324340820312e+01
9.808796787261962891e+01
9.959961414337158203e+01
1.011968784332275391e+02
1.027100925445556641e+02
1.041632900238037109e+02
1.056164557933807373e+02
1.070866818428039551e+02
1.087118988037109375e+02
1.103832995891571045e+02
1.119025523662567139e+02
1.133737931251525879e+02
1.148999953269958496e+02
1.163812525272369385e+02
1.180195455551147461e+02
1.194695284366607666e+02
1.209489414691925049e+02
1.224162149429321289e+02
1.238523535728454590e+02
1.253505342006683350e+02
1.268056879043579102e+02
1.282654173374176025e+02
1.297691054344177246e+02
1.312818036079406738e+02
1.327605772018432617e+02
1.342207407951354980e+02
1.357009849548339844e+02
1.371787054538726807e+02
1.386538798809051514e+02
1.401495776176452637e+02
1.417123374938964844e+02
1.431784193515777588e+02
1.446375946998596191e+02
1.461086835861206055e+02
1.476148736476898193e+02
1.490990383625030518e+02
1.505551183223724365e+02
1.520883936882019043e+02
1.535261888504028320e+02
1.550077528953552246e+02
1.564649100303649902e+02
1.579811744689941406e+02
1.594813764095306396e+02
1.609695625305175781e+02
1.624428033828735352e+02
1.639469900131225586e+02
1.654311769008636475e+02
1.669103906154632568e+02
1.683856422901153564e+02
1.698568325042724609e+02
1.713590836524963379e+02
1.728972802162170410e+02
1.743886837959289551e+02
1.759028820991516113e+02
1.773640916347503662e+02
1.788761525154113770e+02
1.803853609561920166e+02
1.818595602512359619e+02
1.833457849025726318e+02
1.848500103950500488e+02
1.863267312049865723e+02
1.877753775119781494e+02
1.892756254673004150e+02
1.907497911453247070e+02
1.922620439529418945e+02
1.937372627258300781e+02
1.952169811725616455e+02
1.967284708023071289e+02
1.982108993530273438e+02
1.997621889114379883e+02
2.012604031562805176e+02
2.027685761451721191e+02
2.042678444385528564e+02
2.057460165023803711e+02
2.072542140483856201e+02
2.087655146121978760e+02
2.103007524013519287e+02
2.118300764560699463e+02
2.133408102989196777e+02
2.148966894149780273e+02
2.163647699356079102e+02
2.178269324302673340e+02
2.193261086940765381e+02
2.208243434429168701e+02
2.223275406360626221e+02
2.238687703609466553e+02
2.253820054531097412e+02
2.268537914752960205e+02
2.283324451446533203e+02
2.297826066017150879e+02
2.312867958545684814e+02
2.327460379600524902e+02
2.342052140235900879e+02
2.357074520587921143e+02
2.371756668090820312e+02
2.387058987617492676e+02
2.401600527763366699e+02
2.416442360877990723e+02
2.431584231853485107e+02
2.446166465282440186e+02
2.460838239192962646e+02
2.475781416893005371e+02
2.490382831096649170e+02
2.505490124225616455e+02
2.521207580566406250e+02
2.536260137557983398e+02
2.551172709465026855e+02
2.566717016696929932e+02
2.582209212779998779e+02
2.597059917449951172e+02
2.611831583976745605e+02
2.626754515171051025e+02
2.641586201190948486e+02
2.656830461025238037e+02
2.671452026367187500e+02
2.686293699741363525e+02
2.701124262809753418e+02
2.715996768474578857e+02
2.731549010276794434e+02
2.746976699829101562e+02
2.761954534053802490e+02
2.776736116409301758e+02
2.791914134025573730e+02
2.806751251220703125e+02
2.821853334903717041e+02
2.837009792327880859e+02
2.851807518005371094e+02
2.867020673751831055e+02
2.883173563480377197e+02
2.899306650161743164e+02
2.914939212799072266e+02
2.930661807060241699e+02
2.945593962669372559e+02
2.960606341361999512e+02
2.976169548034667969e+02
2.991201357841491699e+02
