1.576354727149009705e-02
1.773399114608764648e-02
1.839080639183521271e-02
1.871921122074127197e-02
1.970443315804004669e-02
2.791461534798145294e-02
3.152709081768989563e-02
4.991789907217025757e-02
8.637109398841857910e-02
1.441707760095596313e-01
2.361247837543487549e-01
2.952380776405334473e-01
4.075533747673034668e-01
4.558291435241699219e-01
4.876846969127655029e-01
5.307059884071350098e-01
5.612478852272033691e-01
5.770114660263061523e-01
5.894908905029296875e-01
6.137930154800415039e-01
6.137930154800415039e-01
6.252872943878173828e-01
6.351395249366760254e-01
6.472905874252319336e-01
6.571427583694458008e-01
6.591131687164306641e-01
6.587848663330078125e-01
6.735630631446838379e-01
6.702790260314941406e-01
6.906403303146362305e-01
6.929391622543334961e-01
6.817733049392700195e-01
6.922823190689086914e-01
6.903119683265686035e-01
6.840721964836120605e-01
7.139572501182556152e-01
6.981936693191528320e-01
7.034481763839721680e-01
7.054186463356018066e-01
6.972084045410156250e-01
7.073889970779418945e-01
7.047618627548217773e-01
7.047618031501770020e-01
7.169128060340881348e-01
7.080458402633666992e-01
7.162560820579528809e-01
7.205253839492797852e-01
7.149424552917480469e-01
7.155992388725280762e-01
7.231526374816894531e-01
7.218389511108398438e-01
7.274218797683715820e-01
7.287355065345764160e-01
7.224957942962646484e-01
7.284071445465087891e-01
7.297207713127136230e-01
7.412150502204895020e-01
7.290639877319335938e-01
7.326763868331909180e-01
7.270935177803039551e-01
7.471263408660888672e-01
7.293924093246459961e-01
7.261082530021667480e-01
7.353036999702453613e-01
7.366173863410949707e-01
7.399014234542846680e-01
7.359605431556701660e-01
7.379308938980102539e-01
7.438423037528991699e-01
7.402297854423522949e-01
7.300491929054260254e-01
7.454843521118164062e-01
7.484399676322937012e-01
7.356320619583129883e-01
7.533660531044006348e-01
7.566501498222351074e-01
7.530376911163330078e-01
7.619046568870544434e-01
7.510672211647033691e-01
7.592774033546447754e-01
7.425286769866943359e-01
7.497535943984985352e-01
7.513957023620605469e-01
7.622330784797668457e-01
7.500820159912109375e-01
7.586206197738647461e-01
7.536944746971130371e-01
7.642035484313964844e-01
7.517240643501281738e-01
7.523808479309082031e-01
7.622330784797668457e-01
7.441706657409667969e-01
7.510672807693481445e-01
7.556650042533874512e-01
7.520524859428405762e-01
7.546797394752502441e-01
7.422002553939819336e-01
7.500820159912109375e-01
7.418718338012695312e-01
7.507387995719909668e-01
7.484399676322937012e-01
7.546796798706054688e-01
7.701148986816406250e-01
7.536945343017578125e-01
7.714284658432006836e-01
7.477831244468688965e-01
7.559933662414550781e-01
7.619046568870544434e-01
7.671592235565185547e-01
7.533660531044006348e-01
7.671591639518737793e-01
7.592774629592895508e-01
7.592774033546447754e-01
7.523808479309082031e-01
7.523808479309082031e-01
7.520524263381958008e-01
7.684728503227233887e-01
7.599341869354248047e-01
7.543513178825378418e-01
7.694580554962158203e-01
7.691296339035034180e-01
7.638751268386840820e-01
7.605910301208496094e-01
7.596058249473571777e-01
7.658455371856689453e-01
7.711001038551330566e-01
7.596057653427124023e-01
7.655172348022460938e-01
7.563217282295227051e-01
7.681443691253662109e-01
7.592773437500000000e-01
7.622331380844116211e-01
7.658455371856689453e-01
7.605910301208496094e-01
7.622331380844116211e-01
7.635467052459716797e-01
7.546796798706054688e-01
7.671592235565185547e-01
7.688012123107910156e-01
7.674876451492309570e-01
7.658455371856689453e-01
7.642035484313964844e-01
7.599341869354248047e-01
7.622330784797668457e-01
7.648603916168212891e-01
7.665023803710937500e-01
7.678159475326538086e-01
7.697864174842834473e-01
7.612478733062744141e-01
7.711000442504882812e-01
7.546796798706054688e-01
7.816091179847717285e-01
7.566502094268798828e-01
7.520524859428405762e-01
7.559933662414550781e-01
7.655171155929565430e-01
7.579637765884399414e-01
7.556649446487426758e-01
7.717568278312683105e-01
7.543513178825378418e-01
7.674875259399414062e-01
7.671591639518737793e-01
7.737273573875427246e-01
7.625615000724792480e-01
7.684728503227233887e-01
7.655171155929565430e-01
7.632182836532592773e-01
7.645319700241088867e-01
7.638750672340393066e-01
7.720852494239807129e-01
7.697864174842834473e-01
7.701148390769958496e-01
7.638751268386840820e-01
7.569785714149475098e-01
7.681444287300109863e-01
7.658455371856689453e-01
7.559933662414550781e-01
7.704433202743530273e-01
7.589489817619323730e-01
7.674875259399414062e-01
7.651886940002441406e-01
7.605910301208496094e-01
7.661739587783813477e-01
7.750409245491027832e-01
7.763546109199523926e-01
7.747125625610351562e-01
7.720853686332702637e-01
7.694579958915710449e-01
7.678159475326538086e-01
7.724136710166931152e-01
7.701148986816406250e-01
7.704432010650634766e-01
7.674876451492309570e-01
7.612478733062744141e-01
7.750409245491027832e-01
7.750409841537475586e-01
7.586206197738647461e-01
7.707716226577758789e-01
7.691296935081481934e-01
7.648603320121765137e-01
