1.642036065459251404e-02
1.871921122074127197e-02
1.806239783763885498e-02
1.904761977493762970e-02
2.068965509533882141e-02
2.134646847844123840e-02
1.806239783763885498e-02
1.904761977493762970e-02
1.740558259189128876e-02
1.904761977493762970e-02
1.839080452919006348e-02
1.937602646648883820e-02
1.937602646648883820e-02
1.806239970028400421e-02
1.970443315804004669e-02
1.937602646648883820e-02
1.937602646648883820e-02
2.068965323269367218e-02
1.904761977493762970e-02
1.937602646648883820e-02
1.904761977493762970e-02
1.970443315804004669e-02
1.937602646648883820e-02
2.036124654114246368e-02
1.904761791229248047e-02
1.806239783763885498e-02
1.871921122074127197e-02
1.904761977493762970e-02
1.773398928344249725e-02
1.839080639183521271e-02
2.003284171223640442e-02
1.707717590034008026e-02
1.937602646648883820e-02
1.904761977493762970e-02
2.003284171223640442e-02
2.003284171223640442e-02
1.642036065459251404e-02
2.003283984959125519e-02
1.871921122074127197e-02
1.937602646648883820e-02
1.871921122074127197e-02
1.937602646648883820e-02
1.937602646648883820e-02
1.904761977493762970e-02
1.871921308338642120e-02
2.068965323269367218e-02
1.970443502068519592e-02
2.003283984959125519e-02
1.970443315804004669e-02
2.003283984959125519e-02
1.970443315804004669e-02
1.904761977493762970e-02
1.937602646648883820e-02
2.036124840378761292e-02
1.871921308338642120e-02
1.904761977493762970e-02
1.904761977493762970e-02
1.937602646648883820e-02
1.937602646648883820e-02
1.904761977493762970e-02
1.871921122074127197e-02
1.904761977493762970e-02
1.937602646648883820e-02
1.839080452919006348e-02
1.937602646648883820e-02
1.674876734614372253e-02
1.740558259189128876e-02
2.101806178689002991e-02
1.970443315804004669e-02
1.937602646648883820e-02
1.937602646648883820e-02
1.937602460384368896e-02
1.904761977493762970e-02
1.937602646648883820e-02
1.937602646648883820e-02
1.707717590034008026e-02
1.904761977493762970e-02
1.937602646648883820e-02
1.970443315804004669e-02
1.937602646648883820e-02
1.970443315804004669e-02
1.970443315804004669e-02
1.937602646648883820e-02
1.937602646648883820e-02
1.773399114608764648e-02
1.839080452919006348e-02
1.904761977493762970e-02
1.839080452919006348e-02
1.937602646648883820e-02
1.937602646648883820e-02
1.937602646648883820e-02
1.970443502068519592e-02
1.707717590034008026e-02
1.904761977493762970e-02
1.937602646648883820e-02
1.937602646648883820e-02
1.937602646648883820e-02
1.937602646648883820e-02
1.937602646648883820e-02
1.970443315804004669e-02
2.003284171223640442e-02
2.003283984959125519e-02
1.970443315804004669e-02
1.642036065459251404e-02
2.003283984959125519e-02
1.970443315804004669e-02
1.773399114608764648e-02
1.970443315804004669e-02
1.871921308338642120e-02
1.970443315804004669e-02
1.937602646648883820e-02
1.937602646648883820e-02
1.937602646648883820e-02
2.003283984959125519e-02
1.937602646648883820e-02
1.937602646648883820e-02
1.642036065459251404e-02
2.101806364953517914e-02
1.970443315804004669e-02
1.970443315804004669e-02
2.003283984959125519e-02
1.970443315804004669e-02
1.904761977493762970e-02
1.937602646648883820e-02
1.937602646648883820e-02
1.937602646648883820e-02
1.839080452919006348e-02
1.937602646648883820e-02
1.904761977493762970e-02
2.003283984959125519e-02
1.937602646648883820e-02
1.937602646648883820e-02
1.937602646648883820e-02
1.674876920878887177e-02
1.937602646648883820e-02
1.937602646648883820e-02
1.937602646648883820e-02
1.444991771131753922e-02
1.806239783763885498e-02
2.036124840378761292e-02
1.904761977493762970e-02
1.904761977493762970e-02
1.937602646648883820e-02
1.707717776298522949e-02
1.839080452919006348e-02
2.036124654114246368e-02
2.101806178689002991e-02
2.003284171223640442e-02
1.970443315804004669e-02
1.970443315804004669e-02
1.937602646648883820e-02
1.937602646648883820e-02
1.937602646648883820e-02
1.970443315804004669e-02
1.707717590034008026e-02
1.346469670534133911e-02
1.970443315804004669e-02
2.068965509533882141e-02
1.839080452919006348e-02
1.839080452919006348e-02
1.839080452919006348e-02
1.839080452919006348e-02
1.839080452919006348e-02
1.904761977493762970e-02
1.543514057993888855e-02
1.543513871729373932e-02
1.871921122074127197e-02
1.806239597499370575e-02
1.674876920878887177e-02
2.068965323269367218e-02
1.576354540884494781e-02
1.609195396304130554e-02
1.674876920878887177e-02
1.609195396304130554e-02
1.510673202574253082e-02
1.970443315804004669e-02
1.543513964861631393e-02
1.707717590034008026e-02
1.773398928344249725e-02
1.970443502068519592e-02
1.773399114608764648e-02
1.740558259189128876e-02
1.839080639183521271e-02
1.871921122074127197e-02
2.134647034108638763e-02
1.609195396304130554e-02
1.477832440286874771e-02
1.871921122074127197e-02
2.068965509533882141e-02
2.068965509533882141e-02
1.773399114608764648e-02
1.806239783763885498e-02
1.740558259189128876e-02
1.740558259189128876e-02
1.379310339689254761e-02
1.904761977493762970e-02
1.839080452919006348e-02
1.839080452919006348e-02
1.904761791229248047e-02
1.904761977493762970e-02
