1.272250580787658691e+01
2.299480223655700684e+01
3.263374829292297363e+01
4.468403911590576172e+01
5.318557858467102051e+01
6.208490157127380371e+01
7.527228355407714844e+01
8.621253943443298340e+01
9.437784123420715332e+01
1.044961295127868652e+02
1.073231377601623535e+02
1.087406444549560547e+02
1.121680793762207031e+02
1.160108091831207275e+02
1.187665364742279053e+02
1.215675797462463379e+02
1.269715518951416016e+02
1.287842736244201660e+02
1.303994202613830566e+02
1.318606836795806885e+02
1.333492953777313232e+02
1.348443574905395508e+02
1.365145444869995117e+02
1.379640736579895020e+02
1.398354656696319580e+02
1.422463328838348389e+02
1.436653404235839844e+02
1.449872801303863525e+02
1.466449699401855469e+02
1.481335270404815674e+02
1.495806243419647217e+02
1.508325128555297852e+02
1.521074190139770508e+02
1.533212816715240479e+02
1.545771739482879639e+02
1.558495767116546631e+02
1.571394937038421631e+02
1.586505672931671143e+02
1.599359805583953857e+02
1.612789347171783447e+02
1.627995145320892334e+02
1.639958641529083252e+02
1.653973600864410400e+02
1.665892074108123779e+02
1.683039247989654541e+02
1.708927638530731201e+02
1.726830363273620605e+02
1.743777401447296143e+02
1.773563566207885742e+02
1.796529877185821533e+02
1.821942927837371826e+02
1.845324540138244629e+02
1.882345843315124512e+02
1.917341833114624023e+02
1.932197377681732178e+02
1.946397459506988525e+02
1.959521787166595459e+02
1.974997782707214355e+02
1.988957700729370117e+02
2.002747497558593750e+02
2.015601627826690674e+02
2.032023291587829590e+02
2.045743036270141602e+02
2.060328400135040283e+02
2.076549921035766602e+02
2.089754304885864258e+02
2.107982261180877686e+02
2.120796365737915039e+02
2.137648334503173828e+02
2.155035686492919922e+02
2.170641777515411377e+02
2.185001966953277588e+02
2.199942584037780762e+02
2.212656617164611816e+02
2.227398540973663330e+02
2.242599346637725830e+02
2.257579982280731201e+02
2.272515592575073242e+02
2.286335415840148926e+02
2.301185958385467529e+02
2.316291689872741699e+02
2.331807711124420166e+02
2.347488853931427002e+02
2.365256483554840088e+02
2.381242835521697998e+02
2.393591611385345459e+02
2.407566537857055664e+02
2.424618663787841797e+02
2.441440606117248535e+02
2.455705730915069580e+02
2.468344712257385254e+02
2.485256733894348145e+02
2.519260888099670410e+02
2.535557463169097900e+02
2.551423740386962891e+02
2.567097404003143311e+02
2.585655596256256104e+02
2.615756974220275879e+02
2.638277978897094727e+02
2.662515199184417725e+02
2.704099731445312500e+02
2.753945150375366211e+02
2.774754922389984131e+02
2.794398884773254395e+02
2.816244404315948486e+02
2.838565261363983154e+02
2.856147747039794922e+02
2.871018307209014893e+02
2.886724472045898438e+02
2.906693656444549561e+02
2.920788671970367432e+02
2.938611335754394531e+02
2.955428285598754883e+02
2.975089681148529053e+02
2.989489903450012207e+02
3.007111890316009521e+02
3.028141820430755615e+02
3.040920901298522949e+02
3.054095256328582764e+02
3.068445448875427246e+02
3.082070128917694092e+02
3.096325266361236572e+02
3.114127910137176514e+02
3.133001320362091064e+02
3.147216410636901855e+02
3.159264972209930420e+02
3.173204877376556396e+02
3.185758793354034424e+02
3.199913864135742188e+02
3.215114650726318359e+02
3.230150332450866699e+02
3.244285373687744141e+02
3.256954371929168701e+02
3.269993636608123779e+02
3.284729104042053223e+02
3.296822700500488281e+02
3.310807626247406006e+02
3.322312719821929932e+02
3.334936690330505371e+02
3.347610702514648438e+02
3.359504139423370361e+02
3.372353267669677734e+02
3.385277457237243652e+02
3.400943579673767090e+02
3.413327374458312988e+02
3.425496027469635010e+02
3.438900547027587891e+02
3.451929800510406494e+02
3.464448697566986084e+02
3.477447926998138428e+02
3.489746673107147217e+02
3.503806653022766113e+02
3.515625052452087402e+02
3.528274042606353760e+02
3.540667843818664551e+02
3.553471941947937012e+02
3.565800697803497314e+02
3.580756316184997559e+02
3.592384583950042725e+02
3.604373111724853516e+02
3.616915049552917480e+02
3.630454523563385010e+02
3.642983427047729492e+02
3.655902600288391113e+02
3.668316421508789062e+02
3.680780038833618164e+02
3.694114520549774170e+02
3.707048699855804443e+02
3.719052231311798096e+02
3.730590424537658691e+02
3.744990649223327637e+02
3.757989888191223145e+02
3.770944089889526367e+02
3.782937762737274170e+02
3.795036206245422363e+02
3.807224864959716797e+02
3.819848833084106445e+02
3.831316983699798584e+02
3.843165400028228760e+02
3.855569260120391846e+02
3.868368315696716309e+02
3.881822865009307861e+02
3.894381804466247559e+02
3.907290949821472168e+02
3.920100054740905762e+02
3.960454080104827881e+02
3.986841275691986084e+02
4.004570217132568359e+02
4.018109834194183350e+02
4.040040426254272461e+02
4.054210481643676758e+02
4.067745099067687988e+02
4.083354470729827881e+02
4.098369908332824707e+02
4.112449905872344971e+02
4.124893746376037598e+02
4.137642800807952881e+02
4.151912944316864014e+02
4.165873050689697266e+02
4.182204651832580566e+02
