6.671240091323852539e+00
1.001461529731750488e+01
1.640515732765197754e+01
1.815239810943603516e+01
2.087244367599487305e+01
2.510381293296813965e+01
2.738962817192077637e+01
2.874164891242980957e+01
3.036695885658264160e+01
3.184404277801513672e+01
3.320412015914916992e+01
3.459944272041320801e+01
3.623560571670532227e+01
3.771365475654602051e+01
3.914667320251464844e+01
4.184560370445251465e+01
4.391492199897766113e+01
5.351126027107238770e+01
5.574614787101745605e+01
5.803937172889709473e+01
6.099504518508911133e+01
6.384716820716857910e+01
6.578854775428771973e+01
7.387929463386535645e+01
7.620445919036865234e+01
7.927614140510559082e+01
8.159242677688598633e+01
8.489377260208129883e+01
8.773096179962158203e+01
9.038054990768432617e+01
9.360484004020690918e+01
9.772688841819763184e+01
9.955268645286560059e+01
1.011738376617431641e+02
1.031307282447814941e+02
1.084460034370422363e+02
1.129907326698303223e+02
1.154514803886413574e+02
1.176250250339508057e+02
1.212816228866577148e+02
1.231944813728332520e+02
1.255376460552215576e+02
1.270211999416351318e+02
1.347083668708801270e+02
1.364120764732360840e+02
1.379256520271301270e+02
1.401357214450836182e+02
1.436129665374755859e+02
1.458695776462554932e+02
1.478659965991973877e+02
1.500140218734741211e+02
1.520044364929199219e+02
1.542945628166198730e+02
1.562139258384704590e+02
1.580717453956604004e+02
1.601312086582183838e+02
1.621821663379669189e+02
1.639824454784393311e+02
1.660639240741729736e+02
1.689085030555725098e+02
1.715038468837738037e+02
1.756567969322204590e+02
1.873325912952423096e+02
1.914455134868621826e+02
1.948305907249450684e+02
1.984141368865966797e+02
2.007042629718780518e+02
2.025785946846008301e+02
2.047001016139984131e+02
2.072574698925018311e+02
2.094310145378112793e+02
2.118278114795684814e+02
2.136711211204528809e+02
2.156495270729064941e+02
2.171605999469757080e+02
2.189248540401458740e+02
2.206105508804321289e+02
2.223783795833587646e+02
2.242026753425598145e+02
2.267955174446105957e+02
2.285757827758789062e+02
2.305947167873382568e+02
2.324135086536407471e+02
2.338334302902221680e+02
2.354936168193817139e+02
2.372597367763519287e+02
2.389204170703887939e+02
2.406514930725097656e+02
2.425003156661987305e+02
2.440671057701110840e+02
2.455826845169067383e+02
2.476399269104003906e+02
2.494231941699981689e+02
2.509682915210723877e+02
2.527590639591217041e+02
2.545954144001007080e+02
2.561485249996185303e+02
2.578011996746063232e+02
2.595038809776306152e+02
2.610629885196685791e+02
2.624949185848236084e+02
2.643926784992218018e+02
2.658046817779541016e+02
2.673092505931854248e+02
2.689754576683044434e+02
2.703760483264923096e+02
2.717119979858398438e+02
2.734059216976165771e+02
2.747293617725372314e+02
2.762177817821502686e+02
2.775722436904907227e+02
2.790122666358947754e+02
2.804011485576629639e+02
2.818671901226043701e+02
2.832886998653411865e+02
2.846363801956176758e+02
2.859413070678710938e+02
2.873923377990722656e+02
2.888868994712829590e+02
2.906201307773590088e+02
2.923518610000610352e+02
2.938549857139587402e+02
2.952304260730743408e+02
2.968151383399963379e+02
2.981951193809509277e+02
2.996886804103851318e+02
3.013068296909332275e+02
3.027503545284271240e+02
3.042684335708618164e+02
3.057624950408935547e+02
3.072445478439331055e+02
3.085649855136871338e+02
3.098794195652008057e+02
3.114390377998352051e+02
3.130146565437316895e+02
3.145503454208374023e+02
3.161044499874114990e+02
3.174273478984832764e+02
3.187312741279602051e+02
3.202109026908874512e+02
3.215188412666320801e+02
3.228672988414764404e+02
3.244439187049865723e+02
3.258934483528137207e+02
3.273855085372924805e+02
3.287855031490325928e+02
3.301464698314666748e+02
3.317736263275146484e+02
3.334283015727996826e+02
3.350429482460021973e+02
3.368782520294189453e+02
3.384223492145538330e+02
3.401973593235015869e+02
3.418520345687866211e+02
3.435097222328186035e+02
3.456467404365539551e+02
3.478593127727508545e+02
3.500438745021820068e+02
3.518691818714141846e+02
3.537857823371887207e+02
3.555032904148101807e+02
3.571434559822082520e+02
3.589935405254364014e+02
3.609352369308471680e+02
3.625518860816955566e+02
3.643624267578125000e+02
3.661026628017425537e+02
3.677443301677703857e+02
3.694080119132995605e+02
3.710486414432525635e+02
3.728504211902618408e+02
3.745522637367248535e+02
3.764767861366271973e+02
3.780459003448486328e+02
3.794589052200317383e+02
3.809778985977172852e+02
3.823848369121551514e+02
3.837212862968444824e+02
3.853172764778137207e+02
3.867723097801208496e+02
3.881728048324584961e+02
3.895058772563934326e+02
3.909093823432922363e+02
3.928181767463684082e+02
3.950442659854888916e+02
3.971102335453033447e+02
3.986573328971862793e+02
4.003760600090026855e+02
4.019121513366699219e+02
4.033882002830505371e+02
4.049790494441986084e+02
4.064140691757202148e+02
4.078190739154815674e+02
4.093776943683624268e+02
4.109828333854675293e+02
4.128161356449127197e+02
4.145918970108032227e+02
4.162440946102142334e+02
4.177146933078765869e+02
4.190921719074249268e+02
