1.295419692993164062e+00
2.351670265197753906e+00
3.420473098754882812e+00
4.577295541763305664e+00
5.679579019546508789e+00
6.798873901367187500e+00
7.965702533721923828e+00
9.132030963897705078e+00
1.021630144119262695e+01
1.150971984863281250e+01
1.259248948097229004e+01
1.385238480567932129e+01
1.501771163940429688e+01
1.611549186706542969e+01
1.720076298713684082e+01
1.828353238105773926e+01
1.936580181121826172e+01
2.057265877723693848e+01
2.175249648094177246e+01
2.280824637413024902e+01
2.406563997268676758e+01
2.514040350914001465e+01
2.630873346328735352e+01
2.737248873710632324e+01
2.845225596427917480e+01
2.954102993011474609e+01
3.062530040740966797e+01
3.173508882522583008e+01
3.282085967063903809e+01
3.391163444519042969e+01
3.525158619880676270e+01
3.631233978271484375e+01
3.743713927268981934e+01
3.859296083450317383e+01
3.974878144264221191e+01
4.092311525344848633e+01
4.199787926673889160e+01
4.312918305397033691e+01
4.433605360984802246e+01
4.557651329040527344e+01
4.667609477043151855e+01
4.813662838935852051e+01
4.969301056861877441e+01
5.107730031013488770e+01
5.247303438186645508e+01
5.385101294517517090e+01
5.503180813789367676e+01
5.621360397338867188e+01
5.731992745399475098e+01
5.855661725997924805e+01
5.966807651519775391e+01
6.076423859596252441e+01
6.179902815818786621e+01
6.286382174491882324e+01
6.388507103919982910e+01
6.519691252708435059e+01
6.623592662811279297e+01
6.728155684471130371e+01
6.835191917419433594e+01
6.949732255935668945e+01
7.054939079284667969e+01
7.165549063682556152e+01
7.280187535285949707e+01
7.436087656021118164e+01
7.589925813674926758e+01
7.703039789199829102e+01
7.818050980567932129e+01
7.921347951889038086e+01
8.043435144424438477e+01
8.156266283988952637e+01
8.268085026741027832e+01
8.437494945526123047e+01
8.570938897132873535e+01
8.686705207824707031e+01
8.795837354660034180e+01
8.918845105171203613e+01
9.075350022315979004e+01
9.186297535896301270e+01
9.294626402854919434e+01
9.425971794128417969e+01
9.546469616889953613e+01
9.786537408828735352e+01
9.974721956253051758e+01
1.032946951389312744e+02
1.051418931484222412e+02
1.082118418216705322e+02
1.096801586151123047e+02
1.111414635181427002e+02
1.126660158634185791e+02
1.157777256965637207e+02
1.173678674697875977e+02
1.194761559963226318e+02
1.208870246410369873e+02
1.221394221782684326e+02
1.233317465782165527e+02
1.245740334987640381e+02
1.256918272972106934e+02
1.267099781036376953e+02
1.277604615688323975e+02
1.288906629085540771e+02
1.300375037193298340e+02
1.312443349361419678e+02
1.323030877113342285e+02
1.334709606170654297e+02
1.345010213851928711e+02
1.355152864456176758e+02
1.367044034004211426e+02
1.378645982742309570e+02
1.390944716930389404e+02
1.404906625747680664e+02
1.417142477035522461e+02
1.428893275260925293e+02
1.440226953029632568e+02
1.458015868663787842e+02
1.472474908828735352e+02
1.483964786529541016e+02
1.495322856903076172e+02
1.509989595413208008e+02
1.528313024044036865e+02
1.543316252231597900e+02
1.556863808631896973e+02
1.570337047576904297e+02
1.583466610908508301e+02
1.600333662033081055e+02
1.612232551574707031e+02
1.623107697963714600e+02
1.633903701305389404e+02
1.646175608634948730e+02
1.657625336647033691e+02
1.674270727634429932e+02
1.686311268806457520e+02
1.698001437187194824e+02
1.710540337562561035e+02
1.722208640575408936e+02
1.733856902122497559e+02
1.745465145111083984e+02
1.756983003616333008e+02
1.769174199104309082e+02
1.781839227676391602e+02
1.795378854274749756e+02
1.809260156154632568e+02
1.820222260951995850e+02
1.830822544097900391e+02
1.841750314235687256e+02
1.853785557746887207e+02
1.864897637367248535e+02
1.875515177249908447e+02
1.886409173011779785e+02
1.897457020282745361e+02
1.908394789695739746e+02
1.919092388153076172e+02
1.930180265903472900e+02
1.941321828365325928e+02
1.956665198802947998e+02
1.970097367763519287e+02
1.984427492618560791e+02
2.010994417667388916e+02
2.038610529899597168e+02
2.091215200424194336e+02
2.111636242866516113e+02
2.126924357414245605e+02
2.138362829685211182e+02
2.151582932472229004e+02
2.165411887168884277e+02
2.178905282020568848e+02
2.190872318744659424e+02
2.204526286125183105e+02
2.217281143665313721e+02
2.229421668052673340e+02
2.241871676445007324e+02
2.260407123565673828e+02
2.273398578166961670e+02
2.297301781177520752e+02
2.330583000183105469e+02
2.381036684513092041e+02
2.405892901420593262e+02
2.420453250408172607e+02
2.432551841735839844e+02
2.447152228355407715e+02
2.460992047786712646e+02
2.473290784358978271e+02
2.488271977901458740e+02
2.500080363750457764e+02
2.511738650798797607e+02
2.525598499774932861e+02
2.540509731769561768e+02
2.554942820072174072e+02
2.569963493347167969e+02
2.585681273937225342e+02
2.604314503669738770e+02
2.627833559513092041e+02
2.669384388923645020e+02
2.686586604118347168e+02
2.706210546493530273e+02
2.719630086421966553e+02
2.733409867286682129e+02
2.747850139141082764e+02
2.767454071044921875e+02
2.788579065799713135e+02
2.843998432159423828e+02
