1.247947476804256439e-02
2.200328186154365540e-02
1.970443315804004669e-02
1.444991864264011383e-02
1.247947383671998978e-02
1.642036251723766327e-02
1.740558445453643799e-02
1.609195396304130554e-02
1.904761977493762970e-02
2.003284171223640442e-02
1.510673202574253082e-02
1.773399114608764648e-02
1.477832533419132233e-02
1.609195396304130554e-02
1.937602460384368896e-02
1.477832626551389694e-02
1.510673202574253082e-02
1.839080452919006348e-02
1.839080452919006348e-02
1.379310339689254761e-02
1.379310246556997299e-02
2.101806178689002991e-02
1.806239783763885498e-02
2.003283984959125519e-02
1.477832626551389694e-02
1.904761977493762970e-02
1.412151008844375610e-02
2.101806178689002991e-02
1.773399114608764648e-02
1.806239597499370575e-02
1.904761791229248047e-02
1.773398928344249725e-02
1.806239597499370575e-02
1.904761791229248047e-02
1.576354727149009705e-02
1.904761791229248047e-02
1.707717403769493103e-02
1.609195396304130554e-02
2.036124840378761292e-02
1.379310525953769684e-02
1.970443502068519592e-02
1.773399114608764648e-02
1.806239783763885498e-02
1.773399114608764648e-02
1.773398928344249725e-02
2.101806178689002991e-02
1.609195396304130554e-02
1.904761977493762970e-02
1.839080452919006348e-02
1.806239783763885498e-02
2.134646661579608917e-02
1.674876920878887177e-02
1.642036251723766327e-02
1.970443315804004669e-02
1.937602460384368896e-02
1.740558259189128876e-02
1.806239597499370575e-02
2.036124840378761292e-02
2.036124654114246368e-02
1.871921308338642120e-02
1.740558072924613953e-02
2.101806178689002991e-02
1.510673388838768005e-02
1.904761791229248047e-02
1.871920935809612274e-02
1.543513964861631393e-02
1.871921122074127197e-02
1.937602646648883820e-02
1.904761791229248047e-02
1.773398928344249725e-02
1.543513871729373932e-02
1.773399114608764648e-02
2.298850566148757935e-02
2.003284171223640442e-02
2.528735622763633728e-02
2.692939154803752899e-02
3.185550123453140259e-02
4.400656744837760925e-02
5.845648795366287231e-02
6.436780840158462524e-02
6.830869615077972412e-02
8.374384790658950806e-02
9.885057806968688965e-02
1.126436740159988403e-01
1.162561625242233276e-01
1.129720881581306458e-01
1.376026272773742676e-01
1.422003209590911865e-01
1.599343121051788330e-01
1.770114898681640625e-01
1.839080452919006348e-01
2.055829167366027832e-01
2.210180610418319702e-01
2.426929324865341187e-01
2.417077124118804932e-01
2.610837519168853760e-01
2.715927660465240479e-01
2.768472731113433838e-01
2.935960590839385986e-01
3.100163936614990234e-01
3.136289119720458984e-01
3.234810829162597656e-01
3.241379261016845703e-01
3.422003090381622314e-01
3.444991707801818848e-01
3.441707491874694824e-01
3.658456206321716309e-01
3.724137842655181885e-01
3.822659850120544434e-01
3.779966831207275391e-01
3.940886259078979492e-01
4.019703865051269531e-01
4.151066839694976807e-01
4.101805686950683594e-01
4.252873063087463379e-01
4.226600527763366699e-01
4.256157279014587402e-01
4.361247718334197998e-01
4.364531636238098145e-01
4.525451064109802246e-01
4.466337859630584717e-01
4.397372305393218994e-01
4.548439979553222656e-01
4.551723599433898926e-01
4.801313281059265137e-01
4.673234522342681885e-01
4.807881414890289307e-01
4.794745147228240967e-01
4.679802358150482178e-01
4.965517222881317139e-01
4.830870032310485840e-01
4.811165332794189453e-01
5.027914047241210938e-01
4.981937408447265625e-01
5.103448033332824707e-01
5.064039230346679688e-01
5.060755014419555664e-01
5.060755610466003418e-01
5.129720568656921387e-01
5.228242874145507812e-01
5.264367461204528809e-01
5.218390226364135742e-01
5.379310250282287598e-01
5.178981423377990723e-01
5.313628315925598145e-01
5.316912531852722168e-01
5.395730137825012207e-01
5.441707372665405273e-01
5.543513894081115723e-01
5.408866405487060547e-01
5.356321334838867188e-01
5.582922697067260742e-01
5.458127856254577637e-01
5.651887655258178711e-01
5.464695692062377930e-01
5.632183551788330078e-01
5.596058368682861328e-01
5.576353669166564941e-01
5.615763068199157715e-01
5.612479448318481445e-01
5.681444406509399414e-01
5.832511782646179199e-01
5.786534547805786133e-01
5.789818763732910156e-01
5.855500102043151855e-01
5.822659730911254883e-01
5.714285373687744141e-01
5.960590243339538574e-01
5.707716941833496094e-01
5.878488421440124512e-01
5.763546228408813477e-01
5.908045172691345215e-01
5.871920585632324219e-01
5.996714830398559570e-01
5.937602519989013672e-01
5.842364430427551270e-01
6.006567478179931641e-01
5.921181440353393555e-01
5.944170355796813965e-01
6.062396764755249023e-01
5.990146994590759277e-01
5.970442295074462891e-01
5.990146994590759277e-01
6.006567478179931641e-01
6.101806163787841797e-01
6.042692661285400391e-01
6.124793887138366699e-01
6.072248816490173340e-01
6.190475225448608398e-01
6.193760037422180176e-01
6.134645938873291016e-01
6.111657619476318359e-01
6.243020892143249512e-01
6.124793887138366699e-01
6.311986446380615234e-01
6.223316192626953125e-01
6.367815732955932617e-01
6.298850178718566895e-01
6.344826221466064453e-01
6.243021488189697266e-01
