1.231365203857421875e+00
2.280277967453002930e+00
3.371224164962768555e+00
4.586668729782104492e+00
5.664158582687377930e+00
6.714215040206909180e+00
7.737304449081420898e+00
8.758303642272949219e+00
9.749224424362182617e+00
1.076301383972167969e+01
1.176916694641113281e+01
1.276571655273437500e+01
1.376891350746154785e+01
1.480844807624816895e+01
1.580787181854248047e+01
1.681039619445800781e+01
1.782010841369628906e+01
1.884040832519531250e+01
1.982947468757629395e+01
2.082775855064392090e+01
2.182813000679016113e+01
2.282823801040649414e+01
2.384517717361450195e+01
2.486564350128173828e+01
2.588737726211547852e+01
2.689918065071105957e+01
2.791420698165893555e+01
2.894760060310363770e+01
2.996559143066406250e+01
3.097298431396484375e+01
3.198198533058166504e+01
3.297976160049438477e+01
3.400079417228698730e+01
3.500733423233032227e+01
3.601725959777832031e+01
3.702747559547424316e+01
3.804871940612792969e+01
3.907379722595214844e+01
4.009094023704528809e+01
4.111429119110107422e+01
4.214662623405456543e+01
4.315681529045104980e+01
4.415880203247070312e+01
4.518476033210754395e+01
4.619030547142028809e+01
4.721077370643615723e+01
4.825968074798583984e+01
4.929877161979675293e+01
5.031614708900451660e+01
5.132450151443481445e+01
5.234384584426879883e+01
5.336264300346374512e+01
5.437299561500549316e+01
5.540677595138549805e+01
5.642423176765441895e+01
5.744071817398071289e+01
5.847504544258117676e+01
5.951382708549499512e+01
6.052536392211914062e+01
6.154424929618835449e+01
6.256826305389404297e+01
6.358873534202575684e+01
6.465930151939392090e+01
6.568046402931213379e+01
6.672211289405822754e+01
6.772637033462524414e+01
6.878084802627563477e+01
6.984014439582824707e+01
7.086199665069580078e+01
7.189667916297912598e+01
7.293756556510925293e+01
7.395523047447204590e+01
7.496486115455627441e+01
7.598597526550292969e+01
7.701416134834289551e+01
7.806718826293945312e+01
7.919672632217407227e+01
8.036655759811401367e+01
8.153271937370300293e+01
8.268357419967651367e+01
8.379254460334777832e+01
8.492139983177185059e+01
8.607321810722351074e+01
8.712833285331726074e+01
8.815953350067138672e+01
8.917903923988342285e+01
9.020276665687561035e+01
9.124179983139038086e+01
9.229434084892272949e+01
9.338033151626586914e+01
9.442622613906860352e+01
9.548818612098693848e+01
9.655160570144653320e+01
9.763822102546691895e+01
9.866930556297302246e+01
9.978118371963500977e+01
1.007992274761199951e+02
1.018283433914184570e+02
1.028698873519897461e+02
1.039003744125366211e+02
1.049463560581207275e+02
1.059837045669555664e+02
1.070194396972656250e+02
1.081178035736083984e+02
1.091613616943359375e+02
1.101805238723754883e+02
1.112043499946594238e+02
1.122317430973052979e+02
1.132727663516998291e+02
1.143072519302368164e+02
1.153568539619445801e+02
1.164189476966857910e+02
1.174416520595550537e+02
1.184760916233062744e+02
1.194993178844451904e+02
1.205107290744781494e+02
1.215436732769012451e+02
1.225748682022094727e+02
1.236097555160522461e+02
1.246689805984497070e+02
1.257070496082305908e+02
1.267440197467803955e+02
1.277794735431671143e+02
1.288049383163452148e+02
1.298422453403472900e+02
1.308846886157989502e+02
1.319236936569213867e+02
1.329526920318603516e+02
1.339818880558013916e+02
1.350186560153961182e+02
1.360355684757232666e+02
1.370677087306976318e+02
1.381024439334869385e+02
1.391372203826904297e+02
1.401634354591369629e+02
1.412357070446014404e+02
1.423064703941345215e+02
1.434604349136352539e+02
1.470792791843414307e+02
1.530385124683380127e+02
1.541347911357879639e+02
1.552052400112152100e+02
1.562987685203552246e+02
1.575233469009399414e+02
1.604184036254882812e+02
1.618584263324737549e+02
1.634695711135864258e+02
1.653644170761108398e+02
1.671927161216735840e+02
1.688428883552551270e+02
1.703349478244781494e+02
1.714884469509124756e+02
1.726778945922851562e+02
1.738565080165863037e+02
1.750109777450561523e+02
1.762043557167053223e+02
1.774135503768920898e+02
1.785642721652984619e+02
1.797428140640258789e+02
1.809389700889587402e+02
1.820869512557983398e+02
1.832464671134948730e+02
1.844028232097625732e+02
1.855584282875061035e+02
1.867214159965515137e+02
1.878907794952392578e+02
1.891331620216369629e+02
1.903028481006622314e+02
1.914749445915222168e+02
1.927143247127532959e+02
1.938596017360687256e+02
1.949443392753601074e+02
1.960156061649322510e+02
1.970836708545684814e+02
1.981147270202636719e+02
1.991673345565795898e+02
2.002374782562255859e+02
2.012988986968994141e+02
2.023556928634643555e+02
2.034029040336608887e+02
2.044387602806091309e+02
2.055979366302490234e+02
2.066683323383331299e+02
2.077173132896423340e+02
2.087599747180938721e+02
2.098127083778381348e+02
2.108579280376434326e+02
2.119231522083282471e+02
2.130047798156738281e+02
2.140837280750274658e+02
2.151237928867340088e+02
2.161623728275299072e+02
2.172290952205657959e+02
2.182982492446899414e+02
2.193897001743316650e+02
2.204767956733703613e+02
2.215468800067901611e+02
2.226486864089965820e+02
2.237172248363494873e+02
2.248044273853302002e+02
