2.052785828709602356e-02
1.270772237330675125e-02
1.173020526766777039e-02
1.564027369022369385e-02
1.173020526766777039e-02
1.857282593846321106e-02
1.661778986454010010e-02
1.857282407581806183e-02
1.270772237330675125e-02
1.759530790150165558e-02
1.466275658458471298e-02
7.820136845111846924e-03
1.173020526766777039e-02
1.857282593846321106e-02
1.564027369022369385e-02
1.270772237330675125e-02
1.466275658458471298e-02
1.759530603885650635e-02
1.270772237330675125e-02
1.564027369022369385e-02
1.368523947894573212e-02
1.955034211277961731e-02
1.759530603885650635e-02
1.466275658458471298e-02
1.759530790150165558e-02
9.775171056389808655e-03
1.466275658458471298e-02
1.857282593846321106e-02
1.857282593846321106e-02
1.564027369022369385e-02
1.173020526766777039e-02
1.955034211277961731e-02
1.564027369022369385e-02
1.368523947894573212e-02
1.270772237330675125e-02
1.857282593846321106e-02
1.173020526766777039e-02
1.368523947894573212e-02
1.466275658458471298e-02
2.052786014974117279e-02
1.759530790150165558e-02
1.466275658458471298e-02
1.270772237330675125e-02
1.466275658458471298e-02
2.248289063572883606e-02
2.150537818670272827e-02
1.564027369022369385e-02
1.270772237330675125e-02
1.368523947894573212e-02
6.842619739472866058e-03
1.270772237330675125e-02
1.661778986454010010e-02
1.857282407581806183e-02
1.075268816202878952e-02
1.466275658458471298e-02
2.150537818670272827e-02
1.955034211277961731e-02
1.661778986454010010e-02
1.564027369022369385e-02
1.368523947894573212e-02
1.564027369022369385e-02
1.368523947894573212e-02
1.368523947894573212e-02
1.270772237330675125e-02
1.270772237330675125e-02
1.466275658458471298e-02
1.270772237330675125e-02
1.955034211277961731e-02
1.759530790150165558e-02
1.270772237330675125e-02
1.661778986454010010e-02
2.150537446141242981e-02
1.661778986454010010e-02
1.661778986454010010e-02
1.270772237330675125e-02
1.759530603885650635e-02
1.857282593846321106e-02
1.270772237330675125e-02
1.661778986454010010e-02
1.564027369022369385e-02
1.466275658458471298e-02
1.173020526766777039e-02
1.759530603885650635e-02
1.564027369022369385e-02
9.775171056389808655e-03
1.173020526766777039e-02
1.759530790150165558e-02
1.270772237330675125e-02
1.270772237330675125e-02
1.857282593846321106e-02
1.270772237330675125e-02
1.759530790150165558e-02
1.368523947894573212e-02
1.270772237330675125e-02
1.466275658458471298e-02
1.075268816202878952e-02
1.955034211277961731e-02
1.368523947894573212e-02
1.466275658458471298e-02
1.759530790150165558e-02
1.564027369022369385e-02
1.270772237330675125e-02
1.466275658458471298e-02
9.775171056389808655e-03
1.173020526766777039e-02
1.368523947894573212e-02
1.955034211277961731e-02
1.368523947894573212e-02
1.661778986454010010e-02
1.368523947894573212e-02
1.955034211277961731e-02
1.564027369022369385e-02
1.173020526766777039e-02
1.270772237330675125e-02
1.564027369022369385e-02
1.466275658458471298e-02
1.759530603885650635e-02
1.564027369022369385e-02
1.759530790150165558e-02
1.661778986454010010e-02
1.466275658458471298e-02
1.368523947894573212e-02
1.661778986454010010e-02
1.368523947894573212e-02
1.173020526766777039e-02
1.661778986454010010e-02
1.368523947894573212e-02
1.661778986454010010e-02
1.368523947894573212e-02
1.270772237330675125e-02
1.564027369022369385e-02
1.955034025013446808e-02
1.564027369022369385e-02
1.466275658458471298e-02
1.661778986454010010e-02
2.052785828709602356e-02
1.368523947894573212e-02
1.173020526766777039e-02
1.564027369022369385e-02
1.270772237330675125e-02
1.173020526766777039e-02
9.775171056389808655e-03
1.368523947894573212e-02
1.661778986454010010e-02
1.857282407581806183e-02
1.857282593846321106e-02
8.797653950750827789e-03
2.248289249837398529e-02
1.270772237330675125e-02
1.368523947894573212e-02
1.759530603885650635e-02
1.368523947894573212e-02
1.857282593846321106e-02
1.759530790150165558e-02
1.857282221317291260e-02
1.564027369022369385e-02
1.955034211277961731e-02
1.466275658458471298e-02
1.564027369022369385e-02
1.270772237330675125e-02
1.075268816202878952e-02
1.857282407581806183e-02
1.466275658458471298e-02
1.075268816202878952e-02
1.564027369022369385e-02
1.466275658458471298e-02
1.661778986454010010e-02
2.150537632405757904e-02
1.466275658458471298e-02
1.759530790150165558e-02
1.661778986454010010e-02
1.466275658458471298e-02
1.564027369022369385e-02
1.564027369022369385e-02
1.466275658458471298e-02
1.955034211277961731e-02
1.466275658458471298e-02
1.661778986454010010e-02
9.775171056389808655e-03
2.150537446141242981e-02
1.955034211277961731e-02
2.150537446141242981e-02
1.759530603885650635e-02
1.466275658458471298e-02
2.052785828709602356e-02
1.661778986454010010e-02
1.661778986454010010e-02
2.052785828709602356e-02
2.248289249837398529e-02
1.955034211277961731e-02
2.150537446141242981e-02
2.443792484700679779e-02
2.150537446141242981e-02
1.955034211277961731e-02
2.541544474661350250e-02
2.150537632405757904e-02
2.150537632405757904e-02
2.150537632405757904e-02
2.346041053533554077e-02
2.541544660925865173e-02
