1.270772237330675125e-02
2.052785828709602356e-02
1.564027369022369385e-02
9.775171056389808655e-03
1.466275658458471298e-02
1.270772237330675125e-02
8.797653950750827789e-03
8.797653950750827789e-03
1.075268816202878952e-02
1.173020526766777039e-02
2.346041053533554077e-02
1.466275658458471298e-02
1.661778986454010010e-02
1.466275658458471298e-02
1.270772237330675125e-02
1.857282407581806183e-02
1.270772237330675125e-02
2.052786014974117279e-02
2.150537632405757904e-02
1.759530603885650635e-02
1.661778986454010010e-02
1.368523947894573212e-02
1.075268816202878952e-02
2.052785828709602356e-02
1.466275658458471298e-02
1.759530790150165558e-02
1.661778986454010010e-02
1.564027369022369385e-02
1.564027369022369385e-02
1.955034211277961731e-02
1.955034211277961731e-02
1.759530790150165558e-02
1.466275658458471298e-02
1.368523947894573212e-02
1.759530603885650635e-02
2.052785828709602356e-02
1.564027369022369385e-02
1.564027369022369385e-02
1.564027369022369385e-02
1.759530790150165558e-02
1.759530790150165558e-02
3.910068422555923462e-03
9.775171056389808655e-03
2.052785828709602356e-02
2.834799513220787048e-02
1.661778986454010010e-02
1.564027369022369385e-02
1.270772237330675125e-02
1.955034211277961731e-02
1.368523947894573212e-02
2.052785828709602356e-02
1.466275658458471298e-02
2.052786014974117279e-02
1.857282407581806183e-02
8.797653950750827789e-03
1.955034211277961731e-02
1.564027369022369385e-02
1.173020526766777039e-02
2.248289249837398529e-02
2.346041053533554077e-02
2.052786014974117279e-02
1.075268816202878952e-02
2.150537632405757904e-02
1.564027369022369385e-02
1.564027369022369385e-02
1.759530603885650635e-02
1.466275658458471298e-02
1.466275658458471298e-02
9.775171056389808655e-03
1.564027369022369385e-02
1.466275658458471298e-02
2.052786014974117279e-02
1.759530790150165558e-02
1.661778986454010010e-02
2.052785828709602356e-02
2.639296278357505798e-02
1.564027369022369385e-02
1.661778986454010010e-02
1.466275658458471298e-02
1.661778986454010010e-02
2.346041053533554077e-02
1.759530790150165558e-02
1.857282593846321106e-02
1.955034211277961731e-02
1.661778986454010010e-02
1.661778986454010010e-02
1.466275658458471298e-02
1.466275658458471298e-02
6.842619739472866058e-03
2.248289249837398529e-02
1.759530603885650635e-02
1.955034211277961731e-02
1.368523947894573212e-02
1.955034211277961731e-02
2.248289249837398529e-02
2.150537446141242981e-02
1.466275658458471298e-02
1.368523947894573212e-02
2.052785828709602356e-02
1.661778986454010010e-02
1.466275658458471298e-02
1.955034211277961731e-02
1.661778986454010010e-02
1.075268816202878952e-02
1.955034025013446808e-02
1.955034211277961731e-02
2.443792670965194702e-02
1.955034211277961731e-02
1.075268816202878952e-02
2.052785828709602356e-02
2.248289436101913452e-02
1.661778986454010010e-02
1.173020526766777039e-02
1.466275658458471298e-02
2.052785828709602356e-02
1.955034211277961731e-02
2.346040867269039154e-02
1.368523947894573212e-02
1.564027369022369385e-02
2.834799513220787048e-02
2.541544288396835327e-02
3.030303120613098145e-02
3.225806355476379395e-02
2.834799513220787048e-02
4.887585714459419250e-02
4.496578872203826904e-02
5.180840194225311279e-02
6.744868308305740356e-02
6.158357858657836914e-02
7.526881247758865356e-02
6.451613456010818481e-02
8.113391697406768799e-02
7.038123160600662231e-02
9.481915831565856934e-02
9.481915831565856934e-02
9.970674663782119751e-02
1.036168187856674194e-01
1.094819232821464539e-01
1.133919805288314819e-01
1.260997056961059570e-01
1.397849321365356445e-01
1.270772218704223633e-01
1.505376249551773071e-01
1.339198499917984009e-01
1.309872865676879883e-01
1.309872865676879883e-01
1.427174955606460571e-01
1.407624632120132446e-01
1.554252058267593384e-01
1.739980429410934448e-01
1.906158328056335449e-01
1.759530603885650635e-01
1.955034434795379639e-01
1.974584609270095825e-01
2.023460417985916138e-01
2.043010592460632324e-01
1.964809447526931763e-01
2.023460417985916138e-01
2.199413478374481201e-01
2.287389934062957764e-01
2.082111388444900513e-01
2.013685107231140137e-01
2.111437022686004639e-01
2.414467334747314453e-01
2.453567981719970703e-01
2.394917011260986328e-01
2.531769275665283203e-01
2.521994113922119141e-01
2.707722187042236328e-01
2.727272510528564453e-01
2.697947323322296143e-01
2.766373157501220703e-01
2.551319599151611328e-01
2.795698940753936768e-01
2.815249264240264893e-01
2.883675396442413330e-01
2.746823132038116455e-01
3.118279278278350830e-01
3.049853444099426270e-01
3.137829601764678955e-01
3.079178929328918457e-01
3.098728954792022705e-01
3.128054738044738770e-01
3.176930546760559082e-01
3.216031193733215332e-01
3.362658619880676270e-01
3.264907002449035645e-01
3.225806355476379395e-01
3.255131840705871582e-01
3.401759266853332520e-01
3.431084752082824707e-01
3.372434079647064209e-01
3.391984105110168457e-01
3.558162152767181396e-01
3.538611829280853271e-01
3.460410535335540771e-01
3.489736020565032959e-01
3.763440549373626709e-01
3.597263097763061523e-01
3.792766928672790527e-01
