1.157963275909423828e+00
2.178741931915283203e+00
3.161527395248413086e+00
4.169975996017456055e+00
5.183455944061279297e+00
6.220690727233886719e+00
7.241433620452880859e+00
8.277474641799926758e+00
9.283754587173461914e+00
1.030794668197631836e+01
1.133489871025085449e+01
1.235542201995849609e+01
1.334335899353027344e+01
1.438484549522399902e+01
1.541160011291503906e+01
1.645083928108215332e+01
1.745584082603454590e+01
1.848547530174255371e+01
1.948150968551635742e+01
2.047600317001342773e+01
2.149942326545715332e+01
2.254246807098388672e+01
2.353947877883911133e+01
2.455624818801879883e+01
2.559346389770507812e+01
2.663547849655151367e+01
2.771191525459289551e+01
2.877397966384887695e+01
2.977719306945800781e+01
3.080842471122741699e+01
3.181751704216003418e+01
3.284093141555786133e+01
3.384576773643493652e+01
3.487188792228698730e+01
3.591142845153808594e+01
3.694049692153930664e+01
3.798557043075561523e+01
3.902639436721801758e+01
4.004945254325866699e+01
4.106689047813415527e+01
4.210064196586608887e+01
4.315989589691162109e+01
4.417748355865478516e+01
4.522179746627807617e+01
4.624185276031494141e+01
4.725073766708374023e+01
4.829489254951477051e+01
4.934549617767333984e+01
5.037998342514038086e+01
5.143996453285217285e+01
5.247338271141052246e+01
5.349948287010192871e+01
5.453649425506591797e+01
5.554374718666076660e+01
5.658047795295715332e+01
5.765939998626708984e+01
5.871622109413146973e+01
5.976127290725708008e+01
6.080229663848876953e+01
6.180936121940612793e+01
6.283158826828002930e+01
6.388046312332153320e+01
6.490621304512023926e+01
6.595547246932983398e+01
6.697495913505554199e+01
6.801775145530700684e+01
6.905454897880554199e+01
7.009436821937561035e+01
7.110837221145629883e+01
7.216210293769836426e+01
7.320340323448181152e+01
7.425536441802978516e+01
7.527150034904479980e+01
7.633900427818298340e+01
7.736667752265930176e+01
7.840187931060791016e+01
7.943396735191345215e+01
8.047671604156494141e+01
8.153783631324768066e+01
8.259795165061950684e+01
8.361226320266723633e+01
8.465294909477233887e+01
8.566899442672729492e+01
8.670338463783264160e+01
8.775752449035644531e+01
8.876670408248901367e+01
8.981629538536071777e+01
9.086487126350402832e+01
9.191139626502990723e+01
9.293538713455200195e+01
9.394272470474243164e+01
9.497938680648803711e+01
9.601437592506408691e+01
9.707613134384155273e+01
9.814952850341796875e+01
9.921334195137023926e+01
1.002426221370697021e+02
1.013094298839569092e+02
1.023529694080352783e+02
1.034186370372772217e+02
1.044565672874450684e+02
1.055028400421142578e+02
1.065234410762786865e+02
1.076079921722412109e+02
1.086568312644958496e+02
1.096949005126953125e+02
1.107575094699859619e+02
1.118189926147460938e+02
1.128800404071807861e+02
1.139400117397308350e+02
1.150109548568725586e+02
1.160472576618194580e+02
1.170683844089508057e+02
1.181288440227508545e+02
1.191983790397644043e+02
1.202740979194641113e+02
1.213325183391571045e+02
1.223484578132629395e+02
1.234287290573120117e+02
1.244553532600402832e+02
1.254819655418395996e+02
1.265583217144012451e+02
1.276207473278045654e+02
1.287085187435150146e+02
1.297654104232788086e+02
1.308199803829193115e+02
1.318779890537261963e+02
1.329344832897186279e+02
1.340493350028991699e+02
1.351109783649444580e+02
1.361732599735260010e+02
1.372365059852600098e+02
1.382852299213409424e+02
1.393598687648773193e+02
1.404124829769134521e+02
1.414735283851623535e+02
1.425054645538330078e+02
1.435680072307586670e+02
1.446425831317901611e+02
1.457534279823303223e+02
1.468189578056335449e+02
1.478785240650177002e+02
1.489178736209869385e+02
1.500173752307891846e+02
1.510970051288604736e+02
1.521370699405670166e+02
1.532184011936187744e+02
1.542693510055541992e+02
1.552829697132110596e+02
1.563440351486206055e+02
1.574210033416748047e+02
1.584869661331176758e+02
1.595225059986114502e+02
1.605919320583343506e+02
1.617034752368927002e+02
1.627490220069885254e+02
1.637933828830718994e+02
1.648573515415191650e+02
1.659133505821228027e+02
1.669285295009613037e+02
1.680139214992523193e+02
1.690693771839141846e+02
1.701065182685852051e+02
1.711804502010345459e+02
1.722369091510772705e+02
1.732887334823608398e+02
1.743593225479125977e+02
1.754231691360473633e+02
1.764878184795379639e+02
1.775753707885742188e+02
1.786388168334960938e+02
1.797071983814239502e+02
1.807785065174102783e+02
1.818390152454376221e+02
1.829099924564361572e+02
1.839578659534454346e+02
1.850024137496948242e+02
1.860643906593322754e+02
1.871479523181915283e+02
1.881964662075042725e+02
1.892619407176971436e+02
1.903414797782897949e+02
1.913793399333953857e+02
1.924393994808197021e+02
1.934627125263214111e+02
1.945405070781707764e+02
1.955950577259063721e+02
1.966578657627105713e+02
1.977143671512603760e+02
1.987909657955169678e+02
1.998768620491027832e+02
2.009593949317932129e+02
2.020164122581481934e+02
2.031240108013153076e+02
2.041700026988983154e+02
2.052459259033203125e+02
2.063343918323516846e+02
2.073993053436279297e+02
2.084923653602600098e+02
2.095799608230590820e+02
