1.341453552246093750e+00
2.531300067901611328e+00
3.686621665954589844e+00
4.854952812194824219e+00
6.064813375473022461e+00
7.229641914367675781e+00
8.409981489181518555e+00
9.638355255126953125e+00
1.083420586585998535e+01
1.201604652404785156e+01
1.318237614631652832e+01
1.438573241233825684e+01
1.554655790328979492e+01
1.675691843032836914e+01
1.798929572105407715e+01
1.918614673614501953e+01
2.036798739433288574e+01
2.153882026672363281e+01
2.271065378189086914e+01
2.388298773765563965e+01
2.508934545516967773e+01
2.628269481658935547e+01
2.745552897453308105e+01
2.864487481117248535e+01
2.984372735023498535e+01
3.104308032989501953e+01
3.226094698905944824e+01
3.345529675483703613e+01
3.463213348388671875e+01
3.580997157096862793e+01
3.701582980155944824e+01
3.818866324424743652e+01
3.937700939178466797e+01
4.056935715675354004e+01
4.178822374343872070e+01
4.301159405708312988e+01
4.420794486999511719e+01
4.538678359985351562e+01
4.660264825820922852e+01
4.780700492858886719e+01
4.900585794448852539e+01
5.020621180534362793e+01
5.141807436943054199e+01
5.260091590881347656e+01
5.380677270889282227e+01
5.503514623641967773e+01
5.620547914505004883e+01
5.738181567192077637e+01
5.859167671203613281e+01
6.002919912338256836e+01
6.132812261581420898e+01
6.256950545310974121e+01
6.375184726715087891e+01
6.493769073486328125e+01
6.614554953575134277e+01
6.733189320564270020e+01
6.851723623275756836e+01
6.972059249877929688e+01
7.091444182395935059e+01
7.215982770919799805e+01
7.335517764091491699e+01
7.457404494285583496e+01
7.579741549491882324e+01
7.698375892639160156e+01
7.819562101364135742e+01
7.940648245811462402e+01
8.060283350944519043e+01
8.178567433357238770e+01
8.298668336868286133e+01
8.416101789474487305e+01
8.534986376762390137e+01
8.654471349716186523e+01
8.774156522750854492e+01
8.893791651725769043e+01
9.015528249740600586e+01
9.136113953590393066e+01
9.256649684906005859e+01
9.378636455535888672e+01
9.498371672630310059e+01
9.618957448005676270e+01
9.739643263816833496e+01
9.861529994010925293e+01
9.985568213462829590e+01
1.010610394477844238e+02
1.022714002132415771e+02
1.034932692050933838e+02
1.047131376266479492e+02
1.059059855937957764e+02
1.071238517761230469e+02
1.083617322444915771e+02
1.096136231422424316e+02
1.108144767284393311e+02
1.120178332328796387e+02
1.132131831645965576e+02
1.145146088600158691e+02
1.157094585895538330e+02
1.169638640880584717e+02
1.181642179489135742e+02
1.193545649051666260e+02
1.205629241466522217e+02
1.217927992343902588e+02
1.230206727981567383e+02
1.242110188007354736e+02
1.254108724594116211e+02
1.266362445354461670e+02
1.278240892887115479e+02
1.291280167102813721e+02
1.305195066928863525e+02
1.319180016517639160e+02
1.335096335411071777e+02
1.348751044273376465e+02
1.365668082237243652e+02
1.379683055877685547e+02
1.395649414062500000e+02
1.410334851741790771e+02
1.425395569801330566e+02
1.438825118541717529e+02
1.452199633121490479e+02
1.465694234371185303e+02
1.479599125385284424e+02
1.493198797702789307e+02
1.507198753356933594e+02
1.522134377956390381e+02
1.535814111232757568e+02
1.549693982601165771e+02
1.563774003982543945e+02
1.577894041538238525e+02
1.592244246006011963e+02
1.606629483699798584e+02
1.620894629955291748e+02
1.635785224437713623e+02
1.649590041637420654e+02
1.664215438365936279e+02
1.679020981788635254e+02
1.692995910644531250e+02
1.704984445571899414e+02
1.717163105010986328e+02
1.730592663288116455e+02
1.744707701206207275e+02
1.758537535667419434e+02
1.772787673473358154e+02
1.786862809658050537e+02
1.800252332687377930e+02
1.813771946430206299e+02
1.827836947441101074e+02
1.841766860485076904e+02
1.856092050075531006e+02
1.870382215976715088e+02
1.885122714042663574e+02
1.899517946243286133e+02
1.914233405590057373e+02
1.928798768520355225e+02
1.943724381923675537e+02
1.955953083038330078e+02
1.968126740455627441e+02
1.981996607780456543e+02
1.994680628776550293e+02
2.007344639301300049e+02
2.019748470783233643e+02
2.032547569274902344e+02
2.045321660041809082e+02
2.058400955200195312e+02
2.070554597377777100e+02
2.083033483028411865e+02
2.095247166156768799e+02
2.111108446121215820e+02
2.127380030155181885e+02
2.140099065303802490e+02
2.152352781295776367e+02
2.164511432647705078e+02
2.176705107688903809e+02
2.189113941192626953e+02
2.201332623958587646e+02
2.214702136516571045e+02
2.227411174774169922e+02
2.239244587421417236e+02
2.251733481884002686e+02
2.264522578716278076e+02
2.276601161956787109e+02
2.288964965343475342e+02
2.301513881683349609e+02
2.313957738876342773e+02
2.326246476173400879e+02
2.338605268001556396e+02
2.351359336376190186e+02
2.363708121776580811e+02
2.376227035522460938e+02
2.388530776500701904e+02
2.400864555835723877e+02
2.413268377780914307e+02
2.425982420444488525e+02
2.438216121196746826e+02
2.450574908256530762e+02
2.463609182834625244e+02
2.475972981452941895e+02
2.489608273506164551e+02
2.501801948547363281e+02
2.514250800609588623e+02
2.526349408626556396e+02
2.538663165569305420e+02
