1.587301678955554962e-02
1.465201471000909805e-02
1.465201564133167267e-02
2.197802253067493439e-02
2.564102597534656525e-02
2.319902367889881134e-02
2.442002668976783752e-02
1.098901126533746719e-02
1.709401793777942657e-02
9.768010117113590240e-03
2.319902554154396057e-02
2.930402942001819611e-02
2.442002482712268829e-02
2.930403128266334534e-02
3.052503243088722229e-02
3.540903702378273010e-02
4.395604506134986877e-02
4.517704993486404419e-02
4.029304161667823792e-02
5.006105452775955200e-02
5.006105080246925354e-02
3.663003817200660706e-02
4.884005337953567505e-02
4.639804735779762268e-02
6.471307575702667236e-02
6.593406945466995239e-02
8.424909412860870361e-02
8.669108897447586060e-02
8.302808552980422974e-02
7.570207864046096802e-02
9.157509356737136841e-02
1.135531142354011536e-01
1.098901107907295227e-01
1.221001297235488892e-01
1.318681389093399048e-01
1.135531142354011536e-01
1.294261366128921509e-01
1.501831561326980591e-01
1.599511653184890747e-01
1.440781503915786743e-01
1.697191745042800903e-01
1.575091630220413208e-01
1.782661974430084229e-01
2.002442032098770142e-01
1.623931676149368286e-01
2.063492089509963989e-01
2.014652192592620850e-01
1.978022009134292603e-01
2.356532514095306396e-01
2.210012227296829224e-01
2.283272445201873779e-01
2.380952537059783936e-01
2.503052651882171631e-01
2.698412835597991943e-01
2.747252881526947021e-01
2.857142984867095947e-01
2.881563007831573486e-01
3.150183260440826416e-01
2.759462893009185791e-01
2.857142984867095947e-01
3.333333432674407959e-01
3.052503168582916260e-01
3.015873134136199951e-01
3.260073363780975342e-01
3.040293157100677490e-01
3.382173478603363037e-01
3.540903627872467041e-01
3.479853570461273193e-01
3.663003742694854736e-01
3.553113639354705811e-01
3.431013524532318115e-01
3.772893846035003662e-01
3.931623995304107666e-01
3.663003742694854736e-01
4.004884064197540283e-01
4.017094075679779053e-01
4.102564156055450439e-01
4.053724110126495361e-01
4.236874282360076904e-01
4.175824224948883057e-01
3.956044018268585205e-01
4.078144431114196777e-01
4.444444775581359863e-01
4.017094075679779053e-01
4.432234466075897217e-01
4.432234764099121094e-01
4.517704844474792480e-01
4.529914557933807373e-01
4.615384936332702637e-01
4.456654489040374756e-01
4.603174924850463867e-01
4.481074810028076172e-01
4.420024752616882324e-01
4.529914855957031250e-01
4.444444477558135986e-01
4.542124569416046143e-01
4.859584867954254150e-01
4.688645005226135254e-01
4.761905074119567871e-01
4.652014970779418945e-01
4.822955131530761719e-01
4.847375154495239258e-01
4.810745120048522949e-01
4.615384936332702637e-01
4.908425211906433105e-01
4.871795177459716797e-01
5.042735338211059570e-01
5.152625441551208496e-01
5.128205418586730957e-01
4.871795177459716797e-01
5.128205418586730957e-01
5.067155361175537109e-01
5.128205418586730957e-01
5.311355590820312500e-01
5.030525326728820801e-01
5.299145579338073730e-01
5.262515544891357422e-01
5.360195636749267578e-01
5.433455705642700195e-01
5.213675498962402344e-01
5.164835453033447266e-01
5.323565602302551270e-01
5.372405648231506348e-01
5.482295751571655273e-01
5.250305533409118652e-01
5.470085740089416504e-01
5.579975843429565430e-01
5.286935567855834961e-01
5.421245694160461426e-01
5.384615659713745117e-01
5.518925786018371582e-01
5.384615659713745117e-01
5.445665717124938965e-01
5.677655935287475586e-01
5.347985625267028809e-01
5.506715774536132812e-01
5.555555820465087891e-01
5.592185854911804199e-01
5.665445923805236816e-01
5.518925786018371582e-01
5.445665717124938965e-01
5.775336027145385742e-01
5.579975843429565430e-01
5.628815889358520508e-01
5.824176073074340820e-01
5.714285969734191895e-01
5.726495981216430664e-01
5.702075958251953125e-01
5.836386084556579590e-01
5.653235912322998047e-01
5.848596096038818359e-01
5.860806107521057129e-01
5.799756050109863281e-01
5.738705992698669434e-01
5.860806107521057129e-01
5.909646153450012207e-01
5.799756050109863281e-01
5.897436141967773438e-01
5.934066176414489746e-01
6.080586314201354980e-01
5.860806107521057129e-01
5.970696210861206055e-01
5.934066176414489746e-01
5.958486199378967285e-01
5.750916004180908203e-01
6.166056394577026367e-01
5.995116233825683594e-01
5.860806107521057129e-01
5.763126015663146973e-01
5.921856164932250977e-01
6.153846383094787598e-01
6.056166291236877441e-01
6.031746268272399902e-01
5.946276187896728516e-01
6.031746268272399902e-01
6.129426360130310059e-01
5.921856164932250977e-01
6.141636371612548828e-01
6.251526474952697754e-01
6.019536256790161133e-01
6.385836601257324219e-01
6.031746268272399902e-01
6.019536256790161133e-01
5.982906222343444824e-01
5.982906222343444824e-01
6.068376302719116211e-01
6.019536256790161133e-01
6.263736486434936523e-01
5.995116233825683594e-01
6.129426360130310059e-01
6.214896440505981445e-01
6.068376302719116211e-01
6.214896440505981445e-01
6.227106451988220215e-01
6.239316463470458984e-01
6.141636371612548828e-01
6.019536256790161133e-01
6.190476417541503906e-01
6.446886658668518066e-01
6.214896440505981445e-01
