1.709401793777942657e-02
1.465201471000909805e-02
1.709401793777942657e-02
2.930403128266334534e-02
1.465201471000909805e-02
2.075702138245105743e-02
1.587301678955554962e-02
1.221001334488391876e-02
2.442002482712268829e-02
1.709401793777942657e-02
1.465201564133167267e-02
1.709401793777942657e-02
2.197802253067493439e-02
1.953602023422718048e-02
1.709401793777942657e-02
1.587301678955554962e-02
2.197802253067493439e-02
2.808302827179431915e-02
4.029304161667823792e-02
2.075702138245105743e-02
2.075702138245105743e-02
3.052503243088722229e-02
2.075702138245105743e-02
2.686202712357044220e-02
2.686202712357044220e-02
3.663003817200660706e-02
4.151404276490211487e-02
4.273504391312599182e-02
5.006105080246925354e-02
5.372405424714088440e-02
5.860805884003639221e-02
5.372405797243118286e-02
5.128205195069313049e-02
6.837607175111770630e-02
6.227106600999832153e-02
7.326007634401321411e-02
6.837607175111770630e-02
8.058608323335647583e-02
6.715507060289382935e-02
7.448107749223709106e-02
7.448107749223709106e-02
7.326007634401321411e-02
9.035409241914749146e-02
9.157509356737136841e-02
9.768010675907135010e-02
1.147741228342056274e-01
9.279609471559524536e-02
9.768009930849075317e-02
1.245421320199966431e-01
1.135531142354011536e-01
1.172161176800727844e-01
1.550671756267547607e-01
1.343101412057876587e-01
1.367521435022354126e-01
1.452991515398025513e-01
1.721611768007278442e-01
1.623931676149368286e-01
1.599511653184890747e-01
1.672771722078323364e-01
1.990232020616531372e-01
1.904761940240859985e-01
2.039072066545486450e-01
2.112332135438919067e-01
2.075702250003814697e-01
2.210012376308441162e-01
2.319902479648590088e-01
2.319902479648590088e-01
2.258852273225784302e-01
2.271062284708023071e-01
2.576312720775604248e-01
2.503052651882171631e-01
2.515262663364410400e-01
2.588522732257843018e-01
3.003663122653961182e-01
2.808302938938140869e-01
2.759462893009185791e-01
2.905983030796051025e-01
3.040293157100677490e-01
2.905983030796051025e-01
3.003663122653961182e-01
3.101343214511871338e-01
3.211233317852020264e-01
3.235653340816497803e-01
3.260073363780975342e-01
3.150183260440826416e-01
3.418803513050079346e-01
3.443223536014556885e-01
3.418803513050079346e-01
3.382173478603363037e-01
3.589743673801422119e-01
3.724053800106048584e-01
3.907203972339630127e-01
3.431013524532318115e-01
3.760683834552764893e-01
3.699633777141571045e-01
3.821733891963958740e-01
3.870573937892913818e-01
4.188034236431121826e-01
3.931623995304107666e-01
4.102564156055450439e-01
4.114774167537689209e-01
4.358974397182464600e-01
4.102564156055450439e-01
4.456654787063598633e-01
4.126984179019927979e-01
4.224664270877838135e-01
4.310134351253509521e-01
4.285714328289031982e-01
4.310134649276733398e-01
4.163614213466644287e-01
4.188034236431121826e-01
4.358974397182464600e-01
4.420024454593658447e-01
4.420024752616882324e-01
4.212454259395599365e-01
4.590964913368225098e-01
4.639804661273956299e-01
4.590964615345001221e-01
4.603174924850463867e-01
4.676434695720672607e-01
4.676434695720672607e-01
4.542124569416046143e-01
4.737485051155090332e-01
4.407814443111419678e-01
4.945055246353149414e-01
4.761904776096343994e-01
4.859585165977478027e-01
4.835165143013000488e-01
5.164835453033447266e-01
4.566544890403747559e-01
4.664224982261657715e-01
4.590964913368225098e-01
4.652014672756195068e-01
4.945055246353149414e-01
5.115995407104492188e-01
5.140415430068969727e-01
4.859585165977478027e-01
5.115995407104492188e-01
4.981685280799865723e-01
5.030525326728820801e-01
4.969475269317626953e-01
5.152625441551208496e-01
5.030525326728820801e-01
5.286935567855834961e-01
5.140415430068969727e-01
5.103785395622253418e-01
5.286935567855834961e-01
5.091575384140014648e-01
4.786325097084045410e-01
4.969475269317626953e-01
4.969475269317626953e-01
5.091575384140014648e-01
5.067155361175537109e-01
5.177045464515686035e-01
5.433455705642700195e-01
5.421245694160461426e-01
5.262515544891357422e-01
5.372405648231506348e-01
5.360195636749267578e-01
5.274725556373596191e-01
5.323565602302551270e-01
5.274725556373596191e-01
5.457875728607177734e-01
5.628815889358520508e-01
5.347985625267028809e-01
5.518925786018371582e-01
5.347985625267028809e-01
5.286935567855834961e-01
5.482295751571655273e-01
5.494505763053894043e-01
5.372405648231506348e-01
5.677655935287475586e-01
5.604395866394042969e-01
5.506715774536132812e-01
5.555555820465087891e-01
5.567765831947326660e-01
5.799756050109863281e-01
5.433455705642700195e-01
5.628815889358520508e-01
5.579975843429565430e-01
5.213675498962402344e-01
5.555555820465087891e-01
5.433455705642700195e-01
5.518925786018371582e-01
5.457875728607177734e-01
5.873016119003295898e-01
5.579975843429565430e-01
5.494505763053894043e-01
5.653235912322998047e-01
5.702075958251953125e-01
5.665445923805236816e-01
5.677655935287475586e-01
5.628815889358520508e-01
5.811966061592102051e-01
5.848596096038818359e-01
5.592185854911804199e-01
5.885226130485534668e-01
5.616605877876281738e-01
5.714285969734191895e-01
5.848596096038818359e-01
