1.587301678955554962e-02
1.587301678955554962e-02
2.075702138245105743e-02
1.831501908600330353e-02
1.831501908600330353e-02
1.953602023422718048e-02
1.465201471000909805e-02
1.587301678955554962e-02
1.465201564133167267e-02
2.808303013443946838e-02
1.831501908600330353e-02
1.709401793777942657e-02
3.052503243088722229e-02
1.831501908600330353e-02
2.197802253067493439e-02
1.709401793777942657e-02
2.808303013443946838e-02
3.174603357911109924e-02
2.319902367889881134e-02
2.808302827179431915e-02
3.052503056824207306e-02
3.540903702378273010e-02
3.663004189729690552e-02
3.418803587555885315e-02
3.174603357911109924e-02
4.151404276490211487e-02
5.372405424714088440e-02
4.884004965424537659e-02
4.639804735779762268e-02
4.884004965424537659e-02
4.884004965424537659e-02
5.616606026887893677e-02
5.738706141710281372e-02
5.860806256532669067e-02
7.081807404756546021e-02
8.669108897447586060e-02
7.692307978868484497e-02
7.814408093690872192e-02
9.523809701204299927e-02
1.062271073460578918e-01
1.159951239824295044e-01
1.086691096425056458e-01
1.208791285753250122e-01
1.233211308717727661e-01
1.111111193895339966e-01
1.355311423540115356e-01
1.221001297235488892e-01
1.587301641702651978e-01
1.721611768007278442e-01
1.599511653184890747e-01
1.599511653184890747e-01
2.002442181110382080e-01
2.100122272968292236e-01
1.880342066287994385e-01
2.039072066545486450e-01
2.063492089509963989e-01
2.185592204332351685e-01
2.380952537059783936e-01
2.234432399272918701e-01
2.319902479648590088e-01
2.466422617435455322e-01
2.661782801151275635e-01
2.588522732257843018e-01
2.539682686328887939e-01
2.869352996349334717e-01
2.991453111171722412e-01
2.954823076725006104e-01
3.089133203029632568e-01
2.930403053760528564e-01
3.369963467121124268e-01
3.125763237476348877e-01
3.028083145618438721e-01
3.235653340816497803e-01
3.577533662319183350e-01
3.333333432674407959e-01
3.406593501567840576e-01
3.492063581943511963e-01
3.785103857517242432e-01
3.858363926410675049e-01
3.626373708248138428e-01
3.870573937892913818e-01
3.846154212951660156e-01
3.833944201469421387e-01
3.968254327774047852e-01
3.992674052715301514e-01
4.090354442596435547e-01
3.956044316291809082e-01
4.163614511489868164e-01
4.224664568901062012e-01
3.992674052715301514e-01
4.188034534454345703e-01
4.310134649276733398e-01
4.249084293842315674e-01
4.334554672241210938e-01
4.297924637794494629e-01
4.542124867439270020e-01
4.444444775581359863e-01
4.285714328289031982e-01
4.529914855957031250e-01
4.407814741134643555e-01
4.529914855957031250e-01
4.615384936332702637e-01
4.590964913368225098e-01
4.786325097084045410e-01
4.835165143013000488e-01
4.847375154495239258e-01
4.688645005226135254e-01
4.725275039672851562e-01
4.676434993743896484e-01
4.652014970779418945e-01
4.737485051155090332e-01
5.006105303764343262e-01
4.652014970779418945e-01
4.957265257835388184e-01
4.896215200424194336e-01
5.152625441551208496e-01
4.847375154495239258e-01
4.896215200424194336e-01
5.091575384140014648e-01
4.993895292282104492e-01
4.835165143013000488e-01
5.238095521926879883e-01
5.262515544891357422e-01
5.250305533409118652e-01
5.323565602302551270e-01
5.079365372657775879e-01
4.969475269317626953e-01
5.115995407104492188e-01
5.213675498962402344e-01
5.372405648231506348e-01
5.457875728607177734e-01
5.018315315246582031e-01
5.225885510444641113e-01
5.457875728607177734e-01
5.225885510444641113e-01
5.323565602302551270e-01
5.433455705642700195e-01
5.506715774536132812e-01
5.286935567855834961e-01
5.360195636749267578e-01
5.360195636749267578e-01
5.433455705642700195e-01
5.360195636749267578e-01
5.555555820465087891e-01
5.347985625267028809e-01
5.396825671195983887e-01
5.494505763053894043e-01
5.592185854911804199e-01
5.494505763053894043e-01
5.323565602302551270e-01
5.702075958251953125e-01
5.702075958251953125e-01
5.506715774536132812e-01
5.579975843429565430e-01
5.592185854911804199e-01
5.677655935287475586e-01
5.714285969734191895e-01
5.738705992698669434e-01
5.677655935287475586e-01
5.628815889358520508e-01
5.750916004180908203e-01
5.702075958251953125e-01
5.628815889358520508e-01
5.641025900840759277e-01
5.641025900840759277e-01
5.677655935287475586e-01
5.799756050109863281e-01
5.738705992698669434e-01
5.848596096038818359e-01
5.763126015663146973e-01
5.824176073074340820e-01
5.726495981216430664e-01
5.763126015663146973e-01
5.665445923805236816e-01
5.518925786018371582e-01
6.092796325683593750e-01
5.946276187896728516e-01
5.616605877876281738e-01
5.860806107521057129e-01
6.166056394577026367e-01
5.921856164932250977e-01
5.799756050109863281e-01
5.921856164932250977e-01
5.860806107521057129e-01
5.641025900840759277e-01
5.775336027145385742e-01
5.726495981216430664e-01
5.836386084556579590e-01
5.848596096038818359e-01
5.958486199378967285e-01
5.860806107521057129e-01
5.885226130485534668e-01
5.970696210861206055e-01
5.934066176414489746e-01
5.897436141967773438e-01
6.019536256790161133e-01
5.934066176414489746e-01
5.921856164932250977e-01
6.153846383094787598e-01
5.921856164932250977e-01
