9.768010117113590240e-03
1.709401793777942657e-02
1.465201471000909805e-02
2.075702138245105743e-02
2.075702138245105743e-02
1.587301678955554962e-02
2.197802253067493439e-02
2.075702138245105743e-02
8.547008968889713287e-03
2.564102597534656525e-02
2.564102783799171448e-02
9.768010117113590240e-03
1.709401793777942657e-02
1.709401793777942657e-02
1.709401793777942657e-02
2.808303013443946838e-02
2.319902367889881134e-02
3.540903702378273010e-02
2.686202898621559143e-02
2.808302827179431915e-02
3.052503243088722229e-02
2.564102597534656525e-02
3.174603357911109924e-02
3.418803587555885315e-02
3.785103932023048401e-02
4.517704620957374573e-02
4.517704620957374573e-02
5.616605654358863831e-02
7.448107749223709106e-02
6.349206715822219849e-02
7.936508208513259888e-02
6.471306830644607544e-02
8.669108897447586060e-02
9.768009930849075317e-02
1.013431027531623840e-01
1.013431027531623840e-01
1.037851050496101379e-01
1.221001297235488892e-01
1.306471377611160278e-01
1.159951239824295044e-01
1.282051354646682739e-01
1.477411538362503052e-01
1.294261366128921509e-01
1.245421245694160461e-01
1.501831561326980591e-01
1.733821779489517212e-01
1.904761940240859985e-01
1.721611768007278442e-01
2.039072215557098389e-01
1.831501871347427368e-01
1.978022009134292603e-01
2.002442032098770142e-01
1.953601986169815063e-01
2.210012376308441162e-01
2.368742525577545166e-01
2.283272296190261841e-01
2.295482307672500610e-01
2.148962169885635376e-01
2.503052651882171631e-01
2.380952537059783936e-01
2.600732743740081787e-01
2.454212605953216553e-01
2.588522732257843018e-01
2.771672904491424561e-01
2.735042870044708252e-01
3.137973248958587646e-01
2.942613065242767334e-01
2.967033088207244873e-01
3.199023306369781494e-01
3.003663122653961182e-01
3.223443329334259033e-01
3.186813294887542725e-01
3.174603283405303955e-01
3.174603283405303955e-01
3.211233317852020264e-01
3.394383490085601807e-01
3.687423765659332275e-01
3.601953685283660889e-01
3.492063581943511963e-01
3.980464041233062744e-01
3.540903627872467041e-01
3.809523880481719971e-01
3.736263811588287354e-01
4.004884064197540283e-01
3.931624293327331543e-01
3.980464339256286621e-01
3.821733891963958740e-01
4.090354144573211670e-01
3.943834006786346436e-01
4.163614213466644287e-01
4.163614213466644287e-01
4.261294305324554443e-01
4.310134649276733398e-01
4.285714626312255859e-01
4.151404201984405518e-01
4.371184408664703369e-01
4.395604431629180908e-01
4.517704546451568604e-01
4.432234764099121094e-01
4.420024752616882324e-01
4.322344660758972168e-01
4.615384638309478760e-01
4.493284523487091064e-01
4.395604431629180908e-01
4.688645005226135254e-01
4.542124867439270020e-01
4.603174924850463867e-01
4.517704844474792480e-01
4.725275039672851562e-01
4.810745120048522949e-01
4.725274741649627686e-01
4.639804959297180176e-01
4.737485051155090332e-01
4.761905074119567871e-01
4.871795177459716797e-01
4.871795177459716797e-01
4.981685280799865723e-01
4.761905074119567871e-01
4.981685280799865723e-01
5.018315315246582031e-01
4.969475269317626953e-01
4.798535108566284180e-01
5.177045464515686035e-01
4.896215200424194336e-01
4.908425211906433105e-01
4.908425211906433105e-01
5.067155361175537109e-01
5.335775613784790039e-01
5.054945349693298340e-01
5.274725556373596191e-01
5.128205418586730957e-01
5.054945349693298340e-01
5.299145579338073730e-01
5.299145579338073730e-01
5.006105303764343262e-01
5.396825671195983887e-01
5.225885510444641113e-01
5.470085740089416504e-01
5.140415430068969727e-01
5.164835453033447266e-01
5.445665717124938965e-01
5.347985625267028809e-01
5.579975843429565430e-01
5.445665717124938965e-01
5.445665717124938965e-01
5.641025900840759277e-01
5.286935567855834961e-01
5.323565602302551270e-01
5.274725556373596191e-01
5.384615659713745117e-01
5.543345808982849121e-01
5.323565602302551270e-01
5.372405648231506348e-01
5.335775613784790039e-01
5.409035682678222656e-01
5.506715774536132812e-01
5.482295751571655273e-01
5.824176073074340820e-01
5.787546038627624512e-01
5.579975843429565430e-01
5.714285969734191895e-01
5.714285969734191895e-01
5.824176073074340820e-01
5.714285969734191895e-01
5.653235912322998047e-01
5.689865946769714355e-01
5.445665717124938965e-01
5.567765831947326660e-01
5.457875728607177734e-01
5.811966061592102051e-01
5.616605877876281738e-01
5.641025900840759277e-01
5.702075958251953125e-01
5.824176073074340820e-01
5.531135797500610352e-01
5.665445923805236816e-01
5.946276187896728516e-01
5.677655935287475586e-01
5.653235912322998047e-01
5.848596096038818359e-01
5.848596096038818359e-01
5.616605877876281738e-01
5.763126015663146973e-01
5.592185854911804199e-01
5.787546038627624512e-01
5.995116233825683594e-01
6.007326245307922363e-01
5.641025900840759277e-01
6.068376302719116211e-01
5.824176073074340820e-01
6.092796325683593750e-01
5.763126015663146973e-01
5.909646153450012207e-01
5.787546038627624512e-01
5.897436141967773438e-01
5.982906222343444824e-01
5.897436141967773438e-01
5.873016119003295898e-01
5.982906222343444824e-01
5.787546038627624512e-01
