1.164582729339599609e+00
2.283195018768310547e+00
3.386986494064331055e+00
4.503975868225097656e+00
5.644964218139648438e+00
6.755614995956420898e+00
7.861755847930908203e+00
8.979829311370849609e+00
1.010999989509582520e+01
1.123375225067138672e+01
1.234143829345703125e+01
1.344625067710876465e+01
1.456638693809509277e+01
1.570726275444030762e+01
1.682012939453125000e+01
1.791303634643554688e+01
1.903381752967834473e+01
2.015758848190307617e+01
2.128541350364685059e+01
2.241722536087036133e+01
2.362738299369812012e+01
2.477121496200561523e+01
2.589087510108947754e+01
2.701902151107788086e+01
2.814427089691162109e+01
2.929323434829711914e+01
3.039312839508056641e+01
3.151106381416320801e+01
3.263863825798034668e+01
3.374446129798889160e+01
3.486701416969299316e+01
3.599925827980041504e+01
3.711621880531311035e+01
3.822741818428039551e+01
3.934561038017272949e+01
4.045203757286071777e+01
4.157253336906433105e+01
4.268238878250122070e+01
4.381166481971740723e+01
4.490682601928710938e+01
4.602672576904296875e+01
4.715239048004150391e+01
4.827192473411560059e+01
4.939077401161193848e+01
5.051353454589843750e+01
5.163214826583862305e+01
5.275029039382934570e+01
5.388523983955383301e+01
5.502366495132446289e+01
5.614398360252380371e+01
5.725348234176635742e+01
5.837359333038330078e+01
5.950277113914489746e+01
6.061337924003601074e+01
6.174216938018798828e+01
6.288725495338439941e+01
6.401883959770202637e+01
6.513265442848205566e+01
6.626373124122619629e+01
6.739811325073242188e+01
6.853930377960205078e+01
6.965493941307067871e+01
7.079256534576416016e+01
7.192256617546081543e+01
7.306754755973815918e+01
7.419767880439758301e+01
7.531744217872619629e+01
7.644631385803222656e+01
7.766545915603637695e+01
7.877810978889465332e+01
7.991156077384948730e+01
8.105108451843261719e+01
8.218618488311767578e+01
8.331508302688598633e+01
8.443338084220886230e+01
8.556346058845520020e+01
8.669247531890869141e+01
8.791152167320251465e+01
8.904739928245544434e+01
9.016272759437561035e+01
9.130517625808715820e+01
9.244433498382568359e+01
9.357133984565734863e+01
9.471609163284301758e+01
9.584018945693969727e+01
9.694706726074218750e+01
9.808213591575622559e+01
9.920671868324279785e+01
1.003285768032073975e+02
1.014494845867156982e+02
1.025710670948028564e+02
1.037217040061950684e+02
1.048828041553497314e+02
1.060084385871887207e+02
1.071491670608520508e+02
1.082932066917419434e+02
1.094382498264312744e+02
1.105632200241088867e+02
1.117022554874420166e+02
1.128383090496063232e+02
1.139615552425384521e+02
1.151175832748413086e+02
1.162338690757751465e+02
1.173608148097991943e+02
1.185008952617645264e+02
1.196380455493927002e+02
1.207570388317108154e+02
1.219140801429748535e+02
1.230320067405700684e+02
1.241638038158416748e+02
1.253077192306518555e+02
1.264486031532287598e+02
1.275746626853942871e+02
1.287086434364318848e+02
1.298607211112976074e+02
1.310193641185760498e+02
1.321578910350799561e+02
1.332920572757720947e+02
1.344409093856811523e+02
1.355769550800323486e+02
1.367220001220703125e+02
1.378900668621063232e+02
1.390428626537322998e+02
1.401789460182189941e+02
1.413213241100311279e+02
1.424503970146179199e+02
1.435964887142181396e+02
1.447513830661773682e+02
1.459173145294189453e+02
1.470624783039093018e+02
1.481996808052062988e+02
1.493388543128967285e+02
1.504670996665954590e+02
1.516151485443115234e+02
1.527726366519927979e+02
1.539185407161712646e+02
1.550618393421173096e+02
1.562184555530548096e+02
1.574359414577484131e+02
1.585820465087890625e+02
1.598861420154571533e+02
1.610431997776031494e+02
1.621712908744812012e+02
1.633140995502471924e+02
1.644562408924102783e+02
1.655963129997253418e+02
1.667570133209228516e+02
1.678811769485473633e+02
1.690025584697723389e+02
1.701516599655151367e+02
1.713137881755828857e+02
1.724581761360168457e+02
1.736123623847961426e+02
1.747559010982513428e+02
1.758907775878906250e+02
1.770338187217712402e+02
1.781733775138854980e+02
1.793155131340026855e+02
1.804537315368652344e+02
1.816025187969207764e+02
1.827594747543334961e+02
1.838975594043731689e+02
1.850396797657012939e+02
1.861928567886352539e+02
1.873315584659576416e+02
1.884815065860748291e+02
1.896277649402618408e+02
1.907895739078521729e+02
1.919236505031585693e+02
1.930477023124694824e+02
1.942098834514617920e+02
1.953695588111877441e+02
1.965165627002716064e+02
1.976677739620208740e+02
1.988308753967285156e+02
1.999514234066009521e+02
2.010888435840606689e+02
2.022263016700744629e+02
2.033643960952758789e+02
2.045337712764739990e+02
2.057062425613403320e+02
2.068672492504119873e+02
2.079961178302764893e+02
2.091594967842102051e+02
2.103158128261566162e+02
2.114778470993041992e+02
2.126348898410797119e+02
2.137739138603210449e+02
2.149106087684631348e+02
2.160601122379302979e+02
2.172191438674926758e+02
2.183773767948150635e+02
2.195294179916381836e+02
2.206956911087036133e+02
2.218498191833496094e+02
2.229757916927337646e+02
2.241409094333648682e+02
2.252954726219177246e+02
2.264528083801269531e+02
2.276027309894561768e+02
