1.267049312591552734e+00
2.478366374969482422e+00
3.656052112579345703e+00
4.853510379791259766e+00
6.102387905120849609e+00
7.312325954437255859e+00
8.516375303268432617e+00
9.710471391677856445e+00
1.091844773292541504e+01
1.212781763076782227e+01
1.333299422264099121e+01
1.453472280502319336e+01
1.576775431632995605e+01
1.698999547958374023e+01
1.819293737411499023e+01
1.940965533256530762e+01
2.062087512016296387e+01
2.182253599166870117e+01
2.302348566055297852e+01
2.423152184486389160e+01
2.546395850181579590e+01
2.667612004280090332e+01
2.788126063346862793e+01
2.908913254737854004e+01
3.031039571762084961e+01
3.152548599243164062e+01
3.271410322189331055e+01
3.390749287605285645e+01
3.512903451919555664e+01
3.633984255790710449e+01
3.754193091392517090e+01
3.875449633598327637e+01
3.998062181472778320e+01
4.118696117401123047e+01
4.247179627418518066e+01
4.369862937927246094e+01
4.489788746833801270e+01
4.610096979141235352e+01
4.731932544708251953e+01
4.853645300865173340e+01
4.973751163482666016e+01
5.093706417083740234e+01
5.215574932098388672e+01
5.337195253372192383e+01
5.457650423049926758e+01
5.578049612045288086e+01
5.701660656929016113e+01
5.825033164024353027e+01
5.956137609481811523e+01
6.081857872009277344e+01
6.204835820198059082e+01
6.328279161453247070e+01
6.449457836151123047e+01
6.569730091094970703e+01
6.690390062332153320e+01
6.810300946235656738e+01
6.931995511054992676e+01
7.053314948081970215e+01
7.174895644187927246e+01
7.296763873100280762e+01
7.420149636268615723e+01
7.543139481544494629e+01
7.664557957649230957e+01
7.787257695198059082e+01
7.910191249847412109e+01
8.031221723556518555e+01
8.155028009414672852e+01
8.277635574340820312e+01
8.398932170867919922e+01
8.526607179641723633e+01
8.648168826103210449e+01
8.790688586235046387e+01
8.912383675575256348e+01
9.035609221458435059e+01
9.158610272407531738e+01
9.282806563377380371e+01
9.405225253105163574e+01
9.526354789733886719e+01
9.648145771026611328e+01
9.770278525352478027e+01
9.893369340896606445e+01
1.001622025966644287e+02
1.013844108581542969e+02
1.026103434562683105e+02
1.038311440944671631e+02
1.050561907291412354e+02
1.062862296104431152e+02
1.075013434886932373e+02
1.087351651191711426e+02
1.099662585258483887e+02
1.112205758094787598e+02
1.124657509326934814e+02
1.136766777038574219e+02
1.149118475914001465e+02
1.161308276653289795e+02
1.173729202747344971e+02
1.185977256298065186e+02
1.198253071308135986e+02
1.210514397621154785e+02
1.222855410575866699e+02
1.235267934799194336e+02
1.247288622856140137e+02
1.259636664390563965e+02
1.271766986846923828e+02
1.284103407859802246e+02
1.296889257431030273e+02
1.309179947376251221e+02
1.321530580520629883e+02
1.333872790336608887e+02
1.346130523681640625e+02
1.358618085384368896e+02
1.370963842868804932e+02
1.383594985008239746e+02
1.395920100212097168e+02
1.408537173271179199e+02
1.420950241088867188e+02
1.433353509902954102e+02
1.445876433849334717e+02
1.458186924457550049e+02
1.471189289093017578e+02
1.483761038780212402e+02
1.496248311996459961e+02
1.508880074024200439e+02
1.521302998065948486e+02
1.533964455127716064e+02
1.546356055736541748e+02
1.558774526119232178e+02
1.571036913394927979e+02
1.583224623203277588e+02
1.595770475864410400e+02
1.608111352920532227e+02
1.620630862712860107e+02
1.633019611835479736e+02
1.645470857620239258e+02
1.657877717018127441e+02
1.670264191627502441e+02
1.682595756053924561e+02
1.695067739486694336e+02
1.707621636390686035e+02
1.720044662952423096e+02
1.732635986804962158e+02
1.744967875480651855e+02
1.757039728164672852e+02
1.769398131370544434e+02
1.781863675117492676e+02
1.794648003578186035e+02
1.807227437496185303e+02
1.819572780132293701e+02
1.832063109874725342e+02
1.844718246459960938e+02
1.857158880233764648e+02
1.869819774627685547e+02
1.882163319587707520e+02
1.894746301174163818e+02
1.907197332382202148e+02
1.919564459323883057e+02
1.931974775791168213e+02
1.944545686244964600e+02
1.957126579284667969e+02
1.969694995880126953e+02
1.982195942401885986e+02
1.994636774063110352e+02
2.006986629962921143e+02
2.019378039836883545e+02
2.031979720592498779e+02
2.044433045387268066e+02
2.056974394321441650e+02
2.069485125541687012e+02
2.081986858844757080e+02
2.095349745750427246e+02
2.107636473178863525e+02
2.120236134529113770e+02
2.132674973011016846e+02
2.145303142070770264e+02
2.157625765800476074e+02
2.170177845954895020e+02
2.182680563926696777e+02
2.195161225795745850e+02
2.207370085716247559e+02
2.219881308078765869e+02
2.232447640895843506e+02
2.245031032562255859e+02
2.257343344688415527e+02
2.269743006229400635e+02
2.282394747734069824e+02
2.294870750904083252e+02
2.307291688919067383e+02
2.319788784980773926e+02
2.332470314502716064e+02
2.344923632144927979e+02
2.357484929561614990e+02
2.370036358833312988e+02
2.382709481716156006e+02
2.395375611782073975e+02
2.407990379333496094e+02
2.420489616394042969e+02
2.433165898323059082e+02
2.445824193954467773e+02
2.458260078430175781e+02
2.470843021869659424e+02
