2.521792626380920410e+01
5.035182142257690430e+01
7.584158301353454590e+01
1.014417662620544434e+02
1.271091134548187256e+02
1.527534277439117432e+02
1.783290545940399170e+02
2.039188559055328369e+02
2.295479178428649902e+02
2.552439613342285156e+02
2.808591942787170410e+02
3.064191782474517822e+02
3.320101070404052734e+02
3.576608357429504395e+02
3.832856204509735107e+02
4.089092454910278320e+02
4.345221028327941895e+02
4.600927810668945312e+02
4.858994052410125732e+02
5.115177726745605469e+02
5.371664094924926758e+02
5.627839992046356201e+02
5.883693220615386963e+02
6.140219650268554688e+02
6.396422986984252930e+02
6.652602322101593018e+02
6.908834977149963379e+02
7.165154774188995361e+02
7.420888490676879883e+02
7.676723563671112061e+02
7.932848966121673584e+02
8.189308421611785889e+02
8.445553739070892334e+02
8.701759810447692871e+02
8.957453384399414062e+02
9.213641469478607178e+02
9.470060687065124512e+02
9.726720616817474365e+02
9.982681107521057129e+02
1.023902928590774536e+03
1.049499861717224121e+03
1.075074126482009888e+03
1.100711097002029419e+03
1.126292493581771851e+03
1.151883257150650024e+03
1.177486886262893677e+03
1.203080712080001831e+03
1.228687201261520386e+03
1.254243345022201538e+03
1.280022448301315308e+03
1.305872428417205811e+03
1.331542155742645264e+03
1.357095778942108154e+03
1.382709378719329834e+03
1.408338398933410645e+03
1.434016949176788330e+03
1.459687758207321167e+03
1.485318859100341797e+03
1.510978185653686523e+03
1.536577477693557739e+03
1.562203844070434570e+03
1.587786408662796021e+03
1.613446551561355591e+03
1.639060916185379028e+03
1.664712879657745361e+03
1.690414931297302246e+03
1.716058309793472290e+03
1.741690325975418091e+03
1.767305267095565796e+03
1.792929915904998779e+03
1.818627448320388794e+03
1.844292329549789429e+03
1.869904732465744019e+03
1.895542171955108643e+03
1.921173947572708130e+03
1.946799434423446655e+03
1.972432930469512939e+03
1.998029688596725464e+03
2.023618290901184082e+03
2.049371317148208618e+03
2.075025765657424927e+03
2.100671914577484131e+03
2.126617507219314575e+03
2.152229783535003662e+03
2.177940107583999634e+03
2.203590163469314575e+03
2.229174972772598267e+03
2.254773898601531982e+03
2.280436856269836426e+03
2.306146298170089722e+03
2.331858329296112061e+03
2.357525308847427368e+03
2.383116941213607788e+03
2.408795384645462036e+03
2.434402537345886230e+03
2.460123444080352783e+03
2.485726825952529907e+03
2.511400037765502930e+03
2.537051103830337524e+03
2.562717064142227173e+03
2.588403098106384277e+03
2.614042607069015503e+03
2.639677569150924683e+03
2.665300411462783813e+03
2.690922913551330566e+03
2.716567461490631104e+03
2.742193031311035156e+03
2.767876769781112671e+03
2.793479682445526123e+03
2.819123350143432617e+03
2.844796492338180542e+03
2.870443699836730957e+03
2.896049178600311279e+03
2.921672085523605347e+03
2.947352935075759888e+03
2.973027189493179321e+03
2.998628686904907227e+03
3.024232486724853516e+03
3.049850615262985229e+03
3.075509285211563110e+03
3.101202869415283203e+03
3.126909223556518555e+03
3.152514564514160156e+03
3.178115335226058960e+03
3.203713272333145142e+03
3.229354385375976562e+03
3.254988068103790283e+03
3.280586097478866577e+03
3.306245642900466919e+03
3.331906051635742188e+03
3.357598482847213745e+03
3.383223759889602661e+03
3.408907033443450928e+03
3.434586443185806274e+03
3.460233304023742676e+03
3.485903003692626953e+03
3.511514504909515381e+03
3.537204384803771973e+03
3.562846873998641968e+03
3.588497652053833008e+03
3.614175173044204712e+03
3.639779329299926758e+03
3.665397587776184082e+03
3.691048090934753418e+03
3.716762930870056152e+03
3.742412527799606323e+03
3.768034168481826782e+03
3.793672224044799805e+03
3.819295321226119995e+03
3.844948752403259277e+03
3.870611261844635010e+03
3.896178858757019043e+03
3.921799561977386475e+03
3.947408167600631714e+03
3.973087703466415405e+03
3.998735523939132690e+03
4.024362127542495728e+03
4.049947423219680786e+03
4.075609698057174683e+03
4.101263099670410156e+03
4.127004220247268677e+03
4.152666550874710083e+03
4.178293457984924316e+03
4.204019979000091553e+03
4.229664911985397339e+03
4.255251423120498657e+03
4.280867873668670654e+03
4.306471262454986572e+03
4.332145953416824341e+03
4.357776725530624390e+03
4.383407750129699707e+03
4.409029889345169067e+03
4.434652375221252441e+03
4.460296080589294434e+03
4.485939081907272339e+03
4.511571944713592529e+03
4.537233847141265869e+03
4.562875078201293945e+03
4.588512891054153442e+03
4.614121662855148315e+03
4.639762154102325439e+03
4.665388653516769409e+03
4.691001217365264893e+03
4.716589650392532349e+03
4.742283964157104492e+03
4.767934880495071411e+03
4.793507659435272217e+03
4.819137781381607056e+03
4.844746928691864014e+03
4.870418325662612915e+03
4.896153150320053101e+03
4.921766732931137085e+03
4.947350187540054321e+03
4.972998441457748413e+03
4.998652926206588745e+03
5.024237587690353394e+03
5.049886599540710449e+03
5.075454793453216553e+03
5.101062862396240234e+03
5.126717134714126587e+03
