1.222790718078613281e+00
2.379444122314453125e+00
3.503911256790161133e+00
4.668637514114379883e+00
5.807475328445434570e+00
6.970276594161987305e+00
8.129502773284912109e+00
9.292471170425415039e+00
1.045964026451110840e+01
1.161638903617858887e+01
1.279986786842346191e+01
1.395785546302795410e+01
1.509764528274536133e+01
1.625849390029907227e+01
1.742933130264282227e+01
1.859642004966735840e+01
1.976808404922485352e+01
2.093243503570556641e+01
2.208494615554809570e+01
2.326021265983581543e+01
2.450430941581726074e+01
2.565232110023498535e+01
2.681657361984252930e+01
2.798230099678039551e+01
2.913459110260009766e+01
3.030970001220703125e+01
3.148561072349548340e+01
3.265031266212463379e+01
3.389140963554382324e+01
3.505951118469238281e+01
3.621658825874328613e+01
3.736852931976318359e+01
3.852472686767578125e+01
3.968053340911865234e+01
4.084273672103881836e+01
4.202605676651000977e+01
4.328986477851867676e+01
4.454425334930419922e+01
4.570558452606201172e+01
4.688564085960388184e+01
4.805354022979736328e+01
4.921970319747924805e+01
5.037952160835266113e+01
5.156036019325256348e+01
5.274049377441406250e+01
5.389158773422241211e+01
5.506553912162780762e+01
5.623126959800720215e+01
5.740248775482177734e+01
5.856065464019775391e+01
5.973791027069091797e+01
6.090683341026306152e+01
6.205553460121154785e+01
6.322664666175842285e+01
6.439159011840820312e+01
6.554774022102355957e+01
6.672716641426086426e+01
6.790271019935607910e+01
6.907580471038818359e+01
7.025180625915527344e+01
7.141865897178649902e+01
7.259765410423278809e+01
7.377786135673522949e+01
7.496351957321166992e+01
7.611865210533142090e+01
7.728181719779968262e+01
7.846866011619567871e+01
7.964367961883544922e+01
8.082463860511779785e+01
8.200744390487670898e+01
8.317521357536315918e+01
8.434582328796386719e+01
8.553394556045532227e+01
8.671503257751464844e+01
8.789795446395874023e+01
8.909278297424316406e+01
9.025179886817932129e+01
9.145497369766235352e+01
9.263248395919799805e+01
9.380033278465270996e+01
9.497665286064147949e+01
9.612579321861267090e+01
9.729798388481140137e+01
9.846801471710205078e+01
9.968006038665771484e+01
1.008522758483886719e+02
1.020296387672424316e+02
1.032073681354522705e+02
1.043896536827087402e+02
1.055837771892547607e+02
1.067726607322692871e+02
1.079645178318023682e+02
1.091515843868255615e+02
1.103303768634796143e+02
1.115209317207336426e+02
1.127010207176208496e+02
1.139192373752593994e+02
1.151101107597351074e+02
1.163009784221649170e+02
1.174849412441253662e+02
1.186679983139038086e+02
1.198598413467407227e+02
1.210489711761474609e+02
1.222292306423187256e+02
1.234176144599914551e+02
1.245963828563690186e+02
1.258046402931213379e+02
1.270048143863677979e+02
1.281775419712066650e+02
1.293523173332214355e+02
1.305435268878936768e+02
1.317367672920227051e+02
1.329410929679870605e+02
1.343073890209197998e+02
1.354943909645080566e+02
1.366776084899902344e+02
1.378627569675445557e+02
1.390498888492584229e+02
1.402358613014221191e+02
1.414173829555511475e+02
1.426087977886199951e+02
1.438386487960815430e+02
1.450306522846221924e+02
1.462120296955108643e+02
1.473993782997131348e+02
1.485911841392517090e+02
1.498129260540008545e+02
1.510080838203430176e+02
1.521892330646514893e+02
1.533891735076904297e+02
1.545757520198822021e+02
1.557769973278045654e+02
1.569762535095214844e+02
1.581470696926116943e+02
1.593191156387329102e+02
1.605122134685516357e+02
1.617096266746520996e+02
1.629210414886474609e+02
1.641175272464752197e+02
1.653027117252349854e+02
1.664937801361083984e+02
1.676906299591064453e+02
1.688948447704315186e+02
1.701051297187805176e+02
1.713551802635192871e+02
1.726527743339538574e+02
1.740118319988250732e+02
1.752041044235229492e+02
1.764141354560852051e+02
1.776167597770690918e+02
1.788153588771820068e+02
1.800634360313415527e+02
1.812674624919891357e+02
1.824636633396148682e+02
1.836560645103454590e+02
1.848389003276824951e+02
1.860253479480743408e+02
1.871975262165069580e+02
1.883753578662872314e+02
1.895604948997497559e+02
1.907567074298858643e+02
1.919457414150238037e+02
1.931281683444976807e+02
1.943370592594146729e+02
1.955408489704132080e+02
1.967270028591156006e+02
1.979461801052093506e+02
1.991551954746246338e+02
2.003416631221771240e+02
2.015280683040618896e+02
2.027228593826293945e+02
2.039161329269409180e+02
2.050902192592620850e+02
2.062875807285308838e+02
2.074900369644165039e+02
2.086915385723114014e+02
2.098776364326477051e+02
2.110874865055084229e+02
2.122923748493194580e+02
2.135173859596252441e+02
2.147325034141540527e+02
2.159483034610748291e+02
2.171401329040527344e+02
2.183572688102722168e+02
2.195564548969268799e+02
2.207693924903869629e+02
2.219589252471923828e+02
2.231277995109558105e+02
2.243258497714996338e+02
2.255309512615203857e+02
2.267849175930023193e+02
2.280470807552337646e+02
2.292677571773529053e+02
2.304708242416381836e+02
2.316872220039367676e+02
2.329526138305664062e+02
2.341289536952972412e+02
2.353348908424377441e+02
2.365403513908386230e+02
2.377408626079559326e+02
