1.904761977493762970e-02
1.609195396304130554e-02
2.463054098188877106e-02
1.871921308338642120e-02
2.397372759878635406e-02
2.922824025154113770e-02
3.382594138383865356e-02
3.940886631608009338e-02
5.090311914682388306e-02
6.568145006895065308e-02
8.144499361515045166e-02
8.571428805589675903e-02
1.087027937173843384e-01
1.264367848634719849e-01
1.402298808097839355e-01
1.760262697935104370e-01
1.983579695224761963e-01
2.285714298486709595e-01
2.486042529344558716e-01
2.748768627643585205e-01
2.896551489830017090e-01
3.041050732135772705e-01
3.303776383399963379e-01
3.490968942642211914e-01
3.622331321239471436e-01
3.714285790920257568e-01
3.901477456092834473e-01
4.036124646663665771e-01
4.085385203361511230e-01
4.105089902877807617e-01
4.292282164096832275e-01
4.325123131275177002e-01
4.423644840717315674e-01
4.407224953174591064e-01
4.627257585525512695e-01
4.765188395977020264e-01
4.689654707908630371e-01
4.886699318885803223e-01
4.732347726821899414e-01
5.021346211433410645e-01
5.080459117889404297e-01
4.985221624374389648e-01
5.037766695022583008e-01
5.034482479095458984e-01
5.198686122894287109e-01
5.192118287086486816e-01
5.201969742774963379e-01
5.264367461204528809e-01
5.188834071159362793e-01
5.247946977615356445e-01
5.353037714958190918e-01
5.389161705970764160e-01
5.405582189559936523e-01
5.573070049285888672e-01
5.622330904006958008e-01
5.642035603523254395e-01
5.638750791549682617e-01
5.569786429405212402e-01
5.628899335861206055e-01
5.711001157760620117e-01
5.727421045303344727e-01
5.796387195587158203e-01
5.756978392601013184e-01
5.816091895103454590e-01
5.865352749824523926e-01
5.809523463249206543e-01
5.829226970672607422e-01
5.904761552810668945e-01
5.832511186599731445e-01
5.901477336883544922e-01
5.931034088134765625e-01
5.931034088134765625e-01
6.042692065238952637e-01
5.973727107048034668e-01
5.999999046325683594e-01
6.082100868225097656e-01
6.114941835403442383e-01
6.062396764755249023e-01
6.137930154800415039e-01
6.121509671211242676e-01
6.216747760772705078e-01
6.259441375732421875e-01
6.239736676216125488e-01
6.183907389640808105e-01
6.190475225448608398e-01
6.170771121978759766e-01
6.269293427467346191e-01
6.246304512023925781e-01
6.318554282188415527e-01
6.275861263275146484e-01
6.220032572746276855e-01
6.364530920982360840e-01
6.298849582672119141e-01
6.275861859321594238e-01
6.298849582672119141e-01
6.364531517028808594e-01
6.338258385658264160e-01
6.308702230453491211e-01
6.390803456306457520e-01
6.394087672233581543e-01
6.361247301101684570e-01
6.380951404571533203e-01
6.377667188644409180e-01
6.426928043365478516e-01
6.407224535942077637e-01
6.420360803604125977e-01
6.403939723968505859e-01
6.410508155822753906e-01
6.558291912078857422e-01
6.630541086196899414e-01
6.558291316032409668e-01
6.709359288215637207e-01
6.627256870269775391e-01
6.709358692169189453e-01
6.699507236480712891e-01
6.725779175758361816e-01
6.748767495155334473e-01
6.725779175758361816e-01
6.765188574790954590e-01
6.761903762817382812e-01
6.824301481246948242e-01
6.811164617538452148e-01
6.778324246406555176e-01
6.791459918022155762e-01
6.801313161849975586e-01
6.752051711082458496e-01
6.696222424507141113e-01
6.814448833465576172e-01
6.857142448425292969e-01
6.834152936935424805e-01
6.863709688186645508e-01
6.830869913101196289e-01
6.929391622543334961e-01
6.837437152862548828e-01
6.732347607612609863e-01
6.939244270324707031e-01
6.903119087219238281e-01
6.978652477264404297e-01
6.886698603630065918e-01
6.903118491172790527e-01
6.873561739921569824e-01
7.021346092224121094e-01
6.958948373794555664e-01
6.919539570808410645e-01
6.909687519073486328e-01
6.863710284233093262e-01
6.932675838470458984e-01
6.988504528999328613e-01
6.912971138954162598e-01
6.876846551895141602e-01
6.958948373794555664e-01
7.067322731018066406e-01
6.985220313072204590e-01
6.962232589721679688e-01
7.041050195693969727e-01
7.159276604652404785e-01
7.070606946945190430e-01
7.083743214607238770e-01
7.113299369812011719e-01
6.955664157867431641e-01
7.142855525016784668e-01
7.110015749931335449e-01
7.044333815574645996e-01
7.060754299163818359e-01
7.073891162872314453e-01
7.080458998680114746e-01
7.100163102149963379e-01
7.096879482269287109e-01
7.136287689208984375e-01
7.215105891227722168e-01
7.106731534004211426e-01
7.146140933036804199e-01
7.070606946945190430e-01
7.165845036506652832e-01
7.238094210624694824e-01
7.169129252433776855e-01
7.077174782752990723e-01
7.215105891227722168e-01
7.041050195693969727e-01
7.169128656387329102e-01
7.198685407638549805e-01
7.142856121063232422e-01
7.159276604652404785e-01
7.155992984771728516e-01
7.228242158889770508e-01
7.192117571830749512e-01
7.172413468360900879e-01
7.182265520095825195e-01
7.162560820579528809e-01
7.241377830505371094e-01
7.231526374816894531e-01
7.238094210624694824e-01
7.221673727035522461e-01
7.215105891227722168e-01
7.241378426551818848e-01
7.244662046432495117e-01
7.228241562843322754e-01
7.228242158889770508e-01
7.172413468360900879e-01
7.172412872314453125e-01
