1.904761791229248047e-02
1.904761791229248047e-02
1.806239783763885498e-02
1.904761791229248047e-02
1.707717403769493103e-02
2.364532090723514557e-02
2.167487703263759613e-02
2.692939154803752899e-02
3.448275849223136902e-02
4.269293695688247681e-02
5.287355929613113403e-02
6.042692437767982483e-02
7.487685233354568481e-02
8.866994082927703857e-02
1.073891669511795044e-01
1.152709349989891052e-01
1.399014741182327271e-01
1.507389098405838013e-01
1.770115047693252563e-01
1.980295628309249878e-01
2.302134633064270020e-01
2.568144202232360840e-01
2.742200493812561035e-01
2.975369393825531006e-01
3.215106725692749023e-01
3.405582606792449951e-01
3.569786548614501953e-01
3.770114779472351074e-01
3.947454690933227539e-01
3.927749991416931152e-01
4.105090200901031494e-01
4.183908104896545410e-01
4.210180640220642090e-01
4.532019495964050293e-01
4.535303413867950439e-01
4.738916158676147461e-01
4.676518440246582031e-01
4.801312983036041260e-01
4.903119504451751709e-01
5.050902962684631348e-01
5.178982019424438477e-01
5.251231193542480469e-01
5.241379141807556152e-01
5.356321334838867188e-01
5.441707372665405273e-01
5.520524978637695312e-01
5.615762472152709961e-01
5.615763068199157715e-01
5.513956546783447266e-01
5.628898739814758301e-01
5.740557312965393066e-01
5.776682496070861816e-01
5.904760956764221191e-01
5.901477336883544922e-01
5.832511782646179199e-01
5.917897224426269531e-01
6.006567478179931641e-01
6.016419529914855957e-01
5.996715426445007324e-01
6.091953516006469727e-01
6.134645938873291016e-01
6.151066422462463379e-01
6.167486906051635742e-01
6.118226051330566406e-01
6.190475225448608398e-01
6.128078103065490723e-01
6.197044253349304199e-01
6.298850178718566895e-01
6.315270066261291504e-01
6.413792371749877930e-01
6.512314081192016602e-01
6.331691145896911621e-01
6.377667784690856934e-01
6.482757925987243652e-01
6.564859151840209961e-01
6.436780691146850586e-01
6.463053226470947266e-01
6.430212855339050293e-01
6.568143367767333984e-01
6.495894193649291992e-01
6.433497071266174316e-01
6.607552766799926758e-01
6.551722884178161621e-01
6.532018780708312988e-01
6.633824706077575684e-01
6.643677353858947754e-01
6.663382053375244141e-01
6.574711799621582031e-01
6.594415903091430664e-01
6.663381457328796387e-01
6.630541086196899414e-01
6.853858232498168945e-01
6.725779175758361816e-01
6.699506044387817383e-01
6.742199063301086426e-01
6.722494959831237793e-01
6.692938804626464844e-01
6.781609058380126953e-01
6.699507236480712891e-01
6.788176298141479492e-01
6.679801940917968750e-01
6.821017265319824219e-01
6.830869317054748535e-01
6.752051115036010742e-01
6.798028945922851562e-01
6.784892678260803223e-01
6.798028349876403809e-01
6.847289800643920898e-01
6.880130767822265625e-01
6.968799829483032227e-01
6.853858232498168945e-01
6.935960054397583008e-01
6.811164617538452148e-01
6.834154129028320312e-01
6.922823786735534668e-01
6.771756410598754883e-01
6.912971138954162598e-01
6.866994500160217285e-01
6.889982819557189941e-01
6.870278716087341309e-01
6.896550655364990234e-01
7.011492848396301270e-01
6.932675242424011230e-01
6.942527890205383301e-01
6.945812106132507324e-01
6.962231993675231934e-01
6.952379941940307617e-01
6.932675838470458984e-01
6.922823786735534668e-01
6.939244270324707031e-01
7.024629712104797363e-01
6.981937289237976074e-01
7.119867205619812012e-01
7.021346092224121094e-01
6.998356580734252930e-01
6.903118491172790527e-01
7.067323327064514160e-01
6.998357176780700684e-01
7.096879482269287109e-01
6.995072960853576660e-01
7.096879482269287109e-01
7.057470679283142090e-01
7.047618031501770020e-01
7.077175378799438477e-01
7.034481763839721680e-01
7.044333815574645996e-01
7.050902247428894043e-01
7.018061876296997070e-01
7.175697088241577148e-01
7.041050195693969727e-01
7.090311050415039062e-01
7.205253243446350098e-01
7.054186463356018066e-01
7.060754299163818359e-01
7.218390107154846191e-01
7.169128656387329102e-01
7.126436233520507812e-01
7.100163698196411133e-01
7.142856717109680176e-01
7.050902843475341797e-01
7.113299369812011719e-01
7.129719853401184082e-01
7.119867801666259766e-01
7.169128656387329102e-01
7.113298773765563965e-01
7.175697088241577148e-01
7.228242158889770508e-01
7.251230478286743164e-01
7.159277200698852539e-01
7.185548543930053711e-01
7.198685407638549805e-01
7.126436233520507812e-01
7.185548543930053711e-01
7.303775548934936523e-01
7.261083126068115234e-01
7.267650365829467773e-01
7.142856717109680176e-01
7.247946858406066895e-01
7.172412872314453125e-01
7.195401191711425781e-01
7.310343980789184570e-01
7.218389511108398438e-01
7.379308938980102539e-01
7.316912412643432617e-01
7.070606946945190430e-01
7.264366745948791504e-01
7.218390107154846191e-01
7.254515290260314941e-01
7.159276008605957031e-01
7.129719853401184082e-01
7.247946858406066895e-01
7.208537459373474121e-01
7.228242158889770508e-01
7.287355065345764160e-01
7.228242158889770508e-01
7.323479652404785156e-01
7.267651557922363281e-01
7.261083126068115234e-01
7.231525182723999023e-01
7.192116975784301758e-01
