3.096208810806274414e+00
5.912209272384643555e+00
8.714699745178222656e+00
1.222669553756713867e+01
1.504269599914550781e+01
1.786870288848876953e+01
2.068820595741271973e+01
2.343865990638732910e+01
2.623114395141601562e+01
2.903655934333801270e+01
3.183054471015930176e+01
3.464304304122924805e+01
3.738517808914184570e+01
4.023420310020446777e+01
4.298965930938720703e+01
4.571009206771850586e+01
4.883581233024597168e+01
5.165382266044616699e+01
5.448883628845214844e+01
5.728432226181030273e+01
6.008681321144104004e+01
6.294434976577758789e+01
6.575384545326232910e+01
6.856984591484069824e+01
7.138234448432922363e+01
7.422236156463623047e+01
7.701934838294982910e+01
7.980282592773437500e+01
8.265535259246826172e+01
8.562646293640136719e+01
8.928207230567932129e+01
9.214410519599914551e+01
9.504116320610046387e+01
9.782263898849487305e+01
1.006466522216796875e+02
1.034862015247344971e+02
1.063107075691223145e+02
1.092908251285552979e+02
1.121198348999023438e+02
1.149458422660827637e+02
1.177498340606689453e+02
1.206073641777038574e+02
1.234198672771453857e+02
1.261908361911773682e+02
1.289427907466888428e+02
1.317823309898376465e+02
1.346063365936279297e+02
1.374283416271209717e+02
1.402673766613006592e+02
1.431013896465301514e+02
1.459228937625885010e+02
1.486618402004241943e+02
1.514588263034820557e+02
1.543088517189025879e+02
1.572304265499114990e+02
1.602075500488281250e+02
1.631106116771697998e+02
1.659075984954833984e+02
1.687711331844329834e+02
1.715901358127593994e+02
1.744021332263946533e+02
1.772696769237518311e+02
1.801527249813079834e+02
1.829968411922454834e+02
1.858083372116088867e+02
1.886558599472045898e+02
1.915098965167999268e+02
1.943444106578826904e+02
1.971464014053344727e+02
1.999563972949981689e+02
2.028034200668334961e+02
2.056079120635986328e+02
2.083893876075744629e+02
2.111993892192840576e+02
2.140223627090454102e+02
2.168473696708679199e+02
2.196378524303436279e+02
2.224808723926544189e+02
2.253889379501342773e+02
2.281734261512756348e+02
2.310059385299682617e+02
2.338004240989685059e+02
2.366530086994171143e+02
2.394670076370239258e+02
2.423165400028228760e+02
2.451590590476989746e+02
2.479585480690002441e+02
2.507340285778045654e+02
2.535620746612548828e+02
2.563780820369720459e+02
2.591810724735260010e+02
2.621606898307800293e+02
2.650687553882598877e+02
2.679032692909240723e+02
2.707427864074707031e+02
2.735808024406433105e+02
2.763918004035949707e+02
2.795080132484436035e+02
2.823915858268737793e+02
2.851900734901428223e+02
2.880300915241241455e+02
2.908515958786010742e+02
2.936555883884429932e+02
2.966912441253662109e+02
2.994987390041351318e+02
3.024138097763061523e+02
3.051742706298828125e+02
3.079728059768676758e+02
3.108318369388580322e+02
3.136413333415985107e+02
3.164358179569244385e+02
3.192638270854949951e+02
3.221570725440979004e+02
3.249485554695129395e+02
3.278181259632110596e+02
3.306716544628143311e+02
3.335316848754882812e+02
3.363431823253631592e+02
3.391831996440887451e+02
3.419986999034881592e+02
3.449763152599334717e+02
3.479859542846679688e+02
3.511131749153137207e+02
3.539526929855346680e+02
3.568227312564849854e+02
3.596462373733520508e+02
3.625012650489807129e+02
3.653232703208923340e+02
3.681898069381713867e+02
3.710523457527160645e+02
3.738778600692749023e+02
3.767093737125396729e+02
3.796234438419342041e+02
3.824564566612243652e+02
3.855736703872680664e+02
3.887794556617736816e+02
3.915884521007537842e+02
3.944689984321594238e+02
3.973035192489624023e+02
4.001470391750335693e+02
4.030255837440490723e+02
4.058646008968353271e+02
4.087621645927429199e+02
4.115966787338256836e+02
4.144732217788696289e+02
4.175494072437286377e+02
4.205325670242309570e+02
4.233710834980010986e+02
4.262766549587249756e+02
4.291386878490447998e+02
4.320437607765197754e+02
4.348847794532775879e+02
4.378093564510345459e+02
4.407639563083648682e+02
4.436074759960174561e+02
4.464670069217681885e+02
4.492960169315338135e+02
4.521630537509918213e+02
4.550646152496337891e+02
4.579046335220336914e+02
4.608242070674896240e+02
4.636562182903289795e+02
4.664907321929931641e+02
4.693092350959777832e+02
4.723128688335418701e+02
4.752054233551025391e+02
4.780469424724578857e+02
4.809590108394622803e+02
4.837715084552764893e+02
4.866705682277679443e+02
4.894870691299438477e+02
4.923586494922637939e+02
4.952201826572418213e+02
4.980627019405364990e+02
5.008987164497375488e+02
5.038227939605712891e+02
5.066563069820404053e+02
5.095433576107025146e+02
5.126160411834716797e+02
5.154575591087341309e+02
5.184061548709869385e+02
5.213817675113677979e+02
5.243233573436737061e+02
5.273565125465393066e+02
5.302230560779571533e+02
5.330975978374481201e+02
5.359906532764434814e+02
5.389817781448364258e+02
5.419593942165374756e+02
5.448104517459869385e+02
5.478110837936401367e+02
5.506721165180206299e+02
5.535116903781890869e+02
5.563612151145935059e+02
5.592552714347839355e+02
5.621273112297058105e+02
5.649943482875823975e+02
5.679264311790466309e+02
5.708420019149780273e+02
5.736499969959259033e+02
