1.951219514012336731e-02
9.756097570061683655e-03
1.219512149691581726e-02
1.951219514012336731e-02
9.756097570061683655e-03
1.951219514012336731e-02
1.463414542376995087e-02
1.951219514012336731e-02
2.926829271018505096e-02
2.195121906697750092e-02
7.317073177546262741e-03
1.951219327747821808e-02
7.317073177546262741e-03
2.195121720433235168e-02
2.439024299383163452e-02
2.439024299383163452e-02
1.219512149691581726e-02
2.926829271018505096e-02
9.756097570061683655e-03
2.682926692068576813e-02
1.219512149691581726e-02
2.682926878333091736e-02
1.707317121326923370e-02
2.439024299383163452e-02
2.439024299383163452e-02
2.926829457283020020e-02
3.170731663703918457e-02
5.121950805187225342e-02
6.585366278886795044e-02
7.317072898149490356e-02
7.804878056049346924e-02
7.317072153091430664e-02
9.756097942590713501e-02
1.317073255777359009e-01
1.414634138345718384e-01
1.878048777580261230e-01
2.219512164592742920e-01
2.487804889678955078e-01
3.048780262470245361e-01
3.195121884346008301e-01
3.268292546272277832e-01
3.512195050716400146e-01
4.048780500888824463e-01
3.853658735752105713e-01
3.804877996444702148e-01
4.317073225975036621e-01
4.390243887901306152e-01
4.756097197532653809e-01
4.268292784690856934e-01
4.878048300743103027e-01
5.170731544494628906e-01
5.414633750915527344e-01
5.219511985778808594e-01
5.219511985778808594e-01
5.804877877235412598e-01
5.317072868347167969e-01
5.439024567604064941e-01
5.560975074768066406e-01
5.756097435951232910e-01
5.707316994667053223e-01
5.439023971557617188e-01
5.585365295410156250e-01
6.146341562271118164e-01
5.951219201087951660e-01
6.048780679702758789e-01
6.170731782913208008e-01
6.268292665481567383e-01
6.048780679702758789e-01
6.048780679702758789e-01
5.951219797134399414e-01
6.048780083656311035e-01
6.512194871902465820e-01
6.463414430618286133e-01
6.487804651260375977e-01
6.390243768692016602e-01
6.731706857681274414e-01
6.439024806022644043e-01
6.317073106765747070e-01
6.341463327407836914e-01
6.585365533828735352e-01
6.268292665481567383e-01
6.609755754470825195e-01
6.487805247306823730e-01
6.731706857681274414e-01
6.414633989334106445e-01
6.560975313186645508e-01
6.073170900344848633e-01
6.414633989334106445e-01
6.609755754470825195e-01
6.658536195755004883e-01
6.658536791801452637e-01
6.536585092544555664e-01
6.365853548049926758e-01
6.609755754470825195e-01
6.439025402069091797e-01
6.804878711700439453e-01
6.560975313186645508e-01
6.682927608489990234e-01
6.585365533828735352e-01
6.658537387847900391e-01
6.536585092544555664e-01
6.634145975112915039e-01
6.585365533828735352e-01
6.560975313186645508e-01
6.512195467948913574e-01
6.829268932342529297e-01
6.756097078323364258e-01
6.317073106765747070e-01
6.926829814910888672e-01
6.560976505279541016e-01
6.487804651260375977e-01
6.609755754470825195e-01
6.439024209976196289e-01
6.512194871902465820e-01
6.731707453727722168e-01
6.804878115653991699e-01
6.682927012443542480e-01
6.975610256195068359e-01
6.829268932342529297e-01
6.560975313186645508e-01
6.853658556938171387e-01
6.853659152984619141e-01
6.487804651260375977e-01
6.634147167205810547e-01
6.707317829132080078e-01
6.902439594268798828e-01
6.707316637039184570e-01
6.707316637039184570e-01
6.780488491058349609e-01
6.731708049774169922e-01
6.609755754470825195e-01
6.512195467948913574e-01
7.097561359405517578e-01
6.609755754470825195e-01
6.829267740249633789e-01
6.804877519607543945e-01
6.585365533828735352e-01
6.609755754470825195e-01
6.731708049774169922e-01
6.634147167205810547e-01
6.682926416397094727e-01
6.439024806022644043e-01
6.829268932342529297e-01
6.634147167205810547e-01
6.756097078323364258e-01
6.609756350517272949e-01
6.536585688591003418e-01
6.780487298965454102e-01
6.560975313186645508e-01
6.560976505279541016e-01
6.829267740249633789e-01
6.902438998222351074e-01
6.756097674369812012e-01
6.634145975112915039e-01
6.731707453727722168e-01
6.682926416397094727e-01
6.707317829132080078e-01
6.658536195755004883e-01
6.756097078323364258e-01
7.073171138763427734e-01
6.804878711700439453e-01
6.560975313186645508e-01
6.878048181533813477e-01
6.926829814910888672e-01
6.414633989334106445e-01
6.829268336296081543e-01
6.902439594268798828e-01
6.780487298965454102e-01
6.975609660148620605e-01
6.804878711700439453e-01
6.756097078323364258e-01
6.634146571159362793e-01
6.902439594268798828e-01
6.585365533828735352e-01
6.853659152984619141e-01
6.756097674369812012e-01
6.731706857681274414e-01
6.804878711700439453e-01
6.731706857681274414e-01
6.804878711700439453e-01
6.780487895011901855e-01
6.439024209976196289e-01
6.829268932342529297e-01
6.658536791801452637e-01
6.609755754470825195e-01
6.951220035552978516e-01
6.878049373626708984e-01
6.731708049774169922e-01
6.731708049774169922e-01
6.731706857681274414e-01
6.731708049774169922e-01
6.878049373626708984e-01
6.707317829132080078e-01
6.609755754470825195e-01
6.585366725921630859e-01
6.853658556938171387e-01
7.048780322074890137e-01
6.560975909233093262e-01
7.024390697479248047e-01
6.926829814910888672e-01
