1.219512149691581726e-02
1.707316935062408447e-02
1.463414542376995087e-02
9.756097570061683655e-03
9.756097570061683655e-03
1.707316935062408447e-02
1.951219514012336731e-02
1.951219514012336731e-02
1.463414542376995087e-02
1.707316935062408447e-02
1.707316935062408447e-02
9.756097570061683655e-03
9.756097570061683655e-03
1.463414542376995087e-02
1.951219514012336731e-02
1.951219327747821808e-02
9.756097570061683655e-03
9.756097570061683655e-03
7.317073177546262741e-03
2.195122092962265015e-02
1.463414635509252548e-02
1.219512149691581726e-02
1.219512149691581726e-02
1.951219514012336731e-02
0.000000000000000000e+00
4.878048785030841827e-03
1.219512149691581726e-02
1.707316935062408447e-02
1.707316935062408447e-02
9.756097570061683655e-03
2.195121906697750092e-02
4.878048785030841827e-03
1.219512149691581726e-02
1.463414635509252548e-02
2.439024299383163452e-02
2.439024299383163452e-02
4.146341606974601746e-02
3.902439028024673462e-02
4.878048598766326904e-02
6.341463327407836914e-02
7.560975849628448486e-02
9.024389833211898804e-02
1.146341413259506226e-01
1.365853697061538696e-01
1.804878115653991699e-01
1.756097376346588135e-01
1.951219439506530762e-01
2.585365772247314453e-01
2.926829457283020020e-01
3.243902325630187988e-01
3.853658437728881836e-01
3.707317113876342773e-01
4.243902564048767090e-01
4.463414847850799561e-01
5.024390220642089844e-01
5.000000000000000000e-01
5.341463685035705566e-01
5.609756112098693848e-01
5.609756112098693848e-01
5.756097435951232910e-01
5.512195229530334473e-01
5.853658318519592285e-01
5.634146332740783691e-01
5.926828980445861816e-01
5.999999642372131348e-01
6.048780679702758789e-01
5.975609421730041504e-01
6.170731186866760254e-01
6.121951341629028320e-01
6.121951341629028320e-01
6.292682886123657227e-01
5.804878473281860352e-01
6.292682886123657227e-01
6.048780083656311035e-01
6.463414430618286133e-01
6.292682886123657227e-01
6.585365533828735352e-01
6.487804651260375977e-01
6.268292069435119629e-01
6.682926416397094727e-01
6.317073106765747070e-01
6.536586284637451172e-01
6.512194871902465820e-01
6.731707453727722168e-01
6.804877519607543945e-01
6.317073106765747070e-01
6.512194871902465820e-01
6.707316637039184570e-01
6.585365533828735352e-01
6.536585092544555664e-01
6.463413834571838379e-01
6.609755754470825195e-01
6.780487298965454102e-01
6.804878115653991699e-01
6.512194871902465820e-01
6.609755754470825195e-01
6.878048777580261230e-01
6.658536195755004883e-01
6.682926416397094727e-01
6.902438998222351074e-01
6.682926416397094727e-01
6.804877519607543945e-01
6.756098270416259766e-01
7.024390697479248047e-01
6.951220035552978516e-01
6.878048181533813477e-01
6.926828622817993164e-01
6.658536195755004883e-01
7.048780918121337891e-01
6.756098270416259766e-01
6.707317233085632324e-01
7.121951580047607422e-01
6.853659152984619141e-01
6.780487298965454102e-01
6.878049373626708984e-01
7.024390697479248047e-01
6.829267740249633789e-01
7.000000476837158203e-01
7.243902683258056641e-01
6.878048181533813477e-01
6.804878115653991699e-01
7.195122241973876953e-01
6.902439594268798828e-01
7.121951580047607422e-01
7.073171138763427734e-01
6.926829218864440918e-01
6.926829814910888672e-01
7.097561359405517578e-01
6.878048181533813477e-01
7.365853786468505859e-01
6.878049373626708984e-01
6.951218843460083008e-01
7.170732021331787109e-01
6.951218843460083008e-01
7.243902683258056641e-01
7.487805485725402832e-01
7.146341800689697266e-01
7.341463565826416016e-01
7.048780918121337891e-01
7.170732021331787109e-01
7.219512462615966797e-01
7.073171138763427734e-01
7.219512462615966797e-01
7.243902683258056641e-01
7.170732021331787109e-01
7.146341800689697266e-01
6.951219439506530762e-01
7.121951580047607422e-01
7.365853786468505859e-01
7.219512462615966797e-01
7.292683124542236328e-01
7.121951580047607422e-01
7.170732021331787109e-01
7.243902683258056641e-01
7.048780918121337891e-01
7.365854382514953613e-01
6.829268336296081543e-01
7.170731425285339355e-01
7.146341800689697266e-01
7.121951580047607422e-01
6.878048181533813477e-01
7.195122241973876953e-01
7.146341800689697266e-01
7.292683124542236328e-01
7.292683124542236328e-01
7.121951580047607422e-01
7.146341204643249512e-01
7.073171138763427734e-01
7.219512462615966797e-01
7.097560763359069824e-01
7.048780918121337891e-01
7.146341800689697266e-01
7.317072749137878418e-01
7.195122241973876953e-01
7.146341204643249512e-01
7.146341800689697266e-01
7.097560167312622070e-01
7.292683720588684082e-01
7.317073345184326172e-01
7.073169946670532227e-01
7.487805485725402832e-01
6.951220035552978516e-01
7.463414669036865234e-01
7.365853786468505859e-01
7.414634227752685547e-01
7.195122241973876953e-01
7.146341800689697266e-01
7.243902683258056641e-01
6.951220035552978516e-01
7.292683124542236328e-01
7.170732021331787109e-01
7.195122241973876953e-01
7.073171138763427734e-01
7.243902683258056641e-01
7.121951580047607422e-01
7.317073345184326172e-01
7.170732021331787109e-01
7.146341800689697266e-01
6.951220035552978516e-01
7.195122241973876953e-01
