1.951219327747821808e-02
9.756097570061683655e-03
1.463414542376995087e-02
2.926829084753990173e-02
1.707316935062408447e-02
1.951219514012336731e-02
1.707316935062408447e-02
4.146341234445571899e-02
6.097560748457908630e-02
7.073170691728591919e-02
1.024390235543251038e-01
1.170731633901596069e-01
1.853658407926559448e-01
2.317073345184326172e-01
2.829268574714660645e-01
2.999999821186065674e-01
3.439024388790130615e-01
3.902438879013061523e-01
4.195121526718139648e-01
4.341463148593902588e-01
4.878048598766326904e-01
4.902438819408416748e-01
5.097560882568359375e-01
5.585365891456604004e-01
5.731707215309143066e-01
5.804877877235412598e-01
5.878048539161682129e-01
6.024390459060668945e-01
5.926828980445861816e-01
6.146341562271118164e-01
5.926828980445861816e-01
6.048780679702758789e-01
6.195122003555297852e-01
6.219512224197387695e-01
6.341463327407836914e-01
5.829268693923950195e-01
6.317073106765747070e-01
6.487804651260375977e-01
6.268292665481567383e-01
6.292682886123657227e-01
6.560975313186645508e-01
6.439024209976196289e-01
6.707317829132080078e-01
6.219512224197387695e-01
6.634146571159362793e-01
6.682927608489990234e-01
6.609755754470825195e-01
6.463414430618286133e-01
6.341463327407836914e-01
6.658536791801452637e-01
6.731706857681274414e-01
6.780487895011901855e-01
6.439024806022644043e-01
6.634145975112915039e-01
6.487804651260375977e-01
6.756098270416259766e-01
6.634145975112915039e-01
6.536585092544555664e-01
6.902439594268798828e-01
6.658536791801452637e-01
6.829268336296081543e-01
6.536585688591003418e-01
6.609755754470825195e-01
6.682927608489990234e-01
6.780487298965454102e-01
6.658537387847900391e-01
6.756097674369812012e-01
6.439024209976196289e-01
6.585365533828735352e-01
6.634146571159362793e-01
6.658536195755004883e-01
7.000000476837158203e-01
7.219512462615966797e-01
6.731706857681274414e-01
6.853658556938171387e-01
7.146341800689697266e-01
6.878049373626708984e-01
6.975609660148620605e-01
6.975610256195068359e-01
6.926829814910888672e-01
7.024390697479248047e-01
6.878048777580261230e-01
6.829267740249633789e-01
6.682927012443542480e-01
6.926829814910888672e-01
6.780488491058349609e-01
6.853659152984619141e-01
6.707317829132080078e-01
6.999999880790710449e-01
6.975609660148620605e-01
6.951220035552978516e-01
6.414633989334106445e-01
6.902439594268798828e-01
6.902438998222351074e-01
6.975610256195068359e-01
7.048780918121337891e-01
6.926829218864440918e-01
6.707316637039184570e-01
6.829268336296081543e-01
7.000000476837158203e-01
6.926829218864440918e-01
6.951220035552978516e-01
6.902438998222351074e-01
6.804877519607543945e-01
7.097560167312622070e-01
6.731706857681274414e-01
6.731707453727722168e-01
6.756097674369812012e-01
6.829268932342529297e-01
6.707316637039184570e-01
6.731708049774169922e-01
6.756097674369812012e-01
7.073171138763427734e-01
6.975609660148620605e-01
7.048779726028442383e-01
7.121951580047607422e-01
7.146341800689697266e-01
6.756097674369812012e-01
6.926829814910888672e-01
7.024390697479248047e-01
7.146341800689697266e-01
6.878049373626708984e-01
6.999999880790710449e-01
6.926829218864440918e-01
6.926829814910888672e-01
7.024390697479248047e-01
6.756098270416259766e-01
6.878049373626708984e-01
7.024390697479248047e-01
6.951220035552978516e-01
6.975609660148620605e-01
6.926829814910888672e-01
6.804878711700439453e-01
6.926829218864440918e-01
6.853659152984619141e-01
6.951220035552978516e-01
7.097561359405517578e-01
7.243902683258056641e-01
7.073170542716979980e-01
6.756097674369812012e-01
7.146341800689697266e-01
7.097561359405517578e-01
7.121951580047607422e-01
7.024390697479248047e-01
7.243902087211608887e-01
6.731706857681274414e-01
6.902438998222351074e-01
7.024390697479248047e-01
7.000000476837158203e-01
7.146341204643249512e-01
7.073170542716979980e-01
6.951219439506530762e-01
6.756097078323364258e-01
6.926829814910888672e-01
6.975609660148620605e-01
7.292683124542236328e-01
6.829268336296081543e-01
7.170732021331787109e-01
7.146340608596801758e-01
7.024390697479248047e-01
6.975610256195068359e-01
7.243902087211608887e-01
6.853659152984619141e-01
7.317073941230773926e-01
7.317073345184326172e-01
7.341462969779968262e-01
6.853659152984619141e-01
7.170732021331787109e-01
7.121951580047607422e-01
6.951220035552978516e-01
6.999999880790710449e-01
7.195122241973876953e-01
6.975610256195068359e-01
7.243902683258056641e-01
7.097561359405517578e-01
6.902438998222351074e-01
7.073171138763427734e-01
6.804878115653991699e-01
7.048780918121337891e-01
6.975610256195068359e-01
6.902439594268798828e-01
7.097560763359069824e-01
6.853658556938171387e-01
7.195122241973876953e-01
6.804878115653991699e-01
6.999999880790710449e-01
7.024390101432800293e-01
6.999999880790710449e-01
7.048780918121337891e-01
7.292683124542236328e-01
6.902439594268798828e-01
7.121950984001159668e-01
7.195122241973876953e-01
6.756097674369812012e-01
7.000000476837158203e-01
6.780487895011901855e-01
6.804878115653991699e-01
7.073171138763427734e-01
7.048780918121337891e-01
6.829268932342529297e-01
