2.439024299383163452e-02
1.951219514012336731e-02
7.317073177546262741e-03
1.219512149691581726e-02
1.707316935062408447e-02
1.219512149691581726e-02
3.414634242653846741e-02
3.170731663703918457e-02
2.926829084753990173e-02
1.707316935062408447e-02
2.682926878333091736e-02
2.682926878333091736e-02
1.219512149691581726e-02
1.219512149691581726e-02
1.219512149691581726e-02
9.756097570061683655e-03
1.219512149691581726e-02
1.707317121326923370e-02
1.951219514012336731e-02
1.951219327747821808e-02
3.658536449074745178e-02
4.878048598766326904e-02
2.439024485647678375e-02
2.439024299383163452e-02
4.146341606974601746e-02
4.878048598766326904e-02
6.585365533828735352e-02
7.804878056049346924e-02
7.560975849628448486e-02
1.243902370333671570e-01
1.390243917703628540e-01
1.585365831851959229e-01
1.731707155704498291e-01
1.999999880790710449e-01
2.658536434173583984e-01
2.951219379901885986e-01
3.365853428840637207e-01
2.999999523162841797e-01
3.731707334518432617e-01
4.048780798912048340e-01
3.731707334518432617e-01
4.439024627208709717e-01
4.341463148593902588e-01
4.609755575656890869e-01
4.756097793579101562e-01
4.902438819408416748e-01
5.439024567604064941e-01
5.414634346961975098e-01
5.390243530273437500e-01
5.439024567604064941e-01
5.365853309631347656e-01
5.219511985778808594e-01
5.951219201087951660e-01
5.658536553382873535e-01
5.634145736694335938e-01
5.804877877235412598e-01
5.975610017776489258e-01
6.268292665481567383e-01
5.756096839904785156e-01
5.878048539161682129e-01
6.146341562271118164e-01
6.292682886123657227e-01
6.024390459060668945e-01
6.268292069435119629e-01
6.146341562271118164e-01
6.317072510719299316e-01
6.195122003555297852e-01
6.439024209976196289e-01
6.195122003555297852e-01
6.390243768692016602e-01
6.292682886123657227e-01
6.634147167205810547e-01
6.268292665481567383e-01
6.463414430618286133e-01
6.658536791801452637e-01
6.365853548049926758e-01
6.512194871902465820e-01
6.219512224197387695e-01
6.731707453727722168e-01
6.585366129875183105e-01
6.414633989334106445e-01
6.219511628150939941e-01
6.414633989334106445e-01
6.609755754470825195e-01
6.512194871902465820e-01
6.390243768692016602e-01
6.219512224197387695e-01
6.365853548049926758e-01
6.414633989334106445e-01
6.365853548049926758e-01
6.268292665481567383e-01
6.365853548049926758e-01
6.585366725921630859e-01
6.634145975112915039e-01
6.682926416397094727e-01
6.487804651260375977e-01
6.609756946563720703e-01
6.780487298965454102e-01
6.439024806022644043e-01
6.560975313186645508e-01
6.341463327407836914e-01
6.365853548049926758e-01
6.463415622711181641e-01
6.634145975112915039e-01
6.536586284637451172e-01
6.512194871902465820e-01
6.463415026664733887e-01
6.243902444839477539e-01
6.365853548049926758e-01
6.731706857681274414e-01
6.658536195755004883e-01
6.609755754470825195e-01
6.829267740249633789e-01
6.560975313186645508e-01
6.829268336296081543e-01
6.682927608489990234e-01
6.951220035552978516e-01
6.707316637039184570e-01
6.414634585380554199e-01
6.439024209976196289e-01
6.585364937782287598e-01
6.707317829132080078e-01
6.707317829132080078e-01
6.951220035552978516e-01
6.658536195755004883e-01
6.731708049774169922e-01
6.731707453727722168e-01
6.658536791801452637e-01
6.682927608489990234e-01
6.707316637039184570e-01
6.609755754470825195e-01
6.682927608489990234e-01
6.756097674369812012e-01
6.585365533828735352e-01
6.804878115653991699e-01
6.804877519607543945e-01
6.902439594268798828e-01
6.756097078323364258e-01
6.707316637039184570e-01
6.658536195755004883e-01
6.390243768692016602e-01
6.707317233085632324e-01
6.682927608489990234e-01
6.682926416397094727e-01
6.902438998222351074e-01
6.609755754470825195e-01
6.756098270416259766e-01
6.634145975112915039e-01
6.878049373626708984e-01
6.780488491058349609e-01
6.609756946563720703e-01
6.658536791801452637e-01
6.829268932342529297e-01
6.878049373626708984e-01
6.609756350517272949e-01
7.048780918121337891e-01
6.829267740249633789e-01
6.853657960891723633e-01
6.829268932342529297e-01
6.878049373626708984e-01
7.048780918121337891e-01
6.951220035552978516e-01
6.975610256195068359e-01
6.902438998222351074e-01
7.024390101432800293e-01
7.024390101432800293e-01
7.000000476837158203e-01
7.000000476837158203e-01
7.024390697479248047e-01
6.951220035552978516e-01
6.829268932342529297e-01
6.975610256195068359e-01
7.000000476837158203e-01
6.902439594268798828e-01
7.000000476837158203e-01
7.073171138763427734e-01
7.073171138763427734e-01
7.195122241973876953e-01
7.000000476837158203e-01
6.975610256195068359e-01
6.926828622817993164e-01
7.219512462615966797e-01
6.756097674369812012e-01
7.121951580047607422e-01
6.975610256195068359e-01
6.804877519607543945e-01
6.878048777580261230e-01
6.731707453727722168e-01
7.073171138763427734e-01
6.829268336296081543e-01
6.878049373626708984e-01
6.902438998222351074e-01
7.097561359405517578e-01
6.878048777580261230e-01
7.243902683258056641e-01
7.048780918121337891e-01
7.048780918121337891e-01
6.853659152984619141e-01
7.292683124542236328e-01
6.926829814910888672e-01
