7.934279441833496094e-01
1.498211145401000977e+00
2.188771724700927734e+00
2.894462108612060547e+00
3.591710805892944336e+00
4.295591354370117188e+00
5.026180505752563477e+00
5.739769697189331055e+00
6.433368921279907227e+00
7.137812137603759766e+00
7.843157052993774414e+00
8.553932428359985352e+00
9.272550821304321289e+00
9.985489368438720703e+00
1.070576071739196777e+01
1.142234110832214355e+01
1.212792468070983887e+01
1.284223175048828125e+01
1.355016112327575684e+01
1.428023290634155273e+01
1.498977899551391602e+01
1.569981765747070312e+01
1.640741062164306641e+01
1.710858774185180664e+01
1.781863832473754883e+01
1.852614212036132812e+01
1.925079369544982910e+01
1.997219300270080566e+01
2.069083833694458008e+01
2.140738201141357422e+01
2.211882972717285156e+01
2.283457922935485840e+01
2.355515384674072266e+01
2.428482317924499512e+01
2.500639176368713379e+01
2.572260618209838867e+01
2.644766473770141602e+01
2.715423893928527832e+01
2.786684083938598633e+01
2.857530927658081055e+01
2.928889393806457520e+01
3.001425075531005859e+01
3.073177695274353027e+01
3.145066070556640625e+01
3.215975499153137207e+01
3.288239693641662598e+01
3.361160302162170410e+01
3.433954691886901855e+01
3.505088424682617188e+01
3.576720619201660156e+01
3.648397827148437500e+01
3.721347546577453613e+01
3.794004416465759277e+01
3.878647685050964355e+01
3.952147030830383301e+01
4.024307680130004883e+01
4.095371413230895996e+01
4.167130827903747559e+01
4.237971997261047363e+01
4.312137937545776367e+01
4.384108877182006836e+01
4.457569217681884766e+01
4.532111835479736328e+01
4.605864763259887695e+01
4.684532237052917480e+01
4.760868906974792480e+01
4.952302789688110352e+01
5.124799132347106934e+01
5.215307855606079102e+01
5.306521034240722656e+01
5.396522045135498047e+01
5.476755738258361816e+01
5.550072765350341797e+01
5.641027879714965820e+01
5.722375369071960449e+01
5.802011251449584961e+01
5.876723933219909668e+01
5.948444914817810059e+01
6.023597550392150879e+01
6.096313738822937012e+01
6.168085885047912598e+01
6.239836144447326660e+01
6.316354274749755859e+01
6.392000961303710938e+01
6.465531635284423828e+01
6.538628625869750977e+01
6.609686088562011719e+01
6.681942439079284668e+01
6.754012227058410645e+01
6.827665805816650391e+01
6.901784253120422363e+01
6.975952291488647461e+01
7.052368116378784180e+01
7.126143932342529297e+01
7.200297904014587402e+01
7.273980093002319336e+01
7.350070166587829590e+01
7.426451945304870605e+01
7.498157477378845215e+01
7.573466849327087402e+01
7.656591367721557617e+01
7.733208155632019043e+01
7.807381796836853027e+01
7.879851007461547852e+01
7.951839232444763184e+01
8.022592520713806152e+01
8.096059012413024902e+01
8.166928267478942871e+01
8.239383316040039062e+01
8.312946701049804688e+01
8.385512137413024902e+01
8.458975219726562500e+01
8.530715203285217285e+01
8.606645655632019043e+01
8.679571652412414551e+01
8.752782201766967773e+01
8.826233315467834473e+01
8.899376559257507324e+01
8.970881795883178711e+01
9.044749975204467773e+01
9.116130495071411133e+01
9.189598989486694336e+01
9.262478661537170410e+01
9.336744403839111328e+01
9.409857535362243652e+01
9.482566308975219727e+01
9.553338909149169922e+01
9.627201056480407715e+01
9.700959157943725586e+01
9.774314761161804199e+01
9.855780220031738281e+01
9.933592081069946289e+01
1.000860838890075684e+02
1.008270075321197510e+02
1.015703802108764648e+02
1.023257229328155518e+02
1.030619668960571289e+02
1.037992982864379883e+02
1.045355024337768555e+02
1.052552068233489990e+02
1.059959394931793213e+02
1.067382760047912598e+02
1.074675154685974121e+02
1.081995000839233398e+02
1.089581930637359619e+02
1.096805965900421143e+02
1.104294681549072266e+02
1.111630911827087402e+02
1.119239182472229004e+02
1.126355929374694824e+02
1.133799238204956055e+02
1.141143791675567627e+02
1.148855187892913818e+02
1.156261179447174072e+02
1.163577725887298584e+02
1.171024510860443115e+02
1.178408305644989014e+02
1.185810050964355469e+02
1.193204579353332520e+02
1.200671656131744385e+02
1.208118352890014648e+02
1.215410740375518799e+02
1.222769491672515869e+02
1.230073122978210449e+02
1.237499129772186279e+02
1.244921200275421143e+02
1.252263278961181641e+02
1.259659004211425781e+02
1.267045755386352539e+02
1.274297215938568115e+02
1.282037796974182129e+02
1.289554033279418945e+02
1.297109501361846924e+02
1.304513549804687500e+02
1.311879649162292480e+02
1.319161818027496338e+02
1.326618084907531738e+02
1.333965444564819336e+02
1.341372988224029541e+02
1.348742043972015381e+02
1.356518714427947998e+02
1.363833022117614746e+02
1.371457333564758301e+02
1.379014153480529785e+02
1.386511440277099609e+02
1.393978261947631836e+02
1.401204512119293213e+02
1.408512284755706787e+02
1.416006793975830078e+02
1.423264031410217285e+02
1.432491834163665771e+02
1.441724619865417480e+02
1.450914220809936523e+02
1.459830529689788818e+02
1.467617468833923340e+02
1.475257575511932373e+02
1.482782783508300781e+02
1.490222899913787842e+02
1.497494485378265381e+02
1.505422627925872803e+02
