1.093777418136596680e+00
1.851816892623901367e+00
2.618861913681030273e+00
3.362890958786010742e+00
4.107920646667480469e+00
4.854451417922973633e+00
5.678037166595458984e+00
6.458592414855957031e+00
7.265665769577026367e+00
8.072239637374877930e+00
8.864302396774291992e+00
9.631848573684692383e+00
1.041640615463256836e+01
1.119195771217346191e+01
1.200253415107727051e+01
1.278058767318725586e+01
1.356464457511901855e+01
1.435920929908752441e+01
1.515227341651916504e+01
1.592382192611694336e+01
1.668786525726318359e+01
1.747142243385314941e+01
1.826848912239074707e+01
1.905805063247680664e+01
1.984360909461975098e+01
2.062716603279113770e+01
2.140071678161621094e+01
2.217426633834838867e+01
2.293530702590942383e+01
2.371386051177978516e+01
2.449841856956481934e+01
2.532901406288146973e+01
2.610056257247924805e+01
2.688161778450012207e+01
2.766917777061462402e+01
2.847675251960754395e+01
2.924830102920532227e+01
3.001934862136840820e+01
3.069182682037353516e+01
3.138194084167480469e+01
3.204290676116943359e+01
3.270291590690612793e+01
3.336241745948791504e+01
3.403315114974975586e+01
3.470795083045959473e+01
3.535541057586669922e+01
3.601345038414001465e+01
3.667826843261718750e+01
3.738327074050903320e+01
3.805224561691284180e+01
3.873375225067138672e+01
3.940475130081176758e+01
4.008321404457092285e+01
4.074954009056091309e+01
4.141253662109375000e+01
4.207863116264343262e+01
4.273659968376159668e+01
4.340807676315307617e+01
4.408407020568847656e+01
4.473819398880004883e+01
4.542601060867309570e+01
4.611502695083618164e+01
4.677733612060546875e+01
4.744835877418518066e+01
4.813538837432861328e+01
4.880389380455017090e+01
4.947987365722656250e+01
5.014706778526306152e+01
5.080500793457031250e+01
5.146438407897949219e+01
5.213042879104614258e+01
5.280290675163269043e+01
5.348290371894836426e+01
5.416387462615966797e+01
5.483685278892517090e+01
5.552037048339843750e+01
5.619735336303710938e+01
5.687350440025329590e+01
5.757018446922302246e+01
5.824013757705688477e+01
5.890811228752136230e+01
5.957411170005798340e+01
6.024758982658386230e+01
6.091622066497802734e+01
6.158804607391357422e+01
6.225904536247253418e+01
6.295106267929077148e+01
6.362577438354492188e+01
6.429721951484680176e+01
6.496021485328674316e+01
6.563779902458190918e+01
6.631000328063964844e+01
6.698848414421081543e+01
6.765768408775329590e+01
6.832695722579956055e+01
6.900542593002319336e+01
6.967790412902832031e+01
7.035654497146606445e+01
7.105457520484924316e+01
7.175108170509338379e+01
7.241904759407043457e+01
7.309002232551574707e+01
7.377350878715515137e+01
7.445999622344970703e+01
7.514202094078063965e+01
7.582149052619934082e+01
7.651651644706726074e+01
7.721716117858886719e+01
7.791733741760253906e+01
7.860853958129882812e+01
7.928168535232543945e+01
8.000983357429504395e+01
8.073638200759887695e+01
8.162801551818847656e+01
8.232215809822082520e+01
8.301258802413940430e+01
8.370107746124267578e+01
8.439062643051147461e+01
8.513616442680358887e+01
8.581218361854553223e+01
8.648971009254455566e+01
8.717406225204467773e+01
8.787063407897949219e+01
8.855018258094787598e+01
8.923375153541564941e+01
8.991186356544494629e+01
9.060388422012329102e+01
9.128874254226684570e+01
9.199844813346862793e+01
9.267789292335510254e+01
9.334856867790222168e+01
9.401861810684204102e+01
9.469764733314514160e+01
9.538930368423461914e+01
9.608387303352355957e+01
9.677343463897705078e+01
9.747506308555603027e+01
9.814909386634826660e+01
9.883429360389709473e+01
9.951834917068481445e+01
1.001903705596923828e+02
1.008826034069061279e+02
1.015743651390075684e+02
1.022889416217803955e+02
1.029705457687377930e+02
1.036621384620666504e+02
1.043396999835968018e+02
1.050233211517333984e+02
1.056978814601898193e+02
1.064084365367889404e+02
1.070940139293670654e+02
1.077825539112091064e+02
1.085101377964019775e+02
1.091987309455871582e+02
1.098842773437500000e+02
1.105996935367584229e+02
1.112863259315490723e+02
1.119849133491516113e+02
1.126705198287963867e+02
1.133461403846740723e+02
1.140467145442962646e+02
1.147682545185089111e+02
1.154506902694702148e+02
1.161467916965484619e+02
1.168453781604766846e+02
1.175564186573028564e+02
1.182486553192138672e+02
1.189487214088439941e+02
1.196498615741729736e+02
1.203353276252746582e+02
1.210359182357788086e+02
1.217349853515625000e+02
1.224355411529541016e+02
1.231311244964599609e+02
1.238237106800079346e+02
1.245232641696929932e+02
1.252218146324157715e+02
1.259134008884429932e+02
1.266259529590606689e+02
1.273395440578460693e+02
1.280629997253417969e+02
1.287465229034423828e+02
1.294609391689300537e+02
1.301501810550689697e+02
1.308350679874420166e+02
1.315206007957458496e+02
1.322484207153320312e+02
1.329841511249542236e+02
1.336837296485900879e+02
1.343963055610656738e+02
1.350818774700164795e+02
1.358234968185424805e+02
1.365151300430297852e+02
1.372016615867614746e+02
1.379012961387634277e+02
1.385856964588165283e+02
1.392822351455688477e+02
1.400270044803619385e+02
1.407245359420776367e+02
1.414300611019134521e+02
