8.589715957641601562e-01
1.624619245529174805e+00
2.390331745147705078e+00
3.158981323242187500e+00
3.901203393936157227e+00
4.646305084228515625e+00
5.408991336822509766e+00
6.170667648315429688e+00
6.931393861770629883e+00
7.696039915084838867e+00
8.464562892913818359e+00
9.254994153976440430e+00
1.011179375648498535e+01
1.087060642242431641e+01
1.163225674629211426e+01
1.238077092170715332e+01
1.313235926628112793e+01
1.388092517852783203e+01
1.463986468315124512e+01
1.540076184272766113e+01
1.615269637107849121e+01
1.690353870391845703e+01
1.766369295120239258e+01
1.843319010734558105e+01
1.918085598945617676e+01
1.995855689048767090e+01
2.071829533576965332e+01
2.147088766098022461e+01
2.224467301368713379e+01
2.298826336860656738e+01
2.374477410316467285e+01
2.449840664863586426e+01
2.526578569412231445e+01
2.603796124458312988e+01
2.679008674621582031e+01
2.754269671440124512e+01
2.829744100570678711e+01
2.905504226684570312e+01
2.983870792388916016e+01
3.059661912918090820e+01
3.139435887336730957e+01
3.214800953865051270e+01
3.291413640975952148e+01
3.368509554862976074e+01
3.444593286514282227e+01
3.522267413139343262e+01
3.598031568527221680e+01
3.676400184631347656e+01
3.755342245101928711e+01
3.830298924446105957e+01
3.907048797607421875e+01
3.983715677261352539e+01
4.059180951118469238e+01
4.136244678497314453e+01
4.213407206535339355e+01
4.290073728561401367e+01
4.366040158271789551e+01
4.444306659698486328e+01
4.520760703086853027e+01
4.599853897094726562e+01
4.676520347595214844e+01
4.754991602897644043e+01
4.831647229194641113e+01
4.907208323478698730e+01
4.985774159431457520e+01
5.066039252281188965e+01
5.143102550506591797e+01
5.221049165725708008e+01
5.298216295242309570e+01
5.376976823806762695e+01
5.457156133651733398e+01
5.534714913368225098e+01
5.613331580162048340e+01
5.693736886978149414e+01
5.771301054954528809e+01
5.848763871192932129e+01
5.925237751007080078e+01
6.002152681350708008e+01
6.079118514060974121e+01
6.158584237098693848e+01
6.235544109344482422e+01
6.315418148040771484e+01
6.394131660461425781e+01
6.470441722869873047e+01
6.547402763366699219e+01
6.624314665794372559e+01
6.703233551979064941e+01
6.782395720481872559e+01
6.858355903625488281e+01
6.934620261192321777e+01
7.015036511421203613e+01
7.092350220680236816e+01
7.169212150573730469e+01
7.246273541450500488e+01
7.321633839607238770e+01
7.398992133140563965e+01
7.477155065536499023e+01
7.556120514869689941e+01
7.634540081024169922e+01
7.712856125831604004e+01
7.791313743591308594e+01
7.869276809692382812e+01
7.946952986717224121e+01
8.023611974716186523e+01
8.101073718070983887e+01
8.180236387252807617e+01
8.257296371459960938e+01
8.336568379402160645e+01
8.415629601478576660e+01
8.494391274452209473e+01
8.572255945205688477e+01
8.651918697357177734e+01
8.729180359840393066e+01
8.807540726661682129e+01
8.886307311058044434e+01
8.967979359626770020e+01
9.045990920066833496e+01
9.124505996704101562e+01
9.202472782135009766e+01
9.282836413383483887e+01
9.359697937965393066e+01
9.439872837066650391e+01
9.518218302726745605e+01
9.596891427040100098e+01
9.674557209014892578e+01
9.759524703025817871e+01
9.837785339355468750e+01
9.916997146606445312e+01
9.994007301330566406e+01
1.007345623970031738e+02
1.015213584899902344e+02
1.023230593204498291e+02
1.031127245426177979e+02
1.039324727058410645e+02
1.047716326713562012e+02
1.055742845535278320e+02
1.063633947372436523e+02
1.071745390892028809e+02
1.079896969795227051e+02
1.087904098033905029e+02
1.095750095844268799e+02
1.103779010772705078e+02
1.111773462295532227e+02
1.119689688682556152e+02
1.127625820636749268e+02
1.135692298412322998e+02
1.143948972225189209e+02
1.152891259193420410e+02
1.160643801689147949e+02
1.168820269107818604e+02
1.176777963638305664e+02
1.184734201431274414e+02
1.192649376392364502e+02
1.200425333976745605e+02
1.208562247753143311e+02
1.216378538608551025e+02
1.224274830818176270e+02
1.232401237487792969e+02
1.240467586517333984e+02
1.248353807926177979e+02
1.256590774059295654e+02
1.264853024482727051e+02
1.272724740505218506e+02
1.281071429252624512e+02
1.288872559070587158e+02
1.297064173221588135e+02
1.305101261138916016e+02
1.312987408638000488e+02
1.320864057540893555e+02
1.328840255737304688e+02
1.336786668300628662e+02
1.346042687892913818e+02
1.353750717639923096e+02
1.361943197250366211e+02
1.369788584709167480e+02
1.377960727214813232e+02
1.385686957836151123e+02
1.393712813854217529e+02
1.401629316806793213e+02
1.409786438941955566e+02
1.417688102722167969e+02
1.425849339962005615e+02
1.433785836696624756e+02
1.441692600250244141e+02
1.449994041919708252e+02
1.458085758686065674e+02
1.466264963150024414e+02
1.474481353759765625e+02
1.482597973346710205e+02
1.490724282264709473e+02
1.498840677738189697e+02
1.507006876468658447e+02
1.514963281154632568e+02
1.522939507961273193e+02
1.531085836887359619e+02
1.539302423000335693e+02
1.548180522918701172e+02
1.557287032604217529e+02
1.565108177661895752e+02
1.574125580787658691e+02
