9.007105827331542969e-01
1.767966032028198242e+00
2.572588205337524414e+00
3.380424261093139648e+00
4.171076297760009766e+00
4.990721464157104492e+00
5.813384771347045898e+00
6.621030330657958984e+00
7.438677310943603516e+00
8.370415449142456055e+00
9.186058521270751953e+00
1.001271867752075195e+01
1.080334186553955078e+01
1.162507057189941406e+01
1.242374324798583984e+01
1.325240755081176758e+01
1.407005047798156738e+01
1.488769030570983887e+01
1.572937273979187012e+01
1.660807919502258301e+01
1.745877170562744141e+01
1.828841948509216309e+01
1.910861015319824219e+01
1.990474915504455566e+01
2.073546218872070312e+01
2.156530189514160156e+01
2.237894558906555176e+01
2.317856884002685547e+01
2.399020934104919434e+01
2.478683948516845703e+01
2.557948136329650879e+01
2.641015076637268066e+01
2.721879267692565918e+01
2.814057469367980957e+01
2.894322109222412109e+01
2.977487444877624512e+01
3.059652829170227051e+01
3.142318248748779297e+01
3.227084970474243164e+01
3.311553716659545898e+01
3.402679347991943359e+01
3.483794856071472168e+01
3.565661692619323730e+01
3.647128963470458984e+01
3.730093693733215332e+01
3.811861753463745117e+01
3.893778181076049805e+01
3.974892282485961914e+01
4.065765571594238281e+01
4.157137894630432129e+01
4.251621222496032715e+01
4.343608546257019043e+01
4.434029984474182129e+01
4.522149705886840820e+01
4.603614330291748047e+01
4.686480712890625000e+01
4.768943071365356445e+01
4.851608538627624512e+01
4.934976410865783691e+01
5.019142460823059082e+01
5.102708458900451660e+01
5.187085723876953125e+01
5.270051002502441406e+01
5.351416301727294922e+01
5.432480359077453613e+01
5.514602208137512207e+01
5.598319077491760254e+01
5.679282307624816895e+01
5.759750866889953613e+01
5.841715002059936523e+01
5.922688651084899902e+01
6.004960727691650391e+01
6.087225365638732910e+01
6.168589019775390625e+01
6.251354074478149414e+01
6.337022614479064941e+01
6.419387817382812500e+01
6.505709218978881836e+01
6.588024115562438965e+01
6.668791508674621582e+01
6.754913997650146484e+01
6.838131308555603027e+01
6.921697139739990234e+01
7.004061818122863770e+01
7.087229108810424805e+01
7.170402574539184570e+01
7.255219578742980957e+01
7.337838053703308105e+01
7.423608565330505371e+01
7.506640481948852539e+01
7.589155626296997070e+01
7.673220849037170410e+01
7.755179238319396973e+01
7.838545870780944824e+01
7.921911478042602539e+01
8.008985710144042969e+01
8.092751145362854004e+01
8.173519802093505859e+01
8.255482530593872070e+01
8.338056135177612305e+01
8.420120334625244141e+01
8.503389763832092285e+01
8.589268183708190918e+01
8.671438145637512207e+01
8.754201555252075195e+01
8.836568021774291992e+01
8.921835494041442871e+01
9.009911251068115234e+01
9.092278432846069336e+01
9.175842523574829102e+01
9.259210181236267090e+01
9.343275713920593262e+01
9.426441431045532227e+01
9.509310269355773926e+01
9.593477344512939453e+01
9.677894020080566406e+01
9.764111661911010742e+01
9.848877930641174316e+01
9.932451653480529785e+01
1.002623867988586426e+02
1.011255078315734863e+02
1.019611022472381592e+02
1.027878258228302002e+02
1.036133298873901367e+02
1.044806089401245117e+02
1.053258361816406250e+02
1.061534302234649658e+02
1.069835011959075928e+02
1.078438842296600342e+02
1.087066364288330078e+02
1.095401885509490967e+02
1.104822430610656738e+02
1.113642652034759521e+02
1.122000072002410889e+02
1.130197126865386963e+02
1.138381485939025879e+02
1.146808483600616455e+02
1.155378918647766113e+02
1.163441624641418457e+02
1.171958923339843750e+02
1.180379025936126709e+02
1.188865592479705811e+02
1.197403695583343506e+02
1.205640051364898682e+02
1.213918750286102295e+02
1.222343659400939941e+02
1.232205536365509033e+02
1.242319450378417969e+02
1.253007674217224121e+02
1.263433008193969727e+02
1.274024617671966553e+02
1.284343774318695068e+02
1.295001881122589111e+02
1.303854839801788330e+02
1.312618205547332764e+02
1.321080963611602783e+02
1.329803040027618408e+02
1.338190088272094727e+02
1.347110321521759033e+02
1.355540955066680908e+02
1.364229867458343506e+02
1.372737364768981934e+02
1.381235706806182861e+02
1.390883982181549072e+02
1.399800767898559570e+02
1.408533132076263428e+02
1.417205390930175781e+02
1.425837018489837646e+02
1.434229097366333008e+02
1.442730622291564941e+02
1.451167960166931152e+02
1.459874851703643799e+02
1.468301975727081299e+02
1.477029197216033936e+02
1.485476267337799072e+02
1.494013106822967529e+02
1.502329416275024414e+02
1.510886318683624268e+02
1.519523596763610840e+02
1.528047075271606445e+02
1.537175614833831787e+02
1.545981984138488770e+02
1.554410288333892822e+02
1.562885725498199463e+02
1.571591770648956299e+02
1.580236976146697998e+02
1.588843920230865479e+02
1.597671933174133301e+02
1.606244752407073975e+02
1.614715490341186523e+02
1.623358139991760254e+02
1.632174751758575439e+02
1.640980210304260254e+02
1.649536523818969727e+02
1.658241162300109863e+02
1.666900918483734131e+02
1.675581443309783936e+02
1.684254772663116455e+02
1.692892994880676270e+02
1.701562325954437256e+02
