2.195122092962265015e-02
2.195121906697750092e-02
1.951219514012336731e-02
1.219512149691581726e-02
9.756097570061683655e-03
2.682926878333091736e-02
2.439024299383163452e-02
1.219512149691581726e-02
2.195122092962265015e-02
1.219512149691581726e-02
1.463414542376995087e-02
2.682926878333091736e-02
1.463414542376995087e-02
1.463414542376995087e-02
1.463414542376995087e-02
1.219512149691581726e-02
1.463414635509252548e-02
2.195121906697750092e-02
4.878048785030841827e-03
1.707317121326923370e-02
1.219512149691581726e-02
1.463414542376995087e-02
1.219512149691581726e-02
1.707316935062408447e-02
7.317073177546262741e-03
1.707316935062408447e-02
2.195121720433235168e-02
1.463414635509252548e-02
2.439024299383163452e-02
1.463414542376995087e-02
1.463414542376995087e-02
1.951219514012336731e-02
1.463414542376995087e-02
1.951219327747821808e-02
1.951219514012336731e-02
1.463414635509252548e-02
1.707316935062408447e-02
1.463414542376995087e-02
7.317073177546262741e-03
2.195121720433235168e-02
9.756097570061683655e-03
1.707316935062408447e-02
2.195121720433235168e-02
2.926829084753990173e-02
1.951219514012336731e-02
1.219512149691581726e-02
1.951219327747821808e-02
9.756097570061683655e-03
2.926829084753990173e-02
1.951219514012336731e-02
1.463414542376995087e-02
3.658536449074745178e-02
2.195121906697750092e-02
3.170731663703918457e-02
3.414634242653846741e-02
2.439024299383163452e-02
2.682926878333091736e-02
2.195121906697750092e-02
1.219512149691581726e-02
2.195122092962265015e-02
1.463414635509252548e-02
2.439024299383163452e-02
3.170731663703918457e-02
4.390244185924530029e-02
5.853658542037010193e-02
3.414634242653846741e-02
3.414634242653846741e-02
4.146341234445571899e-02
3.414633870124816895e-02
5.365853756666183472e-02
4.390243813395500183e-02
5.121951177716255188e-02
4.878048598766326904e-02
4.878048971295356750e-02
5.365854129195213318e-02
4.634146019816398621e-02
4.390244185924530029e-02
7.317073643207550049e-02
4.634146392345428467e-02
6.829268485307693481e-02
4.390243813395500183e-02
7.073170691728591919e-02
5.609756708145141602e-02
8.780486881732940674e-02
7.560975104570388794e-02
6.585365533828735352e-02
7.804878056049346924e-02
9.999999403953552246e-02
5.853658542037010193e-02
8.292682468891143799e-02
1.048780530691146851e-01
8.536585420370101929e-02
1.000000014901161194e-01
9.024390578269958496e-02
9.268292784690856934e-02
9.268292784690856934e-02
1.121951192617416382e-01
9.024390578269958496e-02
1.024390161037445068e-01
1.463414579629898071e-01
1.243902444839477539e-01
1.268292665481567383e-01
1.073170676827430725e-01
1.195122003555297852e-01
1.268292665481567383e-01
1.121951192617416382e-01
1.317073106765747070e-01
1.268292665481567383e-01
1.512195020914077759e-01
1.317073106765747070e-01
1.560975462198257446e-01
1.219512075185775757e-01
1.292682886123657227e-01
1.414634138345718384e-01
1.609756201505661011e-01
1.585365831851959229e-01
2.024390101432800293e-01
1.951219439506530762e-01
2.024390101432800293e-01
1.829268336296081543e-01
2.097560912370681763e-01
1.609756052494049072e-01
2.073170542716979980e-01
1.853658556938171387e-01
1.999999880790710449e-01
2.121951133012771606e-01
1.878048777580261230e-01
2.073170691728591919e-01
1.951219439506530762e-01
2.243902385234832764e-01
2.048780471086502075e-01
2.243902385234832764e-01
2.024390250444412231e-01
2.414634227752685547e-01
2.731707096099853516e-01
2.317073047161102295e-01
2.146341651678085327e-01
2.317072898149490356e-01
2.390244007110595703e-01
2.365853637456893921e-01
2.365853637456893921e-01
2.390244007110595703e-01
2.243902385234832764e-01
2.390244007110595703e-01
2.365853637456893921e-01
2.609755992889404297e-01
2.414633929729461670e-01
2.707316875457763672e-01
2.829268276691436768e-01
2.682926654815673828e-01
2.731707096099853516e-01
2.487804889678955078e-01
2.756097614765167236e-01
2.926829159259796143e-01
3.073170781135559082e-01
2.658536434173583984e-01
2.878048717975616455e-01
2.658536434173583984e-01
2.682926654815673828e-01
2.951219379901885986e-01
2.707316875457763672e-01
2.975609600543975830e-01
2.902438938617706299e-01
3.048780262470245361e-01
3.024390339851379395e-01
2.975609898567199707e-01
3.243902325630187988e-01
2.853658497333526611e-01
3.146341443061828613e-01
3.097560703754425049e-01
3.317073285579681396e-01
3.219512104988098145e-01
3.341463804244995117e-01
3.439024090766906738e-01
3.390243649482727051e-01
3.390243649482727051e-01
3.243902325630187988e-01
3.341463804244995117e-01
3.317072987556457520e-01
3.463414609432220459e-01
3.317072987556457520e-01
3.170731365680694580e-01
2.829268276691436768e-01
3.292683362960815430e-01
3.609756231307983398e-01
3.439024388790130615e-01
3.414634168148040771e-01
3.707316815853118896e-01
3.560975790023803711e-01
3.390243947505950928e-01
3.585366010665893555e-01
3.682926893234252930e-01
3.926829099655151367e-01
3.439024388790130615e-01
3.121950924396514893e-01
3.560975492000579834e-01
3.756097555160522461e-01
3.804878294467926025e-01
3.414633870124816895e-01
3.414634168148040771e-01
