7.317073177546262741e-03
1.707316935062408447e-02
1.219512149691581726e-02
2.195121720433235168e-02
9.756097570061683655e-03
1.463414635509252548e-02
1.463414542376995087e-02
1.951219514012336731e-02
1.463414542376995087e-02
2.439024299383163452e-02
1.707316935062408447e-02
1.219512149691581726e-02
9.756097570061683655e-03
1.707316935062408447e-02
1.707317121326923370e-02
1.951219514012336731e-02
2.195121720433235168e-02
2.195121720433235168e-02
1.951219514012336731e-02
1.951219327747821808e-02
1.951219327747821808e-02
1.707316935062408447e-02
7.317073177546262741e-03
1.951219514012336731e-02
2.195121720433235168e-02
1.463414635509252548e-02
1.951219327747821808e-02
1.707317121326923370e-02
9.756097570061683655e-03
2.926829084753990173e-02
1.219512149691581726e-02
1.219512149691581726e-02
1.951219327747821808e-02
2.439024392515420914e-03
1.463414542376995087e-02
1.707316935062408447e-02
2.195121720433235168e-02
1.707317121326923370e-02
3.658536076545715332e-02
7.317073177546262741e-03
1.951219327747821808e-02
2.682926692068576813e-02
1.463414542376995087e-02
1.951219327747821808e-02
1.219512149691581726e-02
2.682926878333091736e-02
1.219512149691581726e-02
2.682926692068576813e-02
2.195121906697750092e-02
9.756097570061683655e-03
2.195121720433235168e-02
4.146341606974601746e-02
1.707317121326923370e-02
1.219512149691581726e-02
1.951219514012336731e-02
2.195121720433235168e-02
1.463414635509252548e-02
2.439024299383163452e-02
9.756097570061683655e-03
1.463414542376995087e-02
2.195121720433235168e-02
9.756097570061683655e-03
1.951219327747821808e-02
1.951219514012336731e-02
2.682926692068576813e-02
1.707316935062408447e-02
1.463414542376995087e-02
1.707316935062408447e-02
2.682926692068576813e-02
2.195121720433235168e-02
1.219512149691581726e-02
3.414634242653846741e-02
2.682926878333091736e-02
2.195121720433235168e-02
2.195121906697750092e-02
3.414633870124816895e-02
2.195122092962265015e-02
2.439024299383163452e-02
3.170731663703918457e-02
2.439024299383163452e-02
3.414633870124816895e-02
2.682926692068576813e-02
3.414633870124816895e-02
1.951219514012336731e-02
1.951219327747821808e-02
3.902439028024673462e-02
4.634146764874458313e-02
3.658536449074745178e-02
5.609755963087081909e-02
3.902439028024673462e-02
5.609755963087081909e-02
4.390244185924530029e-02
5.609755963087081909e-02
5.121951550245285034e-02
6.829269230365753174e-02
6.341463327407836914e-02
5.853658542037010193e-02
7.073170691728591919e-02
8.292682468891143799e-02
8.292683213949203491e-02
1.121951192617416382e-01
8.536584675312042236e-02
9.999999403953552246e-02
7.073170691728591919e-02
1.024390310049057007e-01
1.024390161037445068e-01
9.268292784690856934e-02
1.048780530691146851e-01
9.512194991111755371e-02
1.512195020914077759e-01
1.439024358987808228e-01
1.073170676827430725e-01
1.268292665481567383e-01
1.219512224197387695e-01
1.560975611209869385e-01
1.512195020914077759e-01
1.365853697061538696e-01
1.243902444839477539e-01
1.536585390567779541e-01
1.512195020914077759e-01
1.609756052494049072e-01
1.756097674369812012e-01
1.560975611209869385e-01
1.878048777580261230e-01
1.829268187284469604e-01
1.975609809160232544e-01
1.829268336296081543e-01
1.926829218864440918e-01
1.999999880790710449e-01
1.926829218864440918e-01
1.829268336296081543e-01
2.097560763359069824e-01
1.780487746000289917e-01
2.097560912370681763e-01
2.121951282024383545e-01
1.975609809160232544e-01
1.975609660148620605e-01
2.170731425285339355e-01
2.097560912370681763e-01
2.512195110321044922e-01
2.512194812297821045e-01
2.439024299383163452e-01
2.341463565826416016e-01
2.365853637456893921e-01
2.365853488445281982e-01
2.707316875457763672e-01
2.243902385234832764e-01
2.463414669036865234e-01
2.536585330963134766e-01
2.585365772247314453e-01
2.585365772247314453e-01
2.341463416814804077e-01
2.756097614765167236e-01
2.804878056049346924e-01
2.463414669036865234e-01
2.878049015998840332e-01
2.707317173480987549e-01
2.975609600543975830e-01
2.634146213531494141e-01
2.609755992889404297e-01
2.829268276691436768e-01
2.512195110321044922e-01
2.560975551605224609e-01
2.999999821186065674e-01
3.097561001777648926e-01
2.999999821186065674e-01
3.365853726863861084e-01
3.073170781135559082e-01
2.951219677925109863e-01
2.878048419952392578e-01
3.000000119209289551e-01
2.999999821186065674e-01
2.975609898567199707e-01
3.097561001777648926e-01
2.926828861236572266e-01
3.024390339851379395e-01
3.073170483112335205e-01
3.414634168148040771e-01
3.268292844295501709e-01
3.097560703754425049e-01
2.975609600543975830e-01
3.170731663703918457e-01
3.609755635261535645e-01
3.536585569381713867e-01
3.585366010665893555e-01
3.146341443061828613e-01
3.146341443061828613e-01
3.243902325630187988e-01
3.024390041828155518e-01
3.634146153926849365e-01
3.292682766914367676e-01
3.463414311408996582e-01
3.390243649482727051e-01
3.219511806964874268e-01
3.341463208198547363e-01
3.439024388790130615e-01
3.658536374568939209e-01
3.804877996444702148e-01
3.390243649482727051e-01
3.780487775802612305e-01
