2.926829271018505096e-02
1.219512149691581726e-02
4.878048785030841827e-03
1.463414542376995087e-02
1.219512149691581726e-02
1.463414542376995087e-02
4.878048785030841827e-03
1.707316935062408447e-02
1.219512149691581726e-02
1.951219327747821808e-02
1.463414542376995087e-02
1.707316935062408447e-02
1.463414542376995087e-02
1.463414542376995087e-02
1.463414542376995087e-02
1.219512149691581726e-02
2.682926692068576813e-02
2.439024299383163452e-02
1.463414542376995087e-02
1.463414542376995087e-02
4.878048785030841827e-03
9.756097570061683655e-03
1.707316935062408447e-02
2.439024299383163452e-02
9.756097570061683655e-03
4.878048785030841827e-03
2.439024299383163452e-02
9.756097570061683655e-03
1.707317121326923370e-02
9.756097570061683655e-03
1.951219327747821808e-02
9.756097570061683655e-03
9.756097570061683655e-03
2.682926878333091736e-02
1.219512149691581726e-02
7.317073177546262741e-03
1.707316935062408447e-02
2.682926878333091736e-02
1.951219514012336731e-02
2.439024299383163452e-02
1.463414635509252548e-02
3.902439028024673462e-02
9.756097570061683655e-03
4.878048785030841827e-03
7.317073177546262741e-03
2.439024299383163452e-02
2.439024392515420914e-03
1.707316935062408447e-02
1.707316935062408447e-02
2.195121906697750092e-02
2.439024299383163452e-02
1.951219514012336731e-02
2.926829271018505096e-02
2.439024113118648529e-02
1.219512149691581726e-02
1.219512149691581726e-02
1.951219514012336731e-02
1.707316935062408447e-02
1.463414635509252548e-02
1.463414542376995087e-02
7.317073177546262741e-03
2.195121906697750092e-02
2.439024299383163452e-02
1.219512149691581726e-02
2.439024299383163452e-02
2.195121906697750092e-02
7.317073177546262741e-03
1.951219514012336731e-02
1.707316935062408447e-02
1.951219327747821808e-02
1.707316935062408447e-02
1.951219514012336731e-02
2.195121720433235168e-02
7.317073177546262741e-03
2.195121906697750092e-02
2.195121906697750092e-02
2.926829271018505096e-02
1.951219514012336731e-02
1.707317121326923370e-02
2.195121720433235168e-02
2.439024113118648529e-02
1.951219514012336731e-02
2.195121720433235168e-02
2.439024485647678375e-02
3.170731663703918457e-02
2.682926878333091736e-02
2.439024299383163452e-02
1.707316935062408447e-02
1.707316935062408447e-02
1.951219514012336731e-02
2.682926505804061890e-02
3.414633870124816895e-02
2.439024299383163452e-02
2.682926878333091736e-02
2.682926505804061890e-02
2.439024299383163452e-02
3.414634242653846741e-02
2.195121720433235168e-02
4.390243813395500183e-02
3.414633870124816895e-02
4.878048598766326904e-02
3.170731663703918457e-02
2.439024299383163452e-02
3.902439028024673462e-02
4.878048598766326904e-02
4.146341234445571899e-02
4.878048598766326904e-02
6.829268485307693481e-02
6.829267740249633789e-02
5.609755963087081909e-02
5.853658914566040039e-02
2.926829084753990173e-02
5.365853756666183472e-02
4.878048971295356750e-02
8.048779517412185669e-02
8.048780262470245361e-02
6.097561120986938477e-02
6.341463327407836914e-02
5.853658914566040039e-02
7.804878056049346924e-02
6.585365533828735352e-02
7.073170691728591919e-02
6.341463327407836914e-02
7.804878056049346924e-02
8.048781007528305054e-02
8.292682468891143799e-02
9.024390578269958496e-02
8.536586165428161621e-02
6.829268485307693481e-02
8.292683213949203491e-02
8.536584675312042236e-02
8.292682468891143799e-02
9.756097197532653809e-02
8.780487626791000366e-02
1.170731782913208008e-01
1.170731708407402039e-01
9.756097197532653809e-02
1.024390235543251038e-01
1.097560971975326538e-01
1.121951192617416382e-01
1.146341413259506226e-01
1.146341413259506226e-01
1.121951267123222351e-01
1.048780456185340881e-01
1.073170751333236694e-01
1.219512075185775757e-01
1.146341487765312195e-01
1.195122003555297852e-01
1.390243917703628540e-01
1.585365682840347290e-01
1.317073106765747070e-01
1.317073106765747070e-01
1.341463327407836914e-01
1.414633989334106445e-01
1.414634138345718384e-01
1.487804800271987915e-01
1.682926714420318604e-01
1.243902444839477539e-01
1.682926863431930542e-01
1.560975462198257446e-01
1.536585390567779541e-01
1.707317084074020386e-01
1.585365682840347290e-01
1.756097525358200073e-01
1.926829218864440918e-01
1.926829069852828979e-01
1.731707155704498291e-01
1.926829218864440918e-01
2.195121943950653076e-01
1.902439147233963013e-01
2.048780471086502075e-01
2.024390250444412231e-01
1.878048628568649292e-01
1.975609660148620605e-01
2.048780471086502075e-01
2.195121645927429199e-01
2.048780471086502075e-01
2.536585330963134766e-01
2.341463416814804077e-01
2.365853488445281982e-01
2.463414520025253296e-01
2.195121794939041138e-01
2.170731723308563232e-01
2.097561061382293701e-01
2.170731425285339355e-01
2.414634227752685547e-01
2.268292605876922607e-01
2.585365772247314453e-01
2.512195110321044922e-01
2.219512164592742920e-01
2.560975551605224609e-01
2.756097614765167236e-01
2.268292605876922607e-01
2.682926952838897705e-01
2.731707394123077393e-01
2.560975551605224609e-01
2.707316875457763672e-01
2.731707096099853516e-01
2.585366070270538330e-01
2.585365772247314453e-01
