4.878048785030841827e-03
1.219512149691581726e-02
2.439024485647678375e-02
1.219512149691581726e-02
2.195122092962265015e-02
2.195121720433235168e-02
1.707316935062408447e-02
4.878048785030841827e-03
2.682926878333091736e-02
4.878048785030841827e-03
9.756097570061683655e-03
1.951219327747821808e-02
2.439024113118648529e-02
1.219512149691581726e-02
1.707316935062408447e-02
7.317073177546262741e-03
7.317073177546262741e-03
9.756097570061683655e-03
9.756097570061683655e-03
1.707316935062408447e-02
3.170731663703918457e-02
9.756097570061683655e-03
1.707316935062408447e-02
1.219512149691581726e-02
1.951219514012336731e-02
1.463414542376995087e-02
9.756097570061683655e-03
2.926829271018505096e-02
1.707316935062408447e-02
1.463414635509252548e-02
9.756097570061683655e-03
9.756097570061683655e-03
1.951219514012336731e-02
1.951219327747821808e-02
1.219512149691581726e-02
1.951219514012336731e-02
2.439024299383163452e-02
1.463414542376995087e-02
1.951219514012336731e-02
2.926829084753990173e-02
2.926829084753990173e-02
3.170731663703918457e-02
2.926829084753990173e-02
9.756097570061683655e-03
1.219512149691581726e-02
1.951219327747821808e-02
1.463414635509252548e-02
1.463414635509252548e-02
9.756097570061683655e-03
2.439024299383163452e-02
7.317073177546262741e-03
2.926829271018505096e-02
1.707317121326923370e-02
1.707316935062408447e-02
1.951219327747821808e-02
2.439024299383163452e-02
9.756097570061683655e-03
1.463414542376995087e-02
2.439024113118648529e-02
1.951219514012336731e-02
4.878048785030841827e-03
3.170731663703918457e-02
3.414634242653846741e-02
2.682926878333091736e-02
2.682926878333091736e-02
2.439024299383163452e-02
2.195121906697750092e-02
2.195121906697750092e-02
3.170731663703918457e-02
3.170731663703918457e-02
4.146341234445571899e-02
3.170731663703918457e-02
3.658536449074745178e-02
3.658536821603775024e-02
2.926829084753990173e-02
4.146341606974601746e-02
5.121951177716255188e-02
4.146341606974601746e-02
5.609755963087081909e-02
3.902439028024673462e-02
5.609756335616111755e-02
5.609756708145141602e-02
3.414634242653846741e-02
5.609755963087081909e-02
4.878048598766326904e-02
5.853658169507980347e-02
5.853658542037010193e-02
6.829268485307693481e-02
6.341463327407836914e-02
6.097561120986938477e-02
6.829268485307693481e-02
9.268292784690856934e-02
5.365853384137153625e-02
5.853658542037010193e-02
9.024389088153839111e-02
6.829267740249633789e-02
6.585365533828735352e-02
1.243902444839477539e-01
7.073170691728591919e-02
1.024390235543251038e-01
1.121951192617416382e-01
1.024390161037445068e-01
1.048780530691146851e-01
1.000000089406967163e-01
1.195122003555297852e-01
1.463414579629898071e-01
1.292682886123657227e-01
1.219512149691581726e-01
1.146341413259506226e-01
1.341463327407836914e-01
1.414633989334106445e-01
1.536585390567779541e-01
1.390243917703628540e-01
1.292682886123657227e-01
1.634146422147750854e-01
1.585365980863571167e-01
1.560975611209869385e-01
1.292682886123657227e-01
1.487804949283599854e-01
1.731707304716110229e-01
1.829268336296081543e-01
2.121951133012771606e-01
1.658536493778228760e-01
1.658536642789840698e-01
1.804877966642379761e-01
2.073170840740203857e-01
2.243902385234832764e-01
2.097561061382293701e-01
2.268292605876922607e-01
1.951219439506530762e-01
2.243902236223220825e-01
2.390243709087371826e-01
2.512195110321044922e-01
2.390244007110595703e-01
2.487804740667343140e-01
2.390243858098983765e-01
2.682926952838897705e-01
2.707316875457763672e-01
2.390243858098983765e-01
2.780487835407257080e-01
2.585365772247314453e-01
2.463414669036865234e-01
2.609755992889404297e-01
2.926828861236572266e-01
2.585365772247314453e-01
2.756097614765167236e-01
2.804878354072570801e-01
2.756097614765167236e-01
2.853658497333526611e-01
2.487804740667343140e-01
2.731707096099853516e-01
2.975609600543975830e-01
2.902439236640930176e-01
2.975609600543975830e-01
2.902438938617706299e-01
3.439024090766906738e-01
3.170731663703918457e-01
2.951219379901885986e-01
3.512195348739624023e-01
3.121951222419738770e-01
3.268292546272277832e-01
3.048780560493469238e-01
2.853658199310302734e-01
3.170731663703918457e-01
3.243902325630187988e-01
3.073170781135559082e-01
3.682926893234252930e-01
3.439024686813354492e-01
3.536585271358489990e-01
3.121951222419738770e-01
3.439024388790130615e-01
3.512195348739624023e-01
3.536584973335266113e-01
3.268292546272277832e-01
3.585365712642669678e-01
3.682926893234252930e-01
3.829268217086791992e-01
3.926829099655151367e-01
3.585365712642669678e-01
3.487804532051086426e-01
3.878048956394195557e-01
3.658536672592163086e-01
3.317072987556457520e-01
3.414633870124816895e-01
3.804877996444702148e-01
3.853658437728881836e-01
3.780487775802612305e-01
3.658536672592163086e-01
3.731707334518432617e-01
3.731707632541656494e-01
3.829268217086791992e-01
4.170731604099273682e-01
4.048780798912048340e-01
4.097560644149780273e-01
3.731707334518432617e-01
3.756097555160522461e-01
4.000000059604644775e-01
3.975609838962554932e-01
4.292682707309722900e-01
4.219512045383453369e-01
