6.995913982391357422e+00
1.248258781433105469e+01
1.773889040946960449e+01
2.508430886268615723e+01
3.046846103668212891e+01
3.557897639274597168e+01
4.052647519111633301e+01
4.567231965065002441e+01
5.085859036445617676e+01
5.595404124259948730e+01
6.108549809455871582e+01
6.584103846549987793e+01
7.072836470603942871e+01
7.555242609977722168e+01
8.039997816085815430e+01
8.530972647666931152e+01
8.999570322036743164e+01
9.467831420898437500e+01
9.951587748527526855e+01
1.050030353069305420e+02
1.101257371902465820e+02
1.153588314056396484e+02
1.206118943691253662e+02
1.254564759731292725e+02
1.301378004550933838e+02
1.348800001144409180e+02
1.394512305259704590e+02
1.442671315670013428e+02
1.492060225009918213e+02
1.539493486881256104e+02
1.586833329200744629e+02
1.638011500835418701e+02
1.693106763362884521e+02
1.747170615196228027e+02
1.799751005172729492e+02
1.848071975708007812e+02
1.898164253234863281e+02
1.947019851207733154e+02
2.001091895103454590e+02
2.047434189319610596e+02
2.096836347579956055e+02
2.151135146617889404e+02
2.199660866260528564e+02
2.249424884319305420e+02
2.308347849845886230e+02
2.359153978824615479e+02
2.411869759559631348e+02
2.463136415481567383e+02
2.518417627811431885e+02
2.581578860282897949e+02
2.631769289970397949e+02
2.685382199287414551e+02
2.734866344928741455e+02
2.782406752109527588e+02
2.830744559764862061e+02
2.879818336963653564e+02
2.928696799278259277e+02
2.977910106182098389e+02
3.026200406551361084e+02
3.074525554180145264e+02
3.123060877323150635e+02
3.173699877262115479e+02
3.220986635684967041e+02
3.276616899967193604e+02
3.326830787658691406e+02
3.375230317115783691e+02
3.424481041431427002e+02
3.474047362804412842e+02
3.524697749614715576e+02
3.572200472354888916e+02
3.619648618698120117e+02
3.668531746864318848e+02
3.720887899398803711e+02
3.783653814792633057e+02
3.839936897754669189e+02
3.902752676010131836e+02
3.965036573410034180e+02
4.017340950965881348e+02
4.070159752368927002e+02
4.117998948097229004e+02
4.167541446685791016e+02
4.223469767570495605e+02
4.273470165729522705e+02
4.324445595741271973e+02
4.376720440387725830e+02
4.429805920124053955e+02
4.483939263820648193e+02
4.536106009483337402e+02
4.585258069038391113e+02
4.631917643547058105e+02
4.677872951030731201e+02
4.730072312355041504e+02
4.779304118156433105e+02
4.830009396076202393e+02
4.879959897994995117e+02
4.927300338745117188e+02
4.976591155529022217e+02
5.024504940509796143e+02
5.070525169372558594e+02
5.118283791542053223e+02
5.170871775150299072e+02
5.223124063014984131e+02
5.270726292133331299e+02
5.320858063697814941e+02
5.369250271320343018e+02
5.417735826969146729e+02
5.467362534999847412e+02
5.517489113807678223e+02
5.569434294700622559e+02
5.616389021873474121e+02
5.664568018913269043e+02
5.716556158065795898e+02
5.767009444236755371e+02
5.817490704059600830e+02
5.869352600574493408e+02
5.916797146797180176e+02
5.964135596752166748e+02
6.012182559967041016e+02
6.060110650062561035e+02
6.110490024089813232e+02
6.157944600582122803e+02
6.205131380558013916e+02
6.253962137699127197e+02
6.300785431861877441e+02
6.350055854320526123e+02
6.397363739013671875e+02
6.443097574710845947e+02
6.488248257637023926e+02
6.533642365932464600e+02
6.581280124187469482e+02
6.633061769008636475e+02
6.683990230560302734e+02
6.733416507244110107e+02
6.787317857742309570e+02
6.845090088844299316e+02
6.897191665172576904e+02
6.964701755046844482e+02
7.024857852458953857e+02
7.072190313339233398e+02
7.120007047653198242e+02
7.169785254001617432e+02
7.217848498821258545e+02
7.266424584388732910e+02
7.318081276416778564e+02
7.367425243854522705e+02
7.426724030971527100e+02
7.480046567916870117e+02
7.531974372863769531e+02
7.581205055713653564e+02
7.631875417232513428e+02
7.685425434112548828e+02
7.737997262477874756e+02
7.787450423240661621e+02
7.833794422149658203e+02
7.881912000179290771e+02
7.931429841518402100e+02
7.978672482967376709e+02
8.027255420684814453e+02
8.077703099250793457e+02
8.126769776344299316e+02
8.174934139251708984e+02
8.220928740501403809e+02
8.265531656742095947e+02
8.312100601196289062e+02
8.358505287170410156e+02
8.408633852005004883e+02
8.454418318271636963e+02
8.502277703285217285e+02
8.552825536727905273e+02
8.599397175312042236e+02
8.646661856174468994e+02
8.697502021789550781e+02
8.744712951183319092e+02
8.794218902587890625e+02
8.842118196487426758e+02
8.890643422603607178e+02
8.937808909416198730e+02
8.987117266654968262e+02
9.033752977848052979e+02
9.081260387897491455e+02
9.131110937595367432e+02
9.180211780071258545e+02
9.225951333045959473e+02
9.271425597667694092e+02
9.319394187927246094e+02
9.366820795536041260e+02
9.415380632877349854e+02
9.461674907207489014e+02
9.508505835533142090e+02
9.554677937030792236e+02
9.601463398933410645e+02
9.649909913539886475e+02
9.698666868209838867e+02
9.747216660976409912e+02
9.798200447559356689e+02
9.846538133621215820e+02
9.895232071876525879e+02
9.945142834186553955e+02
9.992416734695434570e+02
1.003967400074005127e+03
