7.431048154830932617e+00
1.319860434532165527e+01
1.945696234703063965e+01
2.551300191879272461e+01
3.209961771965026855e+01
3.739165234565734863e+01
4.257397294044494629e+01
4.743447780609130859e+01
5.243635559082031250e+01
5.718449616432189941e+01
6.210535073280334473e+01
6.864303684234619141e+01
7.408007502555847168e+01
7.884865593910217285e+01
8.391275715827941895e+01
9.082723808288574219e+01
9.569419789314270020e+01
1.010435016155242920e+02
1.061596393585205078e+02
1.114208803176879883e+02
1.165610344409942627e+02
1.215285665988922119e+02
1.262179005146026611e+02
1.312037799358367920e+02
1.363944900035858154e+02
1.413094844818115234e+02
1.463950998783111572e+02
1.513049566745758057e+02
1.563335776329040527e+02
1.614417095184326172e+02
1.664597775936126709e+02
1.712952158451080322e+02
1.765625963211059570e+02
1.816836886405944824e+02
1.868608698844909668e+02
1.918264005184173584e+02
1.968918266296386719e+02
2.019994578361511230e+02
2.069089615345001221e+02
2.124793145656585693e+02
2.176654112339019775e+02
2.227315137386322021e+02
2.278231458663940430e+02
2.328367114067077637e+02
2.377406978607177734e+02
2.430184500217437744e+02
2.482001352310180664e+02
2.531786749362945557e+02
2.582442760467529297e+02
2.632815244197845459e+02
2.681619935035705566e+02
2.732694482803344727e+02
2.785202224254608154e+02
2.835423066616058350e+02
2.885288767814636230e+02
2.938248307704925537e+02
2.989256463050842285e+02
3.043371021747589111e+02
3.097529897689819336e+02
3.147295501232147217e+02
3.200048472881317139e+02
3.250849590301513672e+02
3.302560446262359619e+02
3.351930541992187500e+02
3.402816801071166992e+02
3.452787337303161621e+02
3.503058080673217773e+02
3.552773418426513672e+02
3.601197853088378906e+02
3.649367103576660156e+02
3.699787957668304443e+02
3.749753479957580566e+02
3.799578909873962402e+02
3.850890388488769531e+02
3.910838010311126709e+02
3.962201418876647949e+02
4.014748866558074951e+02
4.064864497184753418e+02
4.116180992126464844e+02
4.167502477169036865e+02
4.217322900295257568e+02
4.272118172645568848e+02
4.332294850349426270e+02
4.383020908832550049e+02
4.436350901126861572e+02
4.488252806663513184e+02
4.536587193012237549e+02
4.585293095111846924e+02
4.635136351585388184e+02
4.685347056388854980e+02
4.735281648635864258e+02
4.787375841140747070e+02
4.836330645084381104e+02
4.885440557003021240e+02
4.934410445690155029e+02
4.983300204277038574e+02
5.033420848846435547e+02
5.081635122299194336e+02
5.135156707763671875e+02
5.185116233825683594e+02
5.234181234836578369e+02
5.285556972026824951e+02
5.333776249885559082e+02
5.385172626972198486e+02
5.452723827362060547e+02
5.502539377212524414e+02
5.552450032234191895e+02
5.603231270313262939e+02
5.654386928081512451e+02
5.707359585762023926e+02
5.754693241119384766e+02
5.808631591796875000e+02
5.859312627315521240e+02
5.910318894386291504e+02
5.963156461715698242e+02
6.013502256870269775e+02
6.064418466091156006e+02
6.114639432430267334e+02
6.163028843402862549e+02
6.215536170005798340e+02
6.265762042999267578e+02
6.316968455314636230e+02
6.366353557109832764e+02
6.417865190505981445e+02
6.465884330272674561e+02
6.516215112209320068e+02
6.565099875926971436e+02
6.616941730976104736e+02
6.665351219177246094e+02
6.717458276748657227e+02
6.767899143695831299e+02
6.818289959430694580e+02
6.870542118549346924e+02
6.921223070621490479e+02
6.970951058864593506e+02
7.022132451534271240e+02
7.072578318119049072e+02
7.122709102630615234e+02
7.170898363590240479e+02
7.218712360858917236e+02
7.267221982479095459e+02
7.318728601932525635e+02
7.372396750450134277e+02
7.422677500247955322e+02
7.471987564563751221e+02
7.519911644458770752e+02
7.569366948604583740e+02
7.622809798717498779e+02
7.672735292911529541e+02
7.721344861984252930e+02
7.769789071083068848e+02
7.825431094169616699e+02
7.876069965362548828e+02
7.927876799106597900e+02
7.979788861274719238e+02
8.035013120174407959e+02
8.088740756511688232e+02
8.141622662544250488e+02
8.195631189346313477e+02
8.243570270538330078e+02
8.295120937824249268e+02
8.347228822708129883e+02
8.397414512634277344e+02
8.448655936717987061e+02
8.497385416030883789e+02
8.549868433475494385e+02
8.599563760757446289e+02
8.651676542758941650e+02
8.698044505119323730e+02
8.745618464946746826e+02
8.796104490756988525e+02
8.844378893375396729e+02
8.894334480762481689e+02
8.942073709964752197e+02
8.993090045452117920e+02
9.044466707706451416e+02
9.091935460567474365e+02
9.145098266601562500e+02
9.202318952083587646e+02
9.257666392326354980e+02
9.304243938922882080e+02
9.351262369155883789e+02
9.398130695819854736e+02
9.444558842182159424e+02
9.494169113636016846e+02
9.543344068527221680e+02
9.594970784187316895e+02
9.652895219326019287e+02
9.705507619380950928e+02
9.755858416557312012e+02
9.809551401138305664e+02
9.864293861389160156e+02
9.915309696197509766e+02
9.965860638618469238e+02
1.001531580209732056e+03
1.006524247646331787e+03
1.011327617883682251e+03
1.016504343986511230e+03
1.021419231891632080e+03
1.026494852542877197e+03
