6.727125167846679688e+00
1.210430121421813965e+01
1.716694021224975586e+01
2.411681103706359863e+01
2.996112775802612305e+01
3.495067501068115234e+01
4.049861979484558105e+01
4.598852372169494629e+01
5.190122818946838379e+01
5.721650719642639160e+01
6.239118599891662598e+01
6.720660924911499023e+01
7.234126019477844238e+01
7.877675247192382812e+01
8.443319392204284668e+01
8.982022738456726074e+01
9.599995136260986328e+01
1.014158022403717041e+02
1.072825393676757812e+02
1.128264820575714111e+02
1.186506223678588867e+02
1.239704852104187012e+02
1.294064168930053711e+02
1.347081859111785889e+02
1.404978027343750000e+02
1.459456758499145508e+02
1.518632364273071289e+02
1.568813045024871826e+02
1.624924581050872803e+02
1.691012730598449707e+02
1.743999147415161133e+02
1.807032921314239502e+02
1.861937918663024902e+02
1.929843952655792236e+02
1.991222589015960693e+02
2.052829868793487549e+02
2.110537858009338379e+02
2.163730666637420654e+02
2.219275889396667480e+02
2.269636690616607666e+02
2.324665815830230713e+02
2.388977084159851074e+02
2.443635940551757812e+02
2.494957437515258789e+02
2.550967392921447754e+02
2.610324602127075195e+02
2.667315125465393066e+02
2.724896059036254883e+02
2.778198945522308350e+02
2.831762030124664307e+02
2.884779949188232422e+02
2.937417371273040771e+02
2.989864661693572998e+02
3.043983142375946045e+02
3.099137358665466309e+02
3.149588227272033691e+02
3.204342367649078369e+02
3.255363650321960449e+02
3.308846676349639893e+02
3.361539146900177002e+02
3.413941538333892822e+02
3.465728352069854736e+02
3.519101302623748779e+02
3.573745164871215820e+02
3.628469069004058838e+02
3.680316052436828613e+02
3.732172915935516357e+02
3.787302117347717285e+02
3.839734401702880859e+02
3.894243159294128418e+02
3.944083850383758545e+02
3.995890815258026123e+02
4.051420297622680664e+02
4.106742427349090576e+02
4.163597984313964844e+02
4.215074448585510254e+02
4.268197221755981445e+02
4.319458663463592529e+02
4.369379162788391113e+02
4.424453320503234863e+02
4.476880588531494141e+02
4.529903290271759033e+02
4.585552999973297119e+02
4.635983715057373047e+02
4.692178668975830078e+02
4.743735327720642090e+02
4.795166900157928467e+02
4.845152435302734375e+02
4.897159557342529297e+02
4.948240885734558105e+02
5.007192790508270264e+02
5.060663361549377441e+02
5.114021413326263428e+02
5.162585949897766113e+02
5.211590785980224609e+02
5.262797188758850098e+02
5.312667658329010010e+02
5.363673918247222900e+02
5.414389979839324951e+02
5.467167501449584961e+02
5.519554750919342041e+02
5.574058506488800049e+02
5.626310660839080811e+02
5.678072457313537598e+02
5.729569075107574463e+02
5.781531016826629639e+02
5.832377178668975830e+02
5.883853771686553955e+02
5.937226717472076416e+02
5.988923473358154297e+02
6.041320738792419434e+02
6.095599601268768311e+02
6.147586567401885986e+02
6.196736505031585693e+02
6.245381100177764893e+02
6.294445979595184326e+02
6.344566621780395508e+02
6.394171893596649170e+02
6.442701394557952881e+02
6.494002943038940430e+02
6.547906272411346436e+02
6.597661645412445068e+02
6.649921073913574219e+02
6.702197091579437256e+02
6.752157616615295410e+02
6.803939437866210938e+02
6.852018613815307617e+02
6.901849052906036377e+02
6.951364245414733887e+02
7.001389822959899902e+02
7.054773898124694824e+02
7.109177570343017578e+02
7.160444021224975586e+02
7.214967792034149170e+02
7.264132759571075439e+02
7.312702283859252930e+02
7.360821497440338135e+02
7.410186595916748047e+02
7.457170000076293945e+02
7.507120518684387207e+02
7.555549948215484619e+02
7.606316046714782715e+02
7.659528882503509521e+02
7.710314989089965820e+02
7.760515682697296143e+02
7.810376288890838623e+02
7.858030025959014893e+02
7.908560943603515625e+02
7.957425689697265625e+02
8.013453292846679688e+02
8.061932764053344727e+02
8.111427958011627197e+02
8.161298413276672363e+02
8.214856498241424561e+02
8.263070769309997559e+02
8.315237863063812256e+02
8.365413544178009033e+02
8.415739326477050781e+02
8.464328866004943848e+02
8.513073527812957764e+02
8.562743842601776123e+02
8.613900210857391357e+02
8.664035868644714355e+02
8.715553650856018066e+02
8.765003221035003662e+02
8.815549159049987793e+02
8.864664080142974854e+02
8.915310091972351074e+02
8.965590841770172119e+02
9.018648643493652344e+02
9.068333964347839355e+02
9.128220171928405762e+02
9.190400500297546387e+02
9.239135153293609619e+02
9.289395890235900879e+02
9.337905378341674805e+02
9.387560687065124512e+02
9.438917210102081299e+02
9.489763362407684326e+02
9.537517311573028564e+02
9.586352040767669678e+02
9.635857234001159668e+02
9.685072226524353027e+02
9.733926961421966553e+02
9.787329928874969482e+02
9.835163938999176025e+02
9.885334622859954834e+02
9.938752591609954834e+02
9.988157720565795898e+02
1.004113038778305054e+03
1.009269207000732422e+03
1.014566474199295044e+03
1.019513991355895996e+03
1.024423504352569580e+03
1.029351007938385010e+03
1.034150420665740967e+03
1.039069918155670166e+03
1.043950889110565186e+03
1.048938434839248657e+03
1.053965510368347168e+03
