3.891618490219116211e+00
7.258123159408569336e+00
1.059935355186462402e+01
1.436903023719787598e+01
1.780077266693115234e+01
2.121117544174194336e+01
2.459206008911132812e+01
2.802956271171569824e+01
3.146818995475769043e+01
3.493658161163330078e+01
3.843994617462158203e+01
4.195119738578796387e+01
4.544311118125915527e+01
4.888652086257934570e+01
5.297446346282958984e+01
5.654031229019165039e+01
6.000308465957641602e+01
6.351445388793945312e+01
6.696360993385314941e+01
7.048309946060180664e+01
7.401557826995849609e+01
7.750719308853149414e+01
8.094796061515808105e+01
8.440696287155151367e+01
8.794114184379577637e+01
9.141021084785461426e+01
9.486066436767578125e+01
9.836381721496582031e+01
1.018459067344665527e+02
1.053353998661041260e+02
1.089061696529388428e+02
1.124015336036682129e+02
1.159021430015563965e+02
1.193736684322357178e+02
1.229124057292938232e+02
1.271106746196746826e+02
1.328357808589935303e+02
1.364550476074218750e+02
1.401019179821014404e+02
1.440595576763153076e+02
1.478501532077789307e+02
1.515370264053344727e+02
1.551155717372894287e+02
1.585916931629180908e+02
1.621164228916168213e+02
1.656401767730712891e+02
1.692595486640930176e+02
1.727836031913757324e+02
1.763195550441741943e+02
1.798182618618011475e+02
1.833132503032684326e+02
1.870485522747039795e+02
1.906153373718261719e+02
1.941399154663085938e+02
1.976300382614135742e+02
2.011355385780334473e+02
2.046914689540863037e+02
2.082039077281951904e+02
2.117039692401885986e+02
2.151902492046356201e+02
2.187869517803192139e+02
2.224300961494445801e+02
2.259145615100860596e+02
2.296432125568389893e+02
2.331221709251403809e+02
2.366566145420074463e+02
2.402392585277557373e+02
2.447110569477081299e+02
2.485170872211456299e+02
2.521619474887847900e+02
2.560304760932922363e+02
2.597286982536315918e+02
2.633480353355407715e+02
2.668949415683746338e+02
2.702950935363769531e+02
2.737850236892700195e+02
2.773362205028533936e+02
2.808553676605224609e+02
2.843515796661376953e+02
2.887103621959686279e+02
3.001866645812988281e+02
3.039383451938629150e+02
3.078415369987487793e+02
3.114175498485565186e+02
3.151611297130584717e+02
3.187842571735382080e+02
3.223236186504364014e+02
3.258946659564971924e+02
3.294488749504089355e+02
3.330693888664245605e+02
3.365718829631805420e+02
3.401761808395385742e+02
3.437536807060241699e+02
3.473677148818969727e+02
3.508547842502593994e+02
3.543622126579284668e+02
3.579267799854278564e+02
3.613985178470611572e+02
3.648422505855560303e+02
3.683969957828521729e+02
3.719988651275634766e+02
3.756098461151123047e+02
3.790196101665496826e+02
3.825243566036224365e+02
3.860020525455474854e+02
3.895106837749481201e+02
3.931625823974609375e+02
3.970312998294830322e+02
4.005809209346771240e+02
4.040504341125488281e+02
4.075865409374237061e+02
4.134731361865997314e+02
4.201191015243530273e+02
4.292709681987762451e+02
4.386068263053894043e+02
4.489315476417541504e+02
4.614838809967041016e+02
4.674992730617523193e+02
4.724091663360595703e+02
4.786003894805908203e+02
4.867864637374877930e+02
4.919609322547912598e+02
4.976339650154113770e+02
5.025410025119781494e+02
5.071226675510406494e+02
5.121213502883911133e+02
5.167301206588745117e+02
5.219344902038574219e+02
5.264947378635406494e+02
5.318256237506866455e+02
5.374295306205749512e+02
5.437913122177124023e+02
5.490328960418701172e+02
5.540332508087158203e+02
5.590222945213317871e+02
5.643574283123016357e+02
5.696261367797851562e+02
5.746462478637695312e+02
5.795649199485778809e+02
5.844303255081176758e+02
5.895405075550079346e+02
5.944750490188598633e+02
5.993590798377990723e+02
6.043381381034851074e+02
6.102898802757263184e+02
6.159496235847473145e+02
6.209329514503479004e+02
6.259783635139465332e+02
6.312515509128570557e+02
6.365614643096923828e+02
6.411965777873992920e+02
6.458970062732696533e+02
6.504598989486694336e+02
6.547804675102233887e+02
6.591377334594726562e+02
6.636632163524627686e+02
6.682803440093994141e+02
6.728876197338104248e+02
6.785718126296997070e+02
6.840039782524108887e+02
6.900752503871917725e+02
6.950176236629486084e+02
7.010012152194976807e+02
7.059270901679992676e+02
7.117888691425323486e+02
7.171728525161743164e+02
7.219920687675476074e+02
7.271388897895812988e+02
7.325749180316925049e+02
7.374691314697265625e+02
7.421632683277130127e+02
7.470240056514739990e+02
7.529901642799377441e+02
7.577137355804443359e+02
7.622856881618499756e+02
7.670629642009735107e+02
7.718665390014648438e+02
7.765944106578826904e+02
7.813680634498596191e+02
7.862123279571533203e+02
7.911644556522369385e+02
7.959490613937377930e+02
8.010881173610687256e+02
8.058444170951843262e+02
8.106425082683563232e+02
8.152641463279724121e+02
8.198527398109436035e+02
8.244851295948028564e+02
8.294084811210632324e+02
8.340827755928039551e+02
8.387502439022064209e+02
8.433944120407104492e+02
8.486028301715850830e+02
8.562353098392486572e+02
8.645105972290039062e+02
8.702878553867340088e+02
8.759080083370208740e+02
8.811108880043029785e+02
8.855403120517730713e+02
8.903398165702819824e+02
