1.346469670534133911e-02
1.412151008844375610e-02
1.674876734614372253e-02
1.937602646648883820e-02
2.003283984959125519e-02
1.609195396304130554e-02
1.313628908246755600e-02
1.510673202574253082e-02
1.773398928344249725e-02
1.773398928344249725e-02
1.477832626551389694e-02
1.444991864264011383e-02
1.642036251723766327e-02
2.003284171223640442e-02
1.642036251723766327e-02
1.477832533419132233e-02
1.444991771131753922e-02
1.576354727149009705e-02
1.740558445453643799e-02
1.477832533419132233e-02
1.576354727149009705e-02
1.576354727149009705e-02
1.642036251723766327e-02
1.543513964861631393e-02
1.477832533419132233e-02
1.609195396304130554e-02
1.510673295706510544e-02
1.543513964861631393e-02
1.379310339689254761e-02
1.609195396304130554e-02
1.609195396304130554e-02
1.510673388838768005e-02
1.642036251723766327e-02
1.444991771131753922e-02
1.510673388838768005e-02
1.609195582568645477e-02
1.477832533419132233e-02
1.543514057993888855e-02
1.543514057993888855e-02
1.576354727149009705e-02
1.543514057993888855e-02
1.477832626551389694e-02
1.510673388838768005e-02
1.576354727149009705e-02
1.576354727149009705e-02
1.576354727149009705e-02
1.576354913413524628e-02
1.576354727149009705e-02
1.510673295706510544e-02
1.543514151126146317e-02
1.510673388838768005e-02
1.510673295706510544e-02
1.576354727149009705e-02
1.609195396304130554e-02
1.609195396304130554e-02
1.543514057993888855e-02
1.576354727149009705e-02
1.543514057993888855e-02
1.510673388838768005e-02
1.543514057993888855e-02
1.543514057993888855e-02
1.609195396304130554e-02
1.576354727149009705e-02
1.543513871729373932e-02
1.510673388838768005e-02
1.642036251723766327e-02
1.510673388838768005e-02
1.576354727149009705e-02
1.543514151126146317e-02
1.510673202574253082e-02
1.543514151126146317e-02
1.444991864264011383e-02
1.576354727149009705e-02
1.477832533419132233e-02
1.609195396304130554e-02
1.543514057993888855e-02
1.576354727149009705e-02
1.477832533419132233e-02
1.576354727149009705e-02
1.543514151126146317e-02
1.576354727149009705e-02
1.543513964861631393e-02
1.609195396304130554e-02
1.477832533419132233e-02
1.510673295706510544e-02
1.576354727149009705e-02
1.543514057993888855e-02
1.609195582568645477e-02
1.510673202574253082e-02
1.510673202574253082e-02
1.576354913413524628e-02
1.543514057993888855e-02
1.543514057993888855e-02
1.543514057993888855e-02
1.576354727149009705e-02
1.477832626551389694e-02
1.510673388838768005e-02
1.576354727149009705e-02
1.543513964861631393e-02
1.444992050528526306e-02
1.576354727149009705e-02
1.510673295706510544e-02
1.543514057993888855e-02
1.510673388838768005e-02
1.576354727149009705e-02
1.444991771131753922e-02
1.576354727149009705e-02
1.477832719683647156e-02
1.609195396304130554e-02
1.510673202574253082e-02
1.543513964861631393e-02
1.576354727149009705e-02
1.576354727149009705e-02
1.543513871729373932e-02
1.576354727149009705e-02
1.510673388838768005e-02
1.609195396304130554e-02
1.576354727149009705e-02
1.609195396304130554e-02
1.346469670534133911e-02
1.543513871729373932e-02
1.576354727149009705e-02
1.543513964861631393e-02
1.543514057993888855e-02
1.543514057993888855e-02
1.543513964861631393e-02
1.576354727149009705e-02
1.576354913413524628e-02
1.477832533419132233e-02
1.543514057993888855e-02
1.576354727149009705e-02
1.543513964861631393e-02
1.477832626551389694e-02
1.576354727149009705e-02
1.609195396304130554e-02
1.543514151126146317e-02
1.543514057993888855e-02
1.543514057993888855e-02
1.609195582568645477e-02
1.642036065459251404e-02
1.543514151126146317e-02
1.642036065459251404e-02
1.642036065459251404e-02
1.543514151126146317e-02
1.576354913413524628e-02
1.510673202574253082e-02
1.609195582568645477e-02
1.576354727149009705e-02
1.543514057993888855e-02
1.510673388838768005e-02
1.609195396304130554e-02
1.543514057993888855e-02
1.674876920878887177e-02
1.543514057993888855e-02
1.576354727149009705e-02
1.543513964861631393e-02
1.543514151126146317e-02
1.543514151126146317e-02
1.543514057993888855e-02
1.609195396304130554e-02
1.543514057993888855e-02
1.510673388838768005e-02
1.477832533419132233e-02
1.510673202574253082e-02
1.510673388838768005e-02
1.543514057993888855e-02
1.543514057993888855e-02
1.576354913413524628e-02
1.576354727149009705e-02
1.609195396304130554e-02
1.510673295706510544e-02
1.543513871729373932e-02
1.576354727149009705e-02
1.510673295706510544e-02
1.576354727149009705e-02
1.609195582568645477e-02
1.543514151126146317e-02
1.444991864264011383e-02
1.674876920878887177e-02
1.543514057993888855e-02
1.510673295706510544e-02
1.576354727149009705e-02
1.543514057993888855e-02
1.510673202574253082e-02
1.543514057993888855e-02
1.543513871729373932e-02
1.510673202574253082e-02
1.543514057993888855e-02
1.510673295706510544e-02
1.510673202574253082e-02
1.937602460384368896e-02
1.444991864264011383e-02
1.576354727149009705e-02
1.543514057993888855e-02
1.543513871729373932e-02
1.510673388838768005e-02
1.543513964861631393e-02
1.674876920878887177e-02
1.642036251723766327e-02
1.543514057993888855e-02
