1.806239970028400421e-02
1.970443502068519592e-02
1.642036065459251404e-02
1.839080452919006348e-02
1.707717590034008026e-02
1.806239597499370575e-02
1.904761791229248047e-02
2.200328186154365540e-02
1.871921122074127197e-02
1.871921122074127197e-02
1.904761791229248047e-02
1.839080266654491425e-02
1.740558259189128876e-02
1.773398928344249725e-02
1.707717590034008026e-02
1.904761791229248047e-02
1.937602646648883820e-02
1.871921122074127197e-02
1.773398928344249725e-02
1.740558259189128876e-02
2.036124654114246368e-02
1.904761604964733124e-02
1.871921122074127197e-02
1.871921122074127197e-02
2.068965509533882141e-02
1.970443315804004669e-02
1.904761604964733124e-02
1.937602460384368896e-02
2.003283984959125519e-02
1.904761604964733124e-02
1.937602646648883820e-02
1.871921122074127197e-02
1.871921122074127197e-02
1.937602646648883820e-02
1.937602646648883820e-02
1.839080266654491425e-02
1.937602646648883820e-02
1.937602646648883820e-02
1.904761791229248047e-02
1.904761791229248047e-02
1.839080266654491425e-02
1.871920935809612274e-02
1.871920935809612274e-02
1.970443129539489746e-02
1.839080452919006348e-02
1.839080266654491425e-02
1.904761604964733124e-02
1.904761791229248047e-02
1.871920935809612274e-02
1.871921122074127197e-02
1.871920935809612274e-02
1.937602460384368896e-02
1.871921122074127197e-02
1.871921122074127197e-02
1.839080266654491425e-02
1.904761604964733124e-02
1.871921122074127197e-02
1.937602460384368896e-02
1.871920935809612274e-02
1.871920935809612274e-02
1.904761791229248047e-02
1.970443315804004669e-02
2.036124654114246368e-02
1.937602646648883820e-02
1.937602460384368896e-02
1.904761791229248047e-02
1.937602274119853973e-02
1.871920935809612274e-02
1.839080266654491425e-02
1.904761604964733124e-02
1.904761791229248047e-02
1.904761604964733124e-02
1.937602460384368896e-02
1.871920935809612274e-02
1.904761791229248047e-02
1.937602460384368896e-02
1.806239597499370575e-02
1.904761604964733124e-02
2.003283984959125519e-02
1.904761604964733124e-02
1.970443129539489746e-02
1.871921122074127197e-02
1.904761791229248047e-02
1.937602460384368896e-02
1.871920935809612274e-02
1.904761791229248047e-02
1.937602460384368896e-02
1.904761604964733124e-02
1.904761604964733124e-02
1.937602460384368896e-02
1.904761977493762970e-02
1.970443129539489746e-02
1.904761791229248047e-02
1.937602460384368896e-02
1.871920935809612274e-02
1.937602460384368896e-02
1.904761791229248047e-02
1.937602460384368896e-02
1.937602460384368896e-02
1.839080452919006348e-02
2.036124840378761292e-02
1.871921122074127197e-02
1.904761604964733124e-02
1.871920935809612274e-02
1.904761791229248047e-02
1.904761791229248047e-02
1.904761791229248047e-02
1.904761604964733124e-02
1.871920935809612274e-02
1.937602646648883820e-02
1.839080452919006348e-02
1.839080266654491425e-02
1.871921122074127197e-02
1.904761791229248047e-02
1.904761791229248047e-02
1.904761604964733124e-02
1.937602460384368896e-02
1.871921122074127197e-02
1.871921122074127197e-02
1.937602460384368896e-02
1.904761791229248047e-02
1.871920935809612274e-02
1.937602460384368896e-02
1.839080266654491425e-02
1.904761977493762970e-02
1.904761791229248047e-02
1.937602460384368896e-02
1.904761604964733124e-02
1.871920935809612274e-02
1.937602460384368896e-02
1.871921122074127197e-02
1.904761604964733124e-02
1.904761604964733124e-02
1.904761791229248047e-02
1.937602460384368896e-02
1.937602646648883820e-02
1.970443502068519592e-02
1.871920935809612274e-02
1.970443129539489746e-02
1.806239597499370575e-02
1.904761791229248047e-02
1.871920935809612274e-02
1.937602460384368896e-02
1.904761604964733124e-02
1.904761604964733124e-02
1.904761791229248047e-02
1.904761604964733124e-02
1.904761791229248047e-02
1.871920935809612274e-02
1.937602646648883820e-02
2.003283984959125519e-02
1.839080266654491425e-02
1.970443315804004669e-02
1.904761791229248047e-02
1.970443315804004669e-02
1.904761791229248047e-02
1.871920935809612274e-02
1.904761604964733124e-02
1.871921122074127197e-02
1.904761604964733124e-02
1.904761604964733124e-02
1.871920935809612274e-02
1.904761604964733124e-02
1.904761604964733124e-02
1.937602460384368896e-02
1.904761791229248047e-02
2.003283984959125519e-02
1.871920935809612274e-02
2.003283984959125519e-02
1.871920935809612274e-02
1.937602646648883820e-02
1.871920935809612274e-02
1.904761604964733124e-02
1.871920935809612274e-02
1.871921122074127197e-02
1.839080266654491425e-02
1.904761604964733124e-02
1.970443129539489746e-02
1.904761604964733124e-02
1.970443315804004669e-02
1.937602460384368896e-02
1.904761604964733124e-02
1.904761604964733124e-02
1.904761977493762970e-02
1.937602646648883820e-02
1.904761791229248047e-02
1.970443129539489746e-02
1.904761604964733124e-02
1.904761791229248047e-02
1.904761791229248047e-02
1.937602460384368896e-02
1.871921122074127197e-02
1.871921122074127197e-02
1.871921122074127197e-02
1.937602646648883820e-02
1.937602646648883820e-02
1.904761791229248047e-02
1.576354727149009705e-02
1.904761791229248047e-02
1.773398928344249725e-02
