2.426764249801635742e+00
4.697184562683105469e+00
6.860916137695312500e+00
9.007655858993530273e+00
1.124150705337524414e+01
1.341538405418395996e+01
1.555896139144897461e+01
1.776476907730102539e+01
1.990716862678527832e+01
2.209336900711059570e+01
2.440466165542602539e+01
2.656211614608764648e+01
2.879328131675720215e+01
3.094431638717651367e+01
3.309884333610534668e+01
3.524795031547546387e+01
3.741143465042114258e+01
3.958394908905029297e+01
4.180446028709411621e+01
4.395640873908996582e+01
4.607178258895874023e+01
4.824103951454162598e+01
5.036663341522216797e+01
5.251602792739868164e+01
5.476085734367370605e+01
5.692400074005126953e+01
5.906549453735351562e+01
6.120147585868835449e+01
6.335052108764648438e+01
6.552410221099853516e+01
6.776435160636901855e+01
7.012687349319458008e+01
7.251101779937744141e+01
7.491810679435729980e+01
7.709184193611145020e+01
7.926399850845336914e+01
8.142037224769592285e+01
8.360888767242431641e+01
8.578152680397033691e+01
8.793629097938537598e+01
9.009949994087219238e+01
9.223275065422058105e+01
9.439100408554077148e+01
9.657749676704406738e+01
9.870695710182189941e+01
1.009329280853271484e+02
1.031382913589477539e+02
1.053138720989227295e+02
1.074511749744415283e+02
1.096669092178344727e+02
1.118365354537963867e+02
1.140039036273956299e+02
1.161795668601989746e+02
1.183684675693511963e+02
1.205036807060241699e+02
1.227910604476928711e+02
1.249146199226379395e+02
1.272361700534820557e+02
1.294026465415954590e+02
1.316300585269927979e+02
1.337658812999725342e+02
1.359352350234985352e+02
1.381246843338012695e+02
1.402873494625091553e+02
1.424763107299804688e+02
1.446556441783905029e+02
1.469064562320709229e+02
1.491064572334289551e+02
1.513009574413299561e+02
1.535413596630096436e+02
1.557137637138366699e+02
1.578583312034606934e+02
1.600370187759399414e+02
1.621935546398162842e+02
1.643873648643493652e+02
1.665806820392608643e+02
1.687253646850585938e+02
1.708879082202911377e+02
1.730734019279479980e+02
1.752397942543029785e+02
1.774283061027526855e+02
1.797048697471618652e+02
1.817846245765686035e+02
1.839252843856811523e+02
1.860090467929840088e+02
1.886360795497894287e+02
1.907295658588409424e+02
1.928135464191436768e+02
1.952467751502990723e+02
1.978095958232879639e+02
1.999341051578521729e+02
2.020481064319610596e+02
2.041731164455413818e+02
2.062621014118194580e+02
2.083410775661468506e+02
2.104185533523559570e+02
2.125220479965209961e+02
2.145529901981353760e+02
2.166679925918579102e+02
2.187619810104370117e+02
2.209090063571929932e+02
2.229694695472717285e+02
2.250684609413146973e+02
2.271284358501434326e+02
2.291788930892944336e+02
2.313169124126434326e+02
2.334349167346954346e+02
2.357115340232849121e+02
2.379741415977478027e+02
2.402147338390350342e+02
2.422902078628540039e+02
2.444252238273620605e+02
2.464961955547332764e+02
2.486027071475982666e+02
2.507021832466125488e+02
2.527721543312072754e+02
2.551188213825225830e+02
2.572908637523651123e+02
2.594263813495635986e+02
2.615333783626556396e+02
2.636193599700927734e+02
2.656948344707489014e+02
2.677042617797851562e+02
2.697897434234619141e+02
2.718407003879547119e+02
2.739061679840087891e+02
2.759366097450256348e+02
2.779650509357452393e+02
2.799879882335662842e+02
2.820134274959564209e+02
2.840904026031494141e+02
2.861984007358551025e+02
2.883994638919830322e+02
2.906725795269012451e+02
2.928015952110290527e+02
2.948945825099945068e+02
2.970526151657104492e+02
2.991651160717010498e+02
3.012305834293365479e+02
3.033205680847167969e+02
3.054615888595581055e+02
3.077006795406341553e+02
3.097916665077209473e+02
3.118526291847229004e+02
3.139030854701995850e+02
3.159545428752899170e+02
3.180110042095184326e+02
3.200689666271209717e+02
3.221199235916137695e+02
3.243645179271697998e+02
3.264780192375183105e+02
3.285564954280853271e+02
3.306529850959777832e+02
3.326934349536895752e+02
3.348754861354827881e+02
3.369094297885894775e+02
3.389728956222534180e+02
3.410578770637512207e+02
3.431783831119537354e+02
3.452943873405456543e+02
3.474299039840698242e+02
3.495904383659362793e+02
3.516714169979095459e+02
3.538544683456420898e+02
3.560680403709411621e+02
3.583806838989257812e+02
3.604876799583435059e+02
3.625766639709472656e+02
3.647922382354736328e+02
3.669377617835998535e+02
3.690992972850799561e+02
3.711237356662750244e+02
3.732167232036590576e+02
3.752786874771118164e+02
3.773401520252227783e+02
3.793806016445159912e+02
3.817297706604003906e+02
3.840178959369659424e+02
3.861083920001983643e+02
3.882123868465423584e+02
3.903839292526245117e+02
3.925790159702301025e+02
3.948961620330810547e+02
3.970882191658020020e+02
3.992457520961761475e+02
4.013112192153930664e+02
4.035568139553070068e+02
4.056948335170745850e+02
4.077838177680969238e+02
4.099358465671539307e+02
4.120793683528900146e+02
4.141708543300628662e+02
4.162888600826263428e+02
4.184478931427001953e+02
4.205839107036590576e+02
4.226648890972137451e+02
4.249164886474609375e+02
4.270179812908172607e+02
4.291940271854400635e+02
4.313635687828063965e+02
