2.330155134201049805e+00
4.563241481781005859e+00
6.827350378036499023e+00
9.039921998977661133e+00
1.122747588157653809e+01
1.344655227661132812e+01
1.571416330337524414e+01
1.790021705627441406e+01
2.012829923629760742e+01
2.231034946441650391e+01
2.452842545509338379e+01
2.676951766014099121e+01
2.904863595962524414e+01
3.128476166725158691e+01
3.346531081199645996e+01
3.570590257644653320e+01
3.793949031829833984e+01
4.012604260444641113e+01
4.227506875991821289e+01
4.444711232185363770e+01
4.658813333511352539e+01
4.875517249107360840e+01
5.092621517181396484e+01
5.309575629234313965e+01
5.523777770996093750e+01
5.741732668876647949e+01
5.957285785675048828e+01
6.171588015556335449e+01
6.387641477584838867e+01
6.620106673240661621e+01
6.847968506813049316e+01
7.070626759529113770e+01
7.291283464431762695e+01
7.509638524055480957e+01
7.739051604270935059e+01
7.959111618995666504e+01
8.178767752647399902e+01
8.396372342109680176e+01
8.621031904220581055e+01
8.845041036605834961e+01
9.068950104713439941e+01
9.294510388374328613e+01
9.522923684120178223e+01
9.769298696517944336e+01
9.993908286094665527e+01
1.024328541755676270e+02
1.046564335823059082e+02
1.068640017509460449e+02
1.090820782184600830e+02
1.113581950664520264e+02
1.135808272361755371e+02
1.158854761123657227e+02
1.182741727828979492e+02
1.207043993473052979e+02
1.230720808506011963e+02
1.252466259002685547e+02
1.274276757240295410e+02
1.298033633232116699e+02
1.320844836235046387e+02
1.348074364662170410e+02
1.370720455646514893e+02
1.394182126522064209e+02
1.420806124210357666e+02
1.443496062755584717e+02
1.465345067977905273e+02
1.488619801998138428e+02
1.510674943923950195e+02
1.532379951477050781e+02
1.556990613937377930e+02
1.580380377769470215e+02
1.603624606132507324e+02
1.626079900264739990e+02
1.649460093975067139e+02
1.673970670700073242e+02
1.698089733123779297e+02
1.721793086528778076e+02
1.746155459880828857e+02
1.769945449829101562e+02
1.793302714824676514e+02
1.815885598659515381e+02
1.837850425243377686e+02
1.859427938461303711e+02
1.881110005378723145e+02
1.903026046752929688e+02
1.924654526710510254e+02
1.946138863563537598e+02
1.968085377216339111e+02
1.990071895122528076e+02
2.012245614528656006e+02
2.034212689399719238e+02
2.055881807804107666e+02
2.078096003532409668e+02
2.102698056697845459e+02
2.125524044036865234e+02
2.150357651710510254e+02
2.173325564861297607e+02
2.200536341667175293e+02
2.223071267604827881e+02
2.245854604244232178e+02
2.267765166759490967e+02
2.290479991436004639e+02
2.319085624217987061e+02
2.344574389457702637e+02
2.367755479812622070e+02
2.391846179962158203e+02
2.418424587249755859e+02
2.444310088157653809e+02
2.466591272354125977e+02
2.489666230678558350e+02
2.512605867385864258e+02
2.534845194816589355e+02
2.557415065765380859e+02
2.579500131607055664e+02
2.601501700878143311e+02
2.623884699344635010e+02
2.646033897399902344e+02
2.668519985675811768e+02
2.690675020217895508e+02
2.712366003990173340e+02
2.734324963092803955e+02
2.755783855915069580e+02
2.777614469528198242e+02
2.800209629535675049e+02
2.822413451671600342e+02
2.844042556285858154e+02
2.866070356369018555e+02
2.888444759845733643e+02
2.910685505867004395e+02
2.932659649848937988e+02
2.954799196720123291e+02
2.977648270130157471e+02
2.999730176925659180e+02
3.022025358676910400e+02
3.045571141242980957e+02
3.067594547271728516e+02
3.089945242404937744e+02
3.112499303817749023e+02
3.134181609153747559e+02
3.157964835166931152e+02
3.181140675544738770e+02
3.203590812683105469e+02
3.226870741844177246e+02
3.249535262584686279e+02
3.271620986461639404e+02
3.294704887866973877e+02
3.317812030315399170e+02
3.340469675064086914e+02
3.362530443668365479e+02
3.385519671440124512e+02
3.408314692974090576e+02
3.431230561733245850e+02
3.453300316333770752e+02
3.475228805541992188e+02
3.497143712043762207e+02
3.519004161357879639e+02
3.540694963932037354e+02
3.562361166477203369e+02
3.584650316238403320e+02
3.607060317993164062e+02
3.632065489292144775e+02
3.654894154071807861e+02
3.677397131919860840e+02
3.699631102085113525e+02
3.722009739875793457e+02
3.743775987625122070e+02
3.768183794021606445e+02
3.792749576568603516e+02
3.818023731708526611e+02
3.841690959930419922e+02
3.866021344661712646e+02
3.890146241188049316e+02
3.914434559345245361e+02
3.938716826438903809e+02
3.964520161151885986e+02
3.988452169895172119e+02
4.012519259452819824e+02
4.037244544029235840e+02
4.062640323638916016e+02
4.087107758522033691e+02
4.112380714416503906e+02
4.137458522319793701e+02
4.163512034416198730e+02
4.188114509582519531e+02
4.213012204170227051e+02
4.238270144462585449e+02
4.264368684291839600e+02
4.289911832809448242e+02
4.316760907173156738e+02
4.343264744281768799e+02
4.368172430992126465e+02
4.392879981994628906e+02
4.420054287910461426e+02
4.444746828079223633e+02
4.471440794467926025e+02
4.497094018459320068e+02
4.522932374477386475e+02
4.547765014171600342e+02
4.574644105434417725e+02
4.599541795253753662e+02
4.624169292449951172e+02
