2.643378019332885742e+00
5.113633155822753906e+00
7.661444187164306641e+00
1.024627900123596191e+01
1.284312415122985840e+01
1.548701500892639160e+01
1.818092894554138184e+01
2.086083269119262695e+01
2.343616247177124023e+01
2.600613808631896973e+01
2.862499856948852539e+01
3.123635339736938477e+01
3.376464962959289551e+01
3.627443289756774902e+01
3.882924747467041016e+01
4.144660711288452148e+01
4.396939992904663086e+01
4.648618698120117188e+01
4.906201720237731934e+01
5.171239995956420898e+01
5.424119639396667480e+01
5.679300975799560547e+01
5.934582304954528809e+01
6.187461972236633301e+01
6.460906195640563965e+01
6.713235449790954590e+01
6.971969270706176758e+01
7.226149821281433105e+01
7.484083104133605957e+01
7.743917655944824219e+01
7.997047543525695801e+01
8.251828503608703613e+01
8.521169829368591309e+01
8.763519120216369629e+01
9.004283595085144043e+01
9.243682956695556641e+01
9.488420009613037109e+01
9.734073328971862793e+01
9.978587484359741211e+01
1.022167823314666748e+02
1.046318316459655762e+02
1.071412343978881836e+02
1.098476865291595459e+02
1.123517582416534424e+02
1.148386130332946777e+02
1.172937676906585693e+02
1.201210362911224365e+02
1.226389722824096680e+02
1.251012363433837891e+02
1.274887888431549072e+02
1.299674150943756104e+02
1.326896536350250244e+02
1.353757641315460205e+02
1.378727715015411377e+02
1.404751560688018799e+02
1.430517458915710449e+02
1.456146445274353027e+02
1.481596069335937500e+02
1.506911616325378418e+02
1.531843879222869873e+02
1.556624393463134766e+02
1.581562290191650391e+02
1.606926484107971191e+02
1.630917155742645264e+02
1.656267454624176025e+02
1.681727783679962158e+02
1.707831463813781738e+02
1.732892758846282959e+02
1.758412301540374756e+02
1.782812783718109131e+02
1.807862274646759033e+02
1.834768326282501221e+02
1.859902086257934570e+02
1.884766104221343994e+02
1.910138216018676758e+02
1.936432971954345703e+02
1.961750948429107666e+02
1.991071791648864746e+02
2.015856959819793701e+02
2.041024086475372314e+02
2.064606971740722656e+02
2.088886585235595703e+02
2.112225050926208496e+02
2.135716550350189209e+02
2.159446697235107422e+02
2.183715949058532715e+02
2.208467559814453125e+02
2.231836798191070557e+02
2.255638222694396973e+02
2.279601829051971436e+02
2.304431469440460205e+02
2.328252143859863281e+02
2.351448602676391602e+02
2.375208251476287842e+02
2.398627107143402100e+02
2.423076746463775635e+02
2.448446855545043945e+02
2.471649775505065918e+02
2.495327754020690918e+02
2.519918687343597412e+02
2.543838264942169189e+02
2.568213686943054199e+02
2.592151257991790771e+02
2.616161284446716309e+02
2.639302062988281250e+02
2.664630463123321533e+02
2.688481869697570801e+02
2.711953089237213135e+02
2.736227164268493652e+02
2.759699139595031738e+02
2.783423488140106201e+02
2.807454187870025635e+02
2.831106848716735840e+02
2.854948213100433350e+02
2.878433170318603516e+02
2.902730793952941895e+02
2.926291177272796631e+02
2.950297617912292480e+02
2.973693110942840576e+02
2.997262444496154785e+02
3.021981329917907715e+02
3.046959054470062256e+02
3.072437593936920166e+02
3.098247785568237305e+02
3.124882550239562988e+02
3.150367431640625000e+02
3.176211452484130859e+02
3.201163227558135986e+02
3.227201159000396729e+02
3.253561642169952393e+02
3.279408125877380371e+02
3.304667561054229736e+02
3.330323712825775146e+02
3.356079657077789307e+02
3.381261529922485352e+02
3.406912975311279297e+02
3.431913650035858154e+02
3.458008334636688232e+02
3.482854299545288086e+02
3.507995440959930420e+02
3.533026871681213379e+02
3.557968344688415527e+02
3.583041000366210938e+02
3.608457770347595215e+02
3.633521091938018799e+02
3.657493128776550293e+02
3.680636849403381348e+02
3.703648004531860352e+02
3.726671965122222900e+02
3.749789960384368896e+02
3.772824256420135498e+02
3.796151812076568604e+02
3.819886655807495117e+02
3.843242473602294922e+02
3.866660392284393311e+02
3.889736719131469727e+02
3.912868463993072510e+02
3.936103043556213379e+02
3.959383623600006104e+02
3.982397115230560303e+02
4.005768282413482666e+02
4.028998200893402100e+02
4.052117407321929932e+02
4.075811154842376709e+02
4.099202876091003418e+02
4.122231533527374268e+02
4.145397264957427979e+02
4.168631455898284912e+02
4.191921994686126709e+02
4.215704226493835449e+02
4.239096727371215820e+02
4.262396745681762695e+02
4.286475422382354736e+02
4.309367914199829102e+02
4.332501673698425293e+02
4.356281902790069580e+02
4.379671962261199951e+02
4.403652999401092529e+02
4.426866996288299561e+02
4.449892628192901611e+02
4.473523578643798828e+02
4.496972036361694336e+02
4.519827775955200195e+02
4.542942049503326416e+02
4.566102976799011230e+02
4.589392580986022949e+02
4.613718342781066895e+02
4.636928176879882812e+02
4.660093314647674561e+02
4.684481222629547119e+02
4.708953676223754883e+02
4.732078015804290771e+02
4.755171835422515869e+02
4.780562508106231689e+02
4.803782439231872559e+02
4.827631399631500244e+02
4.850733156204223633e+02
4.875974853038787842e+02
4.899497659206390381e+02
4.922666802406311035e+02
