3.930839061737060547e+00
7.405322790145874023e+00
1.087077426910400391e+01
1.433824133872985840e+01
1.778168702125549316e+01
2.138043236732482910e+01
2.483093452453613281e+01
2.830341696739196777e+01
3.175585794448852539e+01
3.517128610610961914e+01
3.865178465843200684e+01
4.203524398803710938e+01
4.554879212379455566e+01
4.903577327728271484e+01
5.255431008338928223e+01
5.601581692695617676e+01
5.946026659011840820e+01
6.291972565650939941e+01
6.645624041557312012e+01
6.993271207809448242e+01
7.341919255256652832e+01
7.691268730163574219e+01
8.039415001869201660e+01
8.384660625457763672e+01
8.728004622459411621e+01
9.077653217315673828e+01
9.430303978919982910e+01
9.777552151679992676e+01
1.012550961971282959e+02
1.047105534076690674e+02
1.082020368576049805e+02
1.116955335140228271e+02
1.157735633850097656e+02
1.206130139827728271e+02
1.254434382915496826e+02
1.341926589012145996e+02
1.381854975223541260e+02
1.420162220001220703e+02
1.459440145492553711e+02
1.496436445713043213e+02
1.533803017139434814e+02
1.571679947376251221e+02
1.608996484279632568e+02
1.646533167362213135e+02
1.683679594993591309e+02
1.721206278800964355e+02
1.758192560672760010e+02
1.796709940433502197e+02
1.834787015914916992e+02
1.872643933296203613e+02
1.910700988769531250e+02
1.948387784957885742e+02
1.987165362834930420e+02
2.025642731189727783e+02
2.064430296421051025e+02
2.103478066921234131e+02
2.141465075016021729e+02
2.179592175483703613e+02
2.217609207630157471e+02
2.255876417160034180e+02
2.293443126678466797e+02
2.331380100250244141e+02
2.369407138824462891e+02
2.408294796943664551e+02
2.447102379798889160e+02
2.485990030765533447e+02
2.523546731472015381e+02
2.561713867187500000e+02
2.600131189823150635e+02
2.638818690776824951e+02
2.677055883407592773e+02
2.716093633174896240e+02
2.754410879611968994e+02
2.792237775325775146e+02
2.830434937477111816e+02
2.868181772232055664e+02
2.906098730564117432e+02
2.944315903186798096e+02
2.982002708911895752e+02
3.020440030097961426e+02
3.058336977958679199e+02
3.096504108905792236e+02
3.133740584850311279e+02
3.172388062477111816e+02
3.210234975814819336e+02
3.248752362728118896e+02
3.284377686977386475e+02
3.319823412895202637e+02
3.355700004100799561e+02
3.390976827144622803e+02
3.426582665443420410e+02
3.461658072471618652e+02
3.496153218746185303e+02
3.531168696880340576e+02
3.566063520908355713e+02
3.601158461570739746e+02
3.636774556636810303e+02
3.672409899234771729e+02
3.707504851818084717e+02
3.742699875831604004e+02
3.778065667152404785e+02
3.813110568523406982e+02
3.848415801525115967e+02
3.883481376171112061e+02
3.918336157798767090e+02
3.953291025161743164e+02
3.988576595783233643e+02
4.023602678775787354e+02
4.059017746448516846e+02
4.093902530670166016e+02
4.129158246517181396e+02
4.163932826519012451e+02
4.198827774524688721e+02
4.233832526206970215e+02
4.269088530540466309e+02
4.303693277835845947e+02
4.338738183975219727e+02
4.373463513851165771e+02
4.407968714237213135e+02
4.443034703731536865e+02
4.478550446033477783e+02
4.514025671482086182e+02
4.549131417274475098e+02
4.585657382011413574e+02
4.620462131500244141e+02
4.655657286643981934e+02
4.690512080192565918e+02
4.725526828765869141e+02
4.760491688251495361e+02
4.795498189926147461e+02
4.829932806491851807e+02
4.864707400798797607e+02
4.899662256240844727e+02
4.934446983337402344e+02
4.969490222930908203e+02
5.004265120029449463e+02
5.038969793319702148e+02
5.073784708976745605e+02
5.109029607772827148e+02
5.144074523448944092e+02
5.178891038894653320e+02
5.213460397720336914e+02
5.248345346450805664e+02
5.283761746883392334e+02
5.318736610412597656e+02
5.353761754035949707e+02
5.388906741142272949e+02
5.423912756443023682e+02
5.459161732196807861e+02
5.495638728141784668e+02
5.531084406375885010e+02
5.565658991336822510e+02
5.600303618907928467e+02
5.635179934501647949e+02
5.670775625705718994e+02
5.705540466308593750e+02
5.740525341033935547e+02
5.776050624847412109e+02
5.810985445976257324e+02
5.846541309356689453e+02
5.881816935539245605e+02
5.916851851940155029e+02
5.952139592170715332e+02
5.987104589939117432e+02
6.021939222812652588e+02
6.056924099922180176e+02
6.092779586315155029e+02
6.128214778900146484e+02
6.164470562934875488e+02
6.199318621158599854e+02
6.234283349514007568e+02
6.269398314952850342e+02
6.304664375782012939e+02
6.340299556255340576e+02
6.375134322643280029e+02
6.410019319057464600e+02
6.445775659084320068e+02
6.480550382137298584e+02
6.515986108779907227e+02
6.550961453914642334e+02
6.585446481704711914e+02
6.620641644001007080e+02
6.655757374763488770e+02
6.691552686691284180e+02
6.726140501499176025e+02
6.761165380477905273e+02
6.796070070266723633e+02
6.831635351181030273e+02
6.867460825443267822e+02
6.902865996360778809e+02
6.937681310176849365e+02
6.973646886348724365e+02
7.008522133827209473e+02
7.043237116336822510e+02
7.078712840080261230e+02
7.113838827610015869e+02
7.148603556156158447e+02
7.183958537578582764e+02
7.219014739990234375e+02
7.254580042362213135e+02
