2.195121720433235168e-02
1.463414542376995087e-02
3.170731663703918457e-02
1.707316935062408447e-02
1.951219514012336731e-02
2.439024299383163452e-02
2.195121906697750092e-02
1.951219327747821808e-02
1.219512149691581726e-02
1.951219514012336731e-02
1.707316935062408447e-02
7.317073177546262741e-03
2.682926505804061890e-02
3.658536449074745178e-02
2.439024299383163452e-02
1.707316935062408447e-02
2.439024113118648529e-02
1.951219514012336731e-02
2.439024299383163452e-02
2.439024299383163452e-02
1.707316935062408447e-02
3.658536449074745178e-02
3.170732036232948303e-02
3.170731663703918457e-02
2.439024299383163452e-02
2.682926878333091736e-02
4.146341234445571899e-02
4.634146392345428467e-02
4.390243813395500183e-02
3.170731663703918457e-02
4.390244185924530029e-02
3.658536449074745178e-02
3.902439400553703308e-02
4.390243813395500183e-02
3.658536449074745178e-02
3.658536821603775024e-02
3.414633870124816895e-02
5.121951177716255188e-02
4.634146764874458313e-02
4.146341606974601746e-02
5.121950805187225342e-02
5.609755963087081909e-02
7.073170691728591919e-02
7.804878056049346924e-02
7.560975849628448486e-02
7.073170691728591919e-02
6.341463327407836914e-02
7.560975849628448486e-02
8.536584675312042236e-02
7.073169946670532227e-02
8.780487626791000366e-02
7.073170691728591919e-02
1.073170751333236694e-01
9.512194991111755371e-02
1.121951192617416382e-01
1.000000014901161194e-01
1.317073255777359009e-01
1.097560971975326538e-01
1.195121854543685913e-01
1.536585390567779541e-01
1.365853548049926758e-01
1.243902370333671570e-01
1.390243917703628540e-01
1.414634138345718384e-01
1.390243917703628540e-01
1.317073255777359009e-01
1.439024358987808228e-01
1.414634138345718384e-01
1.585365831851959229e-01
1.853658556938171387e-01
1.560975611209869385e-01
1.560975462198257446e-01
1.829268336296081543e-01
1.951219439506530762e-01
2.048780322074890137e-01
1.902439147233963013e-01
2.195121943950653076e-01
2.024390101432800293e-01
1.975609660148620605e-01
1.926829516887664795e-01
2.268292605876922607e-01
2.048780620098114014e-01
2.439024448394775391e-01
2.390243709087371826e-01
2.658536434173583984e-01
2.195121645927429199e-01
2.414633929729461670e-01
2.560975849628448486e-01
2.463414669036865234e-01
2.463414371013641357e-01
2.536585330963134766e-01
2.634146213531494141e-01
2.853658497333526611e-01
2.731707394123077393e-01
2.926829159259796143e-01
2.829268276691436768e-01
2.731707394123077393e-01
3.146341443061828613e-01
3.121950924396514893e-01
3.073170483112335205e-01
3.048780560493469238e-01
2.975609600543975830e-01
3.146341443061828613e-01
3.146341443061828613e-01
3.219512104988098145e-01
3.317072987556457520e-01
3.170731663703918457e-01
3.390243649482727051e-01
3.243902325630187988e-01
3.268292546272277832e-01
3.341463506221771240e-01
3.292683064937591553e-01
3.365853428840637207e-01
3.878048956394195557e-01
3.536585569381713867e-01
3.292682766914367676e-01
3.609756231307983398e-01
3.121951222419738770e-01
3.365853726863861084e-01
3.902438879013061523e-01
3.853658437728881836e-01
3.634146153926849365e-01
3.634146153926849365e-01
3.414634168148040771e-01
3.756097555160522461e-01
4.170731604099273682e-01
3.560975492000579834e-01
3.560975790023803711e-01
3.682926595211029053e-01
3.926829099655151367e-01
3.853658437728881836e-01
3.951219618320465088e-01
3.975609838962554932e-01
4.000000059604644775e-01
4.073170721530914307e-01
3.756097555160522461e-01
3.926829099655151367e-01
3.975609838962554932e-01
4.292682707309722900e-01
3.902438879013061523e-01
3.878048658370971680e-01
4.243902266025543213e-01
4.170731604099273682e-01
4.121951162815093994e-01
4.243901968002319336e-01
4.000000059604644775e-01
4.243902266025543213e-01
4.243902266025543213e-01
4.317072927951812744e-01
4.097560942173004150e-01
4.341463148593902588e-01
4.341462850570678711e-01
4.390243887901306152e-01
4.195121824741363525e-01
4.390243291854858398e-01
4.268292784690856934e-01
4.560975432395935059e-01
4.390243887901306152e-01
4.048780202865600586e-01
4.829267859458923340e-01
4.292682707309722900e-01
4.536585211753845215e-01
4.658536314964294434e-01
4.341463446617126465e-01
4.414634108543395996e-01
4.414633810520172119e-01
4.902438819408416748e-01
4.585365653038024902e-01
4.731707572937011719e-01
4.487804770469665527e-01
4.780488014221191406e-01
4.658536314964294434e-01
4.560975432395935059e-01
4.390243887901306152e-01
4.926829338073730469e-01
4.707317352294921875e-01
4.682926535606384277e-01
4.975609779357910156e-01
4.658536612987518311e-01
4.682926535606384277e-01
4.682926833629608154e-01
4.878048300743103027e-01
5.195122361183166504e-01
4.951219260692596436e-01
4.975609779357910156e-01
4.804877638816833496e-01
4.780488014221191406e-01
4.829268157482147217e-01
4.926829338073730469e-01
4.780487716197967529e-01
4.975609779357910156e-01
5.170731544494628906e-01
4.975609183311462402e-01
4.878048896789550781e-01
4.902438819408416748e-01
5.268292427062988281e-01
5.000000000000000000e-01
5.121950507164001465e-01
5.097560882568359375e-01
4.780488014221191406e-01
