1.707317121326923370e-02
1.707317121326923370e-02
1.707316935062408447e-02
2.195122092962265015e-02
2.195121720433235168e-02
3.902439028024673462e-02
1.707316935062408447e-02
2.195121720433235168e-02
1.707316935062408447e-02
1.463414542376995087e-02
1.707317121326923370e-02
1.951219327747821808e-02
1.707316935062408447e-02
9.756097570061683655e-03
1.219512149691581726e-02
1.951219514012336731e-02
3.414633870124816895e-02
1.463414542376995087e-02
1.951219514012336731e-02
3.658536449074745178e-02
2.926829084753990173e-02
2.926829084753990173e-02
2.195121906697750092e-02
1.707316935062408447e-02
2.926829271018505096e-02
2.439024299383163452e-02
3.658536449074745178e-02
3.658536449074745178e-02
1.707317121326923370e-02
3.414633870124816895e-02
2.926829271018505096e-02
4.146341606974601746e-02
2.439024113118648529e-02
3.902439028024673462e-02
5.365853384137153625e-02
3.902439028024673462e-02
6.585365533828735352e-02
5.609755963087081909e-02
6.585365533828735352e-02
5.853658914566040039e-02
7.317072898149490356e-02
8.292682468891143799e-02
7.804878056049346924e-02
9.024390578269958496e-02
7.560975104570388794e-02
8.048780262470245361e-02
6.829268485307693481e-02
8.048781007528305054e-02
1.024390310049057007e-01
9.756097197532653809e-02
1.341463476419448853e-01
9.756097197532653809e-02
1.292682886123657227e-01
1.170731633901596069e-01
1.268292814493179321e-01
1.195122003555297852e-01
1.585365831851959229e-01
1.731707304716110229e-01
1.585365682840347290e-01
1.463414579629898071e-01
1.634146273136138916e-01
1.536585390567779541e-01
1.609755903482437134e-01
1.756097674369812012e-01
1.999999880790710449e-01
1.682926714420318604e-01
1.926829069852828979e-01
1.999999880790710449e-01
1.902438998222351074e-01
2.146341502666473389e-01
2.097560912370681763e-01
2.073170691728591919e-01
2.292682826519012451e-01
2.341463267803192139e-01
2.439024299383163452e-01
2.268292754888534546e-01
2.463414669036865234e-01
2.414634227752685547e-01
2.439024448394775391e-01
2.585365772247314453e-01
2.512195110321044922e-01
2.536585032939910889e-01
2.731707394123077393e-01
2.658536732196807861e-01
2.756097316741943359e-01
2.999999821186065674e-01
3.268292546272277832e-01
3.195121884346008301e-01
2.853658497333526611e-01
2.560975253582000732e-01
3.219512104988098145e-01
2.829268276691436768e-01
3.341463208198547363e-01
3.073170781135559082e-01
3.292682766914367676e-01
3.707316815853118896e-01
3.341463506221771240e-01
3.292683064937591553e-01
3.365853726863861084e-01
3.219512104988098145e-01
3.487804532051086426e-01
3.707317113876342773e-01
3.658536672592163086e-01
3.902438879013061523e-01
3.512195348739624023e-01
3.682926595211029053e-01
3.634146153926849365e-01
3.463414609432220459e-01
3.146341443061828613e-01
3.878048658370971680e-01
3.951219618320465088e-01
3.731707334518432617e-01
4.024390280246734619e-01
3.707317113876342773e-01
3.975609540939331055e-01
4.048780500888824463e-01
3.926829099655151367e-01
4.195122122764587402e-01
3.902438879013061523e-01
4.243902266025543213e-01
4.219512343406677246e-01
3.731707334518432617e-01
4.292682409286499023e-01
4.658536314964294434e-01
4.268292486667633057e-01
3.853658139705657959e-01
4.439024031162261963e-01
4.097560942173004150e-01
4.024390280246734619e-01
4.609755873680114746e-01
4.195121824741363525e-01
4.365853071212768555e-01
4.243902266025543213e-01
4.585365653038024902e-01
4.073170423507690430e-01
4.121951162815093994e-01
4.341463148593902588e-01
4.243902266025543213e-01
4.365853667259216309e-01
4.536585211753845215e-01
4.390243589878082275e-01
4.707316756248474121e-01
4.780488014221191406e-01
4.536585509777069092e-01
4.682926833629608154e-01
4.804877936840057373e-01
4.756097495555877686e-01
5.170731544494628906e-01
4.902438819408416748e-01
4.780488014221191406e-01
4.780487716197967529e-01
4.707317054271697998e-01
4.926829040050506592e-01
4.902438819408416748e-01
4.829268157482147217e-01
5.024390220642089844e-01
4.902438819408416748e-01
4.707316458225250244e-01
4.682926535606384277e-01
4.926829040050506592e-01
4.878048598766326904e-01
4.926829338073730469e-01
4.999999701976776123e-01
5.097560286521911621e-01
4.780487418174743652e-01
4.975609779357910156e-01
5.195121765136718750e-01
5.341463088989257812e-01
5.048780441284179688e-01
5.243902206420898438e-01
4.682926833629608154e-01
5.000000000000000000e-01
4.975609481334686279e-01
5.195121765136718750e-01
5.292683243751525879e-01
5.073170661926269531e-01
5.243902206420898438e-01
5.097560882568359375e-01
5.073170065879821777e-01
5.024390220642089844e-01
5.219511985778808594e-01
5.292683243751525879e-01
5.170731544494628906e-01
5.195122361183166504e-01
5.146341323852539062e-01
5.317072868347167969e-01
5.292682647705078125e-01
5.170731544494628906e-01
5.195121765136718750e-01
5.390243530273437500e-01
5.317072868347167969e-01
5.195121765136718750e-01
5.365853309631347656e-01
5.609756112098693848e-01
5.536585450172424316e-01
5.609756112098693848e-01
5.439023971557617188e-01
5.439024567604064941e-01
5.317072868347167969e-01
5.439023971557617188e-01
