1.219512149691581726e-02
1.219512149691581726e-02
1.951219327747821808e-02
1.219512149691581726e-02
1.463414542376995087e-02
2.195121906697750092e-02
1.219512149691581726e-02
1.951219327747821808e-02
1.219512149691581726e-02
1.707317121326923370e-02
1.219512149691581726e-02
1.463414542376995087e-02
1.463414542376995087e-02
1.707316935062408447e-02
1.463414542376995087e-02
1.463414542376995087e-02
1.219512149691581726e-02
1.707316935062408447e-02
1.951219514012336731e-02
1.951219514012336731e-02
2.926829084753990173e-02
2.926829084753990173e-02
1.463414542376995087e-02
1.707317121326923370e-02
2.195121906697750092e-02
2.195121720433235168e-02
1.219512149691581726e-02
2.439024299383163452e-02
4.390244185924530029e-02
1.463414635509252548e-02
4.146341234445571899e-02
3.902439400553703308e-02
4.390244185924530029e-02
4.634146392345428467e-02
4.146341234445571899e-02
4.390244185924530029e-02
5.609755963087081909e-02
5.853658542037010193e-02
7.073171436786651611e-02
8.292681723833084106e-02
6.585365533828735352e-02
8.536584675312042236e-02
6.097561120986938477e-02
7.073170691728591919e-02
6.585365533828735352e-02
7.804878056049346924e-02
1.048780456185340881e-01
9.268292784690856934e-02
1.243902444839477539e-01
1.341463327407836914e-01
1.024390161037445068e-01
1.121951192617416382e-01
1.048780530691146851e-01
1.365853697061538696e-01
1.463414728641510010e-01
1.365853548049926758e-01
1.414634138345718384e-01
1.414634138345718384e-01
1.707317084074020386e-01
1.439024358987808228e-01
1.682926863431930542e-01
1.853658556938171387e-01
1.926829069852828979e-01
1.999999880790710449e-01
2.024390250444412231e-01
2.097560912370681763e-01
2.439024150371551514e-01
2.146341353654861450e-01
2.365853488445281982e-01
2.439024448394775391e-01
2.658536732196807861e-01
2.536585330963134766e-01
2.634146213531494141e-01
2.634146511554718018e-01
2.634146213531494141e-01
2.585365772247314453e-01
2.804878056049346924e-01
3.048780560493469238e-01
2.951219677925109863e-01
3.195121884346008301e-01
2.756097614765167236e-01
3.146341443061828613e-01
2.756097614765167236e-01
3.414633870124816895e-01
3.390243947505950928e-01
3.414633870124816895e-01
3.097560703754425049e-01
3.756097555160522461e-01
3.609756231307983398e-01
3.804877996444702148e-01
3.902438879013061523e-01
3.439024388790130615e-01
3.829268217086791992e-01
3.878048658370971680e-01
3.853658437728881836e-01
3.780488073825836182e-01
3.780488073825836182e-01
4.048780202865600586e-01
3.926829397678375244e-01
4.073170721530914307e-01
3.829268515110015869e-01
4.048780500888824463e-01
4.243901968002319336e-01
4.073170721530914307e-01
4.024390280246734619e-01
4.268292486667633057e-01
4.365853369235992432e-01
4.487805068492889404e-01
4.243902266025543213e-01
4.780487716197967529e-01
4.121950864791870117e-01
4.560975432395935059e-01
4.146341383457183838e-01
4.585365653038024902e-01
4.512194991111755371e-01
4.609756171703338623e-01
4.804877638816833496e-01
4.756097495555877686e-01
4.609755575656890869e-01
4.609756469726562500e-01
4.609756171703338623e-01
4.609756171703338623e-01
5.048780441284179688e-01
5.073170661926269531e-01
4.536585211753845215e-01
5.097560882568359375e-01
4.780487418174743652e-01
5.000000000000000000e-01
4.804877936840057373e-01
4.731707274913787842e-01
4.975609779357910156e-01
4.756097495555877686e-01
5.146341323852539062e-01
4.999999701976776123e-01
5.024390220642089844e-01
4.780488014221191406e-01
4.829268455505371094e-01
4.999999701976776123e-01
5.024390220642089844e-01
4.853658378124237061e-01
5.146341323852539062e-01
4.756097495555877686e-01
5.195121765136718750e-01
5.000000000000000000e-01
5.097560882568359375e-01
5.121951103210449219e-01
5.268292427062988281e-01
5.292682647705078125e-01
5.439023971557617188e-01
5.292682647705078125e-01
5.390243530273437500e-01
5.536585450172424316e-01
5.268292427062988281e-01
5.439024567604064941e-01
4.926829040050506592e-01
5.195121765136718750e-01
5.414633750915527344e-01
4.975609481334686279e-01
5.048779845237731934e-01
5.341463088989257812e-01
5.658536553382873535e-01
5.487805008888244629e-01
5.439023971557617188e-01
5.365853309631347656e-01
5.414633750915527344e-01
5.292682647705078125e-01
5.073170661926269531e-01
5.560975670814514160e-01
5.731707215309143066e-01
5.487804412841796875e-01
5.853658318519592285e-01
5.609756112098693848e-01
5.560975074768066406e-01
5.463414192199707031e-01
5.512194633483886719e-01
5.731707215309143066e-01
5.536584854125976562e-01
5.341463088989257812e-01
5.707316994667053223e-01
5.585365891456604004e-01
5.634146332740783691e-01
5.463414788246154785e-01
5.634146332740783691e-01
5.780487656593322754e-01
5.536584854125976562e-01
5.585365891456604004e-01
5.463414192199707031e-01
5.536585450172424316e-01
5.878049135208129883e-01
5.585365891456604004e-01
5.756097435951232910e-01
5.780488252639770508e-01
5.439023971557617188e-01
5.512195229530334473e-01
5.414634346961975098e-01
5.536584854125976562e-01
5.878048539161682129e-01
5.829268097877502441e-01
5.902438759803771973e-01
5.634145736694335938e-01
