1.219512149691581726e-02
1.463414542376995087e-02
1.219512149691581726e-02
2.439024299383163452e-02
1.219512149691581726e-02
1.951219327747821808e-02
2.439024299383163452e-02
1.463414542376995087e-02
4.878048785030841827e-03
2.439024299383163452e-02
1.463414542376995087e-02
2.926829084753990173e-02
1.219512149691581726e-02
1.951219327747821808e-02
4.878048785030841827e-03
1.707317121326923370e-02
9.756097570061683655e-03
1.951219514012336731e-02
2.195121906697750092e-02
1.463414542376995087e-02
7.317073177546262741e-03
7.317073177546262741e-03
1.951219514012336731e-02
1.707316935062408447e-02
1.707316935062408447e-02
2.926829271018505096e-02
2.195121906697750092e-02
1.707316935062408447e-02
2.682926692068576813e-02
3.414633870124816895e-02
1.707316935062408447e-02
1.463414542376995087e-02
4.634146392345428467e-02
3.170731663703918457e-02
2.682926878333091736e-02
3.658536449074745178e-02
3.414633870124816895e-02
3.170731663703918457e-02
5.121951177716255188e-02
3.170731663703918457e-02
5.121951177716255188e-02
5.121951177716255188e-02
5.365853756666183472e-02
5.365853756666183472e-02
4.634146392345428467e-02
6.585365533828735352e-02
4.634146392345428467e-02
6.585365533828735352e-02
9.268292039632797241e-02
8.048781007528305054e-02
6.341463327407836914e-02
9.024389833211898804e-02
8.536585420370101929e-02
1.097560971975326538e-01
1.121951192617416382e-01
8.780487626791000366e-02
9.756097197532653809e-02
9.024389833211898804e-02
1.195122003555297852e-01
1.219512224197387695e-01
1.073170825839042664e-01
1.170731782913208008e-01
1.439024358987808228e-01
1.536585390567779541e-01
1.317073106765747070e-01
1.292682886123657227e-01
1.414634138345718384e-01
1.536585539579391479e-01
1.439024358987808228e-01
1.219512224197387695e-01
1.634146273136138916e-01
1.634146273136138916e-01
1.756097376346588135e-01
1.756097525358200073e-01
1.829268187284469604e-01
2.073170691728591919e-01
1.682926714420318604e-01
2.024390250444412231e-01
2.243902385234832764e-01
2.170731723308563232e-01
2.073170691728591919e-01
2.390243858098983765e-01
2.243902236223220825e-01
2.146341502666473389e-01
2.073170691728591919e-01
2.219512015581130981e-01
2.317073047161102295e-01
2.243902385234832764e-01
2.341463416814804077e-01
2.341463565826416016e-01
2.756097316741943359e-01
2.487804889678955078e-01
2.439024299383163452e-01
2.682926654815673828e-01
2.634146511554718018e-01
2.780487835407257080e-01
2.926829159259796143e-01
2.853658497333526611e-01
2.853658497333526611e-01
2.560975551605224609e-01
2.658536434173583984e-01
3.073170483112335205e-01
2.780487835407257080e-01
3.121950924396514893e-01
3.195121884346008301e-01
3.292682766914367676e-01
3.170731663703918457e-01
3.243902325630187988e-01
3.317073583602905273e-01
3.170731663703918457e-01
3.195121884346008301e-01
3.512195050716400146e-01
3.243902325630187988e-01
3.195122182369232178e-01
3.414634466171264648e-01
3.292683064937591553e-01
3.439024090766906738e-01
3.243902325630187988e-01
3.585366010665893555e-01
3.536585569381713867e-01
3.634146451950073242e-01
3.585366010665893555e-01
3.731707334518432617e-01
3.658536672592163086e-01
4.121951162815093994e-01
4.048780500888824463e-01
3.780488073825836182e-01
3.634146451950073242e-01
3.731707334518432617e-01
3.609756231307983398e-01
3.902439177036285400e-01
4.121951162815093994e-01
3.731707334518432617e-01
3.975609838962554932e-01
4.195122122764587402e-01
3.536585569381713867e-01
3.780487775802612305e-01
3.878048658370971680e-01
3.926829397678375244e-01
4.365853667259216309e-01
4.048780500888824463e-01
4.097561240196228027e-01
4.268292784690856934e-01
3.951219320297241211e-01
4.097560942173004150e-01
4.073170423507690430e-01
4.170731604099273682e-01
4.390244185924530029e-01
4.463414549827575684e-01
4.243902266025543213e-01
4.341463446617126465e-01
4.512195289134979248e-01
4.414633810520172119e-01
4.292683005332946777e-01
4.536585211753845215e-01
4.317072927951812744e-01
4.634146094322204590e-01
4.487804472446441650e-01
4.609756171703338623e-01
4.146341681480407715e-01
4.609756171703338623e-01
4.463414847850799561e-01
4.585365951061248779e-01
4.195122122764587402e-01
4.756097495555877686e-01
4.414634108543395996e-01
4.756097197532653809e-01
4.512194991111755371e-01
4.829268157482147217e-01
4.634146094322204590e-01
5.121951103210449219e-01
4.804878234863281250e-01
4.731706976890563965e-01
4.487804770469665527e-01
4.634146094322204590e-01
4.536585509777069092e-01
5.048780441284179688e-01
4.682926833629608154e-01
5.121951103210449219e-01
4.829268157482147217e-01
4.756097495555877686e-01
4.951219260692596436e-01
4.878048300743103027e-01
4.951219260692596436e-01
5.048780441284179688e-01
5.024390220642089844e-01
4.707317352294921875e-01
5.097560882568359375e-01
4.999999701976776123e-01
4.731707274913787842e-01
4.512194991111755371e-01
5.243902206420898438e-01
5.024390220642089844e-01
4.975609779357910156e-01
4.829268455505371094e-01
4.853658378124237061e-01
5.292683243751525879e-01
5.048780441284179688e-01
4.951219260692596436e-01
5.195121765136718750e-01
