9.756231307983398438e-01
1.868826389312744141e+00
2.736714601516723633e+00
3.604446649551391602e+00
4.486758232116699219e+00
5.348891735076904297e+00
6.251640796661376953e+00
7.119364738464355469e+00
7.988010168075561523e+00
8.869775772094726562e+00
9.755482196807861328e+00
1.064316248893737793e+01
1.150693154335021973e+01
1.239428615570068359e+01
1.335744047164916992e+01
1.421814179420471191e+01
1.510667324066162109e+01
1.600048851966857910e+01
1.689630985260009766e+01
1.781104254722595215e+01
1.871482276916503906e+01
1.966832804679870605e+01
2.054531264305114746e+01
2.143151807785034180e+01
2.230659317970275879e+01
2.326654720306396484e+01
2.412321281433105469e+01
2.500792694091796875e+01
2.587864732742309570e+01
2.676301693916320801e+01
2.763508915901184082e+01
2.853097295761108398e+01
2.939658045768737793e+01
3.027630257606506348e+01
3.119002795219421387e+01
3.207570600509643555e+01
3.296214532852172852e+01
3.387104701995849609e+01
3.476101589202880859e+01
3.573170804977416992e+01
3.660538434982299805e+01
3.749013328552246094e+01
3.836983418464660645e+01
3.926161050796508789e+01
4.013634657859802246e+01
4.102504539489746094e+01
4.191880655288696289e+01
4.281447958946228027e+01
4.370200252532958984e+01
4.466000604629516602e+01
4.554876303672790527e+01
4.652705574035644531e+01
4.756388688087463379e+01
4.864374327659606934e+01
4.973762583732604980e+01
5.083957362174987793e+01
5.198849010467529297e+01
5.314339852333068848e+01
5.407226157188415527e+01
5.499299120903015137e+01
5.590271377563476562e+01
5.679543900489807129e+01
5.766867995262145996e+01
5.856688523292541504e+01
5.946264886856079102e+01
6.034041643142700195e+01
6.120710158348083496e+01
6.211382985115051270e+01
6.304658532142639160e+01
6.394029879570007324e+01
6.479999828338623047e+01
6.569470596313476562e+01
6.659039783477783203e+01
6.750012350082397461e+01
6.847588992118835449e+01
6.937272810935974121e+01
7.024641871452331543e+01
7.115509915351867676e+01
7.216588950157165527e+01
7.330781936645507812e+01
7.441987705230712891e+01
7.548274302482604980e+01
7.636237311363220215e+01
7.722864747047424316e+01
7.809879875183105469e+01
7.897448158264160156e+01
7.986726856231689453e+01
8.075202393531799316e+01
8.167079281806945801e+01
8.261259365081787109e+01
8.351439309120178223e+01
8.442011332511901855e+01
8.539878678321838379e+01
8.638658118247985840e+01
8.725326681137084961e+01
8.812594223022460938e+01
8.901365756988525391e+01
8.993537259101867676e+01
9.085121417045593262e+01
9.173092341423034668e+01
9.261261725425720215e+01
9.351037836074829102e+01
9.439508676528930664e+01
9.530187344551086426e+01
9.619558572769165039e+01
9.714484834671020508e+01
9.804405784606933594e+01
9.895429730415344238e+01
9.982854342460632324e+01
1.007292459011077881e+02
1.016444301605224609e+02
1.025376687049865723e+02
1.034214746952056885e+02
1.043546957969665527e+02
1.054070868492126465e+02
1.065259788036346436e+02
1.076158635616302490e+02
1.088033561706542969e+02
1.100118200778961182e+02
1.110707292556762695e+02
1.119774603843688965e+02
1.129082102775573730e+02
1.137959730625152588e+02
1.147056889533996582e+02
1.155914885997772217e+02
1.164951937198638916e+02
1.173869006633758545e+02
1.183671562671661377e+02
1.192728726863861084e+02
1.201600790023803711e+02
1.210567798614501953e+02
1.221067287921905518e+02
1.230454528331756592e+02
1.239521906375885010e+02
1.248418724536895752e+02
1.257476713657379150e+02
1.266393973827362061e+02
1.275561659336090088e+02
1.284558837413787842e+02
1.293946413993835449e+02
1.303013322353363037e+02
1.312431361675262451e+02
1.321819062232971191e+02
1.330786600112915039e+02
1.339969301223754883e+02
1.348941469192504883e+02
1.358268752098083496e+02
1.366976008415222168e+02
1.375923657417297363e+02
1.385961551666259766e+02
1.395679306983947754e+02
1.405437581539154053e+02
1.414851315021514893e+02
1.423692593574523926e+02
1.432744941711425781e+02
1.441812260150909424e+02
1.451024670600891113e+02
1.460181941986083984e+02
1.469459738731384277e+02
1.478376300334930420e+02
1.487453806400299072e+02
1.496591002941131592e+02
1.505858595371246338e+02
1.514875791072845459e+02
1.523973145484924316e+02
1.533241407871246338e+02
1.542718958854675293e+02
1.551657278537750244e+02
1.560704224109649658e+02
1.569761760234832764e+02
1.578698813915252686e+02
1.587795984745025635e+02
1.597174267768859863e+02
1.606351785659790039e+02
1.615200126171112061e+02
1.624317388534545898e+02
1.633504705429077148e+02
1.642491633892059326e+02
1.651984152793884277e+02
1.661126337051391602e+02
1.670333671569824219e+02
1.679600918292999268e+02
1.689148459434509277e+02
1.698355774879455566e+02
1.707462782859802246e+02
1.716681427955627441e+02
1.725948739051818848e+02
1.735065705776214600e+02
1.744173200130462646e+02
1.753611342906951904e+02
1.762788758277893066e+02
1.771845941543579102e+02
1.781193454265594482e+02
1.790220532417297363e+02
1.799008009433746338e+02
1.807944965362548828e+02
1.817283096313476562e+02
1.826190152168273926e+02
1.835298035144805908e+02
1.844436495304107666e+02
