1.181047916412353516e+00
2.221899032592773438e+00
3.299250841140747070e+00
4.366589784622192383e+00
5.420436143875122070e+00
6.464325428009033203e+00
7.505652427673339844e+00
8.552969217300415039e+00
9.572767257690429688e+00
1.060126161575317383e+01
1.169062566757202148e+01
1.281853699684143066e+01
1.385034298896789551e+01
1.490269255638122559e+01
1.595310902595520020e+01
1.700943088531494141e+01
1.806285119056701660e+01
1.910728693008422852e+01
2.012140536308288574e+01
2.148148846626281738e+01
2.252238178253173828e+01
2.358328342437744141e+01
2.461710977554321289e+01
2.565295219421386719e+01
2.668676042556762695e+01
2.774867177009582520e+01
2.879749369621276855e+01
2.986494040489196777e+01
3.090825152397155762e+01
3.200417661666870117e+01
3.301947903633117676e+01
3.406793355941772461e+01
3.510272741317749023e+01
3.616155862808227539e+01
3.721639561653137207e+01
3.826127886772155762e+01
3.931816196441650391e+01
4.037001013755798340e+01
4.139881300926208496e+01
4.245865011215209961e+01
4.350954556465148926e+01
4.457741141319274902e+01
4.572933506965637207e+01
4.675355172157287598e+01
4.782140445709228516e+01
4.888212656974792480e+01
4.993495249748229980e+01
5.099078154563903809e+01
5.203810048103332520e+01
5.307040786743164062e+01
5.409621191024780273e+01
5.518307209014892578e+01
5.626492214202880859e+01
5.734178662300109863e+01
5.840562105178833008e+01
5.951657485961914062e+01
6.054138755798339844e+01
6.164181518554687500e+01
6.269718766212463379e+01
6.374301648139953613e+01
6.480189108848571777e+01
6.586476230621337891e+01
6.689657235145568848e+01
6.794997286796569824e+01
6.901631045341491699e+01
7.007914781570434570e+01
7.112853479385375977e+01
7.218588232994079590e+01
7.323670363426208496e+01
7.429261636734008789e+01
7.534900355339050293e+01
7.643034696578979492e+01
7.746119880676269531e+01
7.852303147315979004e+01
7.957688832283020020e+01
8.062570047378540039e+01
8.168054437637329102e+01
8.272643136978149414e+01
8.378831100463867188e+01
8.483219623565673828e+01
8.588704490661621094e+01
8.694889760017395020e+01
8.800873613357543945e+01
8.911469388008117676e+01
9.019155097007751465e+01
9.128196597099304199e+01
9.232329702377319336e+01
9.340218329429626465e+01
9.447406005859375000e+01
9.552688932418823242e+01
9.661178708076477051e+01
9.771669983863830566e+01
9.880760455131530762e+01
9.988644695281982422e+01
1.009019446372985840e+02
1.019682831764221191e+02
1.030361199378967285e+02
1.041144959926605225e+02
1.055311069488525391e+02
1.066166288852691650e+02
1.076989796161651611e+02
1.087748169898986816e+02
1.098186492919921875e+02
1.108866627216339111e+02
1.119572989940643311e+02
1.131272706985473633e+02
1.141841633319854736e+02
1.152610087394714355e+02
1.163818902969360352e+02
1.174433190822601318e+02
1.185046505928039551e+02
1.195835764408111572e+02
1.206494171619415283e+02
1.217242622375488281e+02
1.227700822353363037e+02
1.238210017681121826e+02
1.249240839481353760e+02
1.259789345264434814e+02
1.270477688312530518e+02
1.281126165390014648e+02
1.292019863128662109e+02
1.302841467857360840e+02
1.313541202545166016e+02
1.325120496749877930e+02
1.335919182300567627e+02
1.346628994941711426e+02
1.357247433662414551e+02
1.367875766754150391e+02
1.378394124507904053e+02
1.388952598571777344e+02
1.399631524085998535e+02
1.410390257835388184e+02
1.421074249744415283e+02
1.431687486171722412e+02
1.442551558017730713e+02
1.453174958229064941e+02
1.463723340034484863e+02
1.474232337474822998e+02
1.485111086368560791e+02
1.497030646800994873e+02
1.507739717960357666e+02
1.518658494949340820e+02
1.529507317543029785e+02
1.540170772075653076e+02
1.550694830417633057e+02
1.561223356723785400e+02
1.571921713352203369e+02
1.582891218662261963e+02
1.593430294990539551e+02
1.604028551578521729e+02
1.615888018608093262e+02
1.626876733303070068e+02
1.638716301918029785e+02
1.650285174846649170e+02
1.660743644237518311e+02
1.671382017135620117e+02
1.682190876007080078e+02
1.692880167961120605e+02
1.703566153049468994e+02
1.714579913616180420e+02
1.725108036994934082e+02
1.735986709594726562e+02
1.746565470695495605e+02
1.757163593769073486e+02
1.768182802200317383e+02
1.779072506427764893e+02
1.789861140251159668e+02
1.800889716148376465e+02
1.811578199863433838e+02
1.822402918338775635e+02
1.833126478195190430e+02
1.844185187816619873e+02
1.854983549118041992e+02
1.866022241115570068e+02
1.876981008052825928e+02
1.887829463481903076e+02
1.898868949413299561e+02
1.909507339000701904e+02
1.920005650520324707e+02
1.931024804115295410e+02
1.941893475055694580e+02
1.953092987537384033e+02
1.963851437568664551e+02
1.974640319347381592e+02
1.985358719825744629e+02
1.996217818260192871e+02
2.006896319389343262e+02
2.017625331878662109e+02
2.028398959636688232e+02
2.039462997913360596e+02
2.050647215843200684e+02
2.061911098957061768e+02
2.072449376583099365e+02
2.083328583240509033e+02
2.094448077678680420e+02
2.105306670665740967e+02
2.116480977535247803e+02
2.127234535217285156e+02
2.138213858604431152e+02
2.149022374153137207e+02
