1.722223281860351562e+00
3.174254655838012695e+00
4.699838399887084961e+00
6.302072286605834961e+00
8.086730480194091797e+00
9.672376155853271484e+00
1.133145356178283691e+01
1.291778159141540527e+01
1.439464807510375977e+01
1.600286388397216797e+01
1.758902573585510254e+01
1.918502640724182129e+01
2.086009716987609863e+01
2.251064395904541016e+01
2.415536236763000488e+01
2.577837061882019043e+01
2.747857832908630371e+01
2.917360162734985352e+01
3.070719075202941895e+01
3.233784914016723633e+01
3.384291934967041016e+01
3.548088335990905762e+01
3.724762916564941406e+01
3.894583654403686523e+01
4.049109697341918945e+01
4.195713877677917480e+01
4.348238897323608398e+01
4.501943135261535645e+01
4.696212935447692871e+01
4.886578798294067383e+01
5.081717491149902344e+01
5.333468294143676758e+01
5.506642007827758789e+01
5.686040186882019043e+01
5.868804335594177246e+01
6.026266217231750488e+01
6.177874851226806641e+01
6.350142264366149902e+01
6.538525557518005371e+01
6.748950529098510742e+01
6.907363057136535645e+01
7.096997809410095215e+01
7.305912995338439941e+01
7.487688875198364258e+01
7.671557664871215820e+01
7.843126749992370605e+01
8.043592572212219238e+01
8.254139328002929688e+01
8.452461218833923340e+01
8.658907818794250488e+01
8.959206962585449219e+01
9.142036700248718262e+01
9.302450752258300781e+01
9.501363253593444824e+01
9.689617323875427246e+01
9.878937458992004395e+01
1.005137994289398193e+02
1.025188457965850830e+02
1.044893786907196045e+02
1.062050387859344482e+02
1.076730196475982666e+02
1.092175672054290771e+02
1.111893622875213623e+02
1.133309147357940674e+02
1.149405581951141357e+02
1.167499516010284424e+02
1.198682489395141602e+02
1.221725187301635742e+02
1.240875258445739746e+02
1.270856442451477051e+02
1.295537209510803223e+02
1.316977648735046387e+02
1.334251565933227539e+02
1.352028098106384277e+02
1.368229818344116211e+02
1.387588851451873779e+02
1.404145615100860596e+02
1.425645890235900879e+02
1.444863536357879639e+02
1.463316631317138672e+02
1.481422429084777832e+02
1.496943454742431641e+02
1.530394320487976074e+02
1.556373853683471680e+02
1.578060824871063232e+02
1.596118655204772949e+02
1.623388028144836426e+02
1.663536541461944580e+02
1.684126174449920654e+02
1.736088230609893799e+02
1.755151774883270264e+02
1.789233174324035645e+02
1.835641155242919922e+02
1.886687417030334473e+02
1.919295661449432373e+02
2.019086546897888184e+02
2.089126520156860352e+02
2.137578942775726318e+02
2.249588513374328613e+02
2.284508326053619385e+02
2.305503249168395996e+02
2.333793334960937500e+02
2.359051280021667480e+02
2.380816595554351807e+02
2.397297592163085938e+02
2.416856489181518555e+02
2.445792038440704346e+02
2.471635522842407227e+02
2.491208763122558594e+02
2.510156714916229248e+02
2.529556238651275635e+02
2.547514100074768066e+02
2.565957028865814209e+02
2.583773934841156006e+02
2.598657977581024170e+02
2.614393846988677979e+02
2.633229951858520508e+02
2.654542083740234375e+02
2.675426917076110840e+02
2.699665229320526123e+02
2.719753980636596680e+02
2.743420274257659912e+02
2.764786546230316162e+02
2.786802184581756592e+02
2.803449726104736328e+02
2.826541128158569336e+02
2.847853760719299316e+02
2.879516253471374512e+02
2.901684765815734863e+02
2.921766536235809326e+02
2.943276996612548828e+02
2.962916042804718018e+02
2.983324697017669678e+02
2.999864041805267334e+02
3.016951181888580322e+02
3.032715117931365967e+02
3.053728721141815186e+02
3.069077122211456299e+02
3.084337975978851318e+02
3.103383152484893799e+02
3.120028612613677979e+02
3.136069560050964355e+02
3.152346124649047852e+02
3.168082530498504639e+02
3.185704691410064697e+02
3.202182753086090088e+02
3.218789560794830322e+02
3.235776617527008057e+02
3.255749752521514893e+02
3.276263554096221924e+02
3.294985716342926025e+02
3.313512618541717529e+02
3.332033939361572266e+02
3.355068743228912354e+02
3.372826044559478760e+02
3.388673434257507324e+02
3.406928927898406982e+02
3.428250370025634766e+02
3.449586527347564697e+02
3.474350194931030273e+02
3.496345832347869873e+02
3.515759601593017578e+02
3.538099319934844971e+02
3.557809836864471436e+02
3.577384953498840332e+02
3.596614530086517334e+02
3.621291809082031250e+02
3.644002337455749512e+02
3.665436420440673828e+02
3.691894564628601074e+02
3.714033102989196777e+02
3.732956624031066895e+02
3.754330737590789795e+02
3.775361194610595703e+02
3.797751321792602539e+02
3.815897486209869385e+02
3.831388514041900635e+02
3.849907743930816650e+02
3.869431526660919189e+02
3.885985114574432373e+02
3.901456100940704346e+02
3.919698586463928223e+02
3.936090238094329834e+02
3.954668431282043457e+02
3.970144038200378418e+02
3.985940358638763428e+02
4.005324122905731201e+02
4.035569529533386230e+02
4.054000978469848633e+02
4.069652097225189209e+02
4.089487793445587158e+02
4.111673521995544434e+02
4.131477384567260742e+02
4.149369900226593018e+02
4.172691264152526855e+02
4.195671207904815674e+02
4.229391407966613770e+02
4.254242856502532959e+02
4.276776587963104248e+02
4.300382678508758545e+02
