1.091879606246948242e+00
2.080667018890380859e+00
3.079438686370849609e+00
4.056205749511718750e+00
5.032057285308837891e+00
6.013825654983520508e+00
6.971582412719726562e+00
7.926846504211425781e+00
8.884083747863769531e+00
9.865903377532958984e+00
1.086871576309204102e+01
1.184849953651428223e+01
1.283828353881835938e+01
1.381813359260559082e+01
1.479490971565246582e+01
1.577472805976867676e+01
1.675950956344604492e+01
1.772027730941772461e+01
1.871006989479064941e+01
1.970690035820007324e+01
2.071079826354980469e+01
2.170857858657836914e+01
2.270938253402709961e+01
2.369917464256286621e+01
2.465793514251708984e+01
2.562669062614440918e+01
2.662352561950683594e+01
2.760242819786071777e+01
2.861029195785522461e+01
2.961707067489624023e+01
3.061785721778869629e+01
3.159865498542785645e+01
3.259848022460937500e+01
3.360232114791870117e+01
3.458024501800537109e+01
3.557902836799621582e+01
3.656380414962768555e+01
3.756961441040039062e+01
3.866648936271667480e+01
3.964369606971740723e+01
4.063601398468017578e+01
4.161877989768981934e+01
4.258356475830078125e+01
4.355035924911499023e+01
4.453113937377929688e+01
4.557407832145690918e+01
4.657088136672973633e+01
4.755114316940307617e+01
4.853142714500427246e+01
4.951328444480895996e+01
5.052110433578491211e+01
5.151190471649169922e+01
5.249669933319091797e+01
5.349356365203857422e+01
5.448835849761962891e+01
5.547215747833251953e+01
5.645444917678833008e+01
5.745523810386657715e+01
5.842552423477172852e+01
5.939529156684875488e+01
6.040417551994323730e+01
6.141598534584045410e+01
6.238676309585571289e+01
6.338556671142578125e+01
6.436137962341308594e+01
6.534516048431396484e+01
6.633095049858093262e+01
6.730573439598083496e+01
6.828249883651733398e+01
6.926529884338378906e+01
7.026217508316040039e+01
7.138056182861328125e+01
7.266208338737487793e+01
7.395323586463928223e+01
7.525126743316650391e+01
7.647974658012390137e+01
7.746707987785339355e+01
7.847437810897827148e+01
7.975289916992187500e+01
8.073974514007568359e+01
8.174653816223144531e+01
8.274534535408020020e+01
8.375118899345397949e+01
8.474799442291259766e+01
8.575582861900329590e+01
8.675063419342041016e+01
8.774441790580749512e+01
8.874835419654846191e+01
8.975114393234252930e+01
9.076346445083618164e+01
9.177523875236511230e+01
9.278953838348388672e+01
9.385285854339599609e+01
9.484270381927490234e+01
9.585551333427429199e+01
9.684527873992919922e+01
9.794215941429138184e+01
9.892694497108459473e+01
9.990970277786254883e+01
1.008994846343994141e+02
1.020093855857849121e+02
1.029975879192352295e+02
1.040078670978546143e+02
1.050206878185272217e+02
1.060805196762084961e+02
1.071683692932128906e+02
1.081922309398651123e+02
1.091950230598449707e+02
1.101830143928527832e+02
1.111898138523101807e+02
1.123738067150115967e+02
1.133916139602661133e+02
1.143913819789886475e+02
1.154272046089172363e+02
1.164330010414123535e+02
1.174607915878295898e+02
1.184746477603912354e+02
1.194764332771301270e+02
1.204972245693206787e+02
1.214980289936065674e+02
1.224747886657714844e+02
1.235266542434692383e+02
1.245474689006805420e+02
1.255372133255004883e+02
1.265329973697662354e+02
1.275508260726928711e+02
1.285496256351470947e+02
1.295695693492889404e+02
1.306314160823822021e+02
1.316943080425262451e+02
1.326990942955017090e+02
1.336938912868499756e+02
1.347026953697204590e+02
1.356824688911437988e+02
1.367122831344604492e+02
1.377246997356414795e+02
1.387099862098693848e+02
1.397428827285766602e+02
1.407516868114471436e+02
1.417594971656799316e+02
1.427893152236938477e+02
1.438181984424591064e+02
1.448430151939392090e+02
1.458428003787994385e+02
1.468776295185089111e+02
1.479165196418762207e+02
1.489313204288482666e+02
1.499481735229492188e+02
1.509499297142028809e+02
1.519577257633209229e+02
1.529696600437164307e+02
1.539984724521636963e+02
1.550723590850830078e+02
1.561022553443908691e+02
1.571601002216339111e+02
1.582084019184112549e+02
1.592327115535736084e+02
1.602164940834045410e+02
1.612272942066192627e+02
1.622261080741882324e+02
1.632340219020843506e+02
1.642558214664459229e+02
1.652856819629669189e+02
1.664000978469848633e+02
1.674179313182830811e+02
1.684214620590209961e+02
1.694393045902252197e+02
1.704511342048645020e+02
1.714731497764587402e+02
1.724889028072357178e+02
1.735077476501464844e+02
1.745385415554046631e+02
1.755783643722534180e+02
1.766271929740905762e+02
1.776660215854644775e+02
1.786737821102142334e+02
1.796925935745239258e+02
1.807253909111022949e+02
1.817372112274169922e+02
1.827655079364776611e+02
1.838118338584899902e+02
1.848436725139617920e+02
1.858964977264404297e+02
1.869363315105438232e+02
1.879361312389373779e+02
1.889765822887420654e+02
1.900148923397064209e+02
1.910316848754882812e+02
1.920544869899749756e+02
1.930603706836700439e+02
1.941111967563629150e+02
1.951329939365386963e+02
1.961439750194549561e+02
1.971487505435943604e+02
1.981665492057800293e+02
1.991748635768890381e+02
2.001901664733886719e+02
2.013160614967346191e+02
2.023148479461669922e+02
2.033216266632080078e+02
