1.587301678955554962e-02
2.442002482712268829e-02
2.075702138245105743e-02
1.343101356178522110e-02
2.197802253067493439e-02
1.343101356178522110e-02
1.709401793777942657e-02
1.953602023422718048e-02
2.319902367889881134e-02
2.564102783799171448e-02
1.465201564133167267e-02
2.442002482712268829e-02
9.768010117113590240e-03
2.319902554154396057e-02
2.075702138245105743e-02
1.709401793777942657e-02
1.831501908600330353e-02
2.564102597534656525e-02
1.953602023422718048e-02
2.197802253067493439e-02
2.808302827179431915e-02
2.442002482712268829e-02
2.319902367889881134e-02
3.540903702378273010e-02
3.296703472733497620e-02
3.785103932023048401e-02
3.540903702378273010e-02
3.785103932023048401e-02
3.663003817200660706e-02
4.517704620957374573e-02
4.639804735779762268e-02
5.128205195069313049e-02
5.494505539536476135e-02
5.860805884003639221e-02
6.593406945466995239e-02
7.203907519578933716e-02
6.593406945466995239e-02
6.837607175111770630e-02
9.645909816026687622e-02
7.814408093690872192e-02
9.401709586381912231e-02
9.645909816026687622e-02
8.669108897447586060e-02
9.890110045671463013e-02
1.221001222729682922e-01
1.184371188282966614e-01
1.330891400575637817e-01
1.355311423540115356e-01
1.391941457986831665e-01
1.208791285753250122e-01
1.428571492433547974e-01
1.855921894311904907e-01
1.697191745042800903e-01
1.562881618738174438e-01
1.916971951723098755e-01
2.051282078027725220e-01
2.002442032098770142e-01
2.100122123956680298e-01
2.173382192850112915e-01
2.210012376308441162e-01
2.332112491130828857e-01
2.710622847080230713e-01
2.576312720775604248e-01
2.673992812633514404e-01
2.564102709293365479e-01
2.857142984867095947e-01
2.771672904491424561e-01
3.040293157100677490e-01
2.930403053760528564e-01
3.223443329334259033e-01
3.284493386745452881e-01
3.272283375263214111e-01
3.345543444156646729e-01
3.528693616390228271e-01
3.650793731212615967e-01
3.797313868999481201e-01
3.565323650836944580e-01
3.528693616390228271e-01
3.675213754177093506e-01
3.870573937892913818e-01
3.919413983821868896e-01
3.968254029750823975e-01
4.297924339771270752e-01
4.285714626312255859e-01
4.285714328289031982e-01
4.114774465560913086e-01
4.188034236431121826e-01
4.236874282360076904e-01
4.249084293842315674e-01
4.395604729652404785e-01
4.212454557418823242e-01
4.761904776096343994e-01
4.517704844474792480e-01
4.627594947814941406e-01
4.713064730167388916e-01
4.884005188941955566e-01
4.639804661273956299e-01
4.847375154495239258e-01
5.042735338211059570e-01
4.896215200424194336e-01
4.932845234870910645e-01
5.140415430068969727e-01
5.347985625267028809e-01
5.067155361175537109e-01
5.262515544891357422e-01
5.311355590820312500e-01
5.152625441551208496e-01
5.323565602302551270e-01
5.421245694160461426e-01
5.152625441551208496e-01
5.299145579338073730e-01
5.641025900840759277e-01
5.592185854911804199e-01
5.567765831947326660e-01
5.543345808982849121e-01
5.494505763053894043e-01
5.286935567855834961e-01
5.592185854911804199e-01
5.958486199378967285e-01
5.628815889358520508e-01
5.616605877876281738e-01
5.689865946769714355e-01
5.433455705642700195e-01
5.787546038627624512e-01
6.019536256790161133e-01
5.604395866394042969e-01
5.628815889358520508e-01
6.080586314201354980e-01
5.811966061592102051e-01
5.763126015663146973e-01
5.763126015663146973e-01
6.043956279754638672e-01
5.946276187896728516e-01
6.129426360130310059e-01
5.970696210861206055e-01
5.885226130485534668e-01
5.934066176414489746e-01
6.275946497917175293e-01
6.288156509399414062e-01
5.885226130485534668e-01
6.043956279754638672e-01
5.763126015663146973e-01
6.153846383094787598e-01
6.446886658668518066e-01
6.239316463470458984e-01
6.263736486434936523e-01
6.446886658668518066e-01
6.214896440505981445e-01
6.300366520881652832e-01
6.190476417541503906e-01
6.092796325683593750e-01
6.385836601257324219e-01
6.214896440505981445e-01
6.263736486434936523e-01
6.239316463470458984e-01
6.324786543846130371e-01
6.581196784973144531e-01
6.495726704597473145e-01
6.520146727561950684e-01
6.385836601257324219e-01
6.654456853866577148e-01
6.495726704597473145e-01
6.434676647186279297e-01
6.129426360130310059e-01
6.630036830902099609e-01
6.275946497917175293e-01
6.507936716079711914e-01
6.422466635704040527e-01
6.471306681632995605e-01
6.275946497917175293e-01
6.532356739044189453e-01
6.495726704597473145e-01
6.617826819419860840e-01
6.617826819419860840e-01
6.495726704597473145e-01
6.459096670150756836e-01
6.630036830902099609e-01
6.556776762008666992e-01
6.532356739044189453e-01
6.630036830902099609e-01
6.532356739044189453e-01
6.654456853866577148e-01
6.654456853866577148e-01
6.947497129440307617e-01
6.495726704597473145e-01
6.532356739044189453e-01
6.568986773490905762e-01
6.800976991653442383e-01
6.642246842384338379e-01
6.837607026100158691e-01
6.800976991653442383e-01
7.008547186851501465e-01
6.837607026100158691e-01
6.825397014617919922e-01
6.727716922760009766e-01
6.739926934242248535e-01
6.862027049064636230e-01
6.996337175369262695e-01
6.727716922760009766e-01
6.703296899795532227e-01
