2.075702138245105743e-02
1.587301678955554962e-02
1.465201471000909805e-02
2.075702138245105743e-02
1.709401793777942657e-02
1.343101356178522110e-02
2.686202898621559143e-02
1.831501908600330353e-02
1.343101449310779572e-02
2.564102597534656525e-02
1.343101449310779572e-02
1.465201471000909805e-02
2.075702138245105743e-02
4.029304161667823792e-02
2.197802253067493439e-02
2.564102597534656525e-02
1.587301678955554962e-02
2.197802253067493439e-02
3.296703472733497620e-02
2.808302827179431915e-02
3.540903702378273010e-02
2.319902367889881134e-02
3.540903702378273010e-02
3.052503243088722229e-02
4.395604506134986877e-02
4.517704620957374573e-02
4.761904850602149963e-02
6.227106600999832153e-02
6.593406945466995239e-02
5.250305309891700745e-02
6.593406945466995239e-02
7.081807404756546021e-02
7.448107749223709106e-02
1.001221016049385071e-01
9.768009930849075317e-02
9.768009930849075317e-02
1.294261366128921509e-01
1.147741228342056274e-01
1.440781503915786743e-01
1.416361480951309204e-01
1.611721664667129517e-01
2.002442032098770142e-01
1.794871836900711060e-01
1.978022158145904541e-01
1.965812146663665771e-01
1.953601986169815063e-01
2.393162548542022705e-01
2.222222238779067993e-01
2.405372560024261475e-01
2.527472674846649170e-01
2.661782801151275635e-01
3.003663122653961182e-01
2.673992812633514404e-01
2.979243099689483643e-01
3.186813294887542725e-01
3.406593799591064453e-01
3.235653340816497803e-01
3.199023306369781494e-01
3.369963467121124268e-01
3.992674052715301514e-01
3.650793731212615967e-01
3.699633777141571045e-01
3.907203972339630127e-01
4.078144431114196777e-01
4.029304385185241699e-01
4.371184706687927246e-01
4.151404500007629395e-01
4.126984477043151855e-01
4.188034534454345703e-01
4.627594947814941406e-01
4.444444477558135986e-01
4.505494832992553711e-01
4.603174924850463867e-01
4.774115085601806641e-01
4.969475269317626953e-01
4.945055246353149414e-01
4.859585165977478027e-01
4.774115085601806641e-01
5.372405648231506348e-01
5.042735338211059570e-01
4.896215200424194336e-01
4.981685280799865723e-01
5.360195636749267578e-01
5.238095521926879883e-01
5.323565602302551270e-01
5.201465487480163574e-01
5.274725556373596191e-01
5.421245694160461426e-01
5.506715774536132812e-01
5.470085740089416504e-01
5.604395866394042969e-01
5.616605877876281738e-01
5.384615659713745117e-01
5.799756050109863281e-01
5.750916004180908203e-01
5.738705992698669434e-01
5.738705992698669434e-01
5.738705992698669434e-01
5.641025900840759277e-01
5.885226130485534668e-01
5.506715774536132812e-01
6.031746268272399902e-01
5.677655935287475586e-01
5.653235912322998047e-01
6.092796325683593750e-01
6.068376302719116211e-01
6.019536256790161133e-01
5.787546038627624512e-01
5.982906222343444824e-01
6.080586314201354980e-01
6.019536256790161133e-01
6.105006337165832520e-01
6.043956279754638672e-01
6.080586314201354980e-01
6.202686429023742676e-01
6.227106451988220215e-01
5.921856164932250977e-01
6.361416578292846680e-01
6.361416578292846680e-01
6.251526474952697754e-01
6.300366520881652832e-01
6.178266406059265137e-01
6.288156509399414062e-01
6.300366520881652832e-01
6.275946497917175293e-01
6.349206566810607910e-01
6.336996555328369141e-01
6.251526474952697754e-01
6.422466635704040527e-01
6.129426360130310059e-01
6.544566750526428223e-01
6.446886658668518066e-01
6.324786543846130371e-01
6.544566750526428223e-01
6.361416578292846680e-01
6.422466635704040527e-01
6.459096670150756836e-01
6.593406796455383301e-01
6.385836601257324219e-01
6.556776762008666992e-01
6.471306681632995605e-01
6.422466635704040527e-01
6.617826819419860840e-01
6.459096670150756836e-01
6.776556968688964844e-01
6.984127163887023926e-01
6.862027049064636230e-01
6.593406796455383301e-01
6.556776762008666992e-01
6.739926934242248535e-01
6.666666865348815918e-01
6.666666865348815918e-01
6.996337175369262695e-01
6.935287117958068848e-01
6.849817037582397461e-01
6.776556968688964844e-01
6.532356739044189453e-01
6.715506911277770996e-01
6.971917152404785156e-01
6.898657083511352539e-01
6.971917152404785156e-01
6.849817037582397461e-01
6.739926934242248535e-01
6.410256624221801758e-01
6.727716922760009766e-01
6.874237060546875000e-01
6.764346957206726074e-01
6.813187003135681152e-01
6.813187003135681152e-01
6.874237060546875000e-01
6.984127163887023926e-01
6.825397014617919922e-01
6.874237060546875000e-01
7.069597244262695312e-01
6.813187003135681152e-01
6.874237060546875000e-01
6.630036830902099609e-01
6.874237060546875000e-01
7.045177221298217773e-01
6.837607026100158691e-01
6.959707140922546387e-01
6.874237060546875000e-01
6.923077106475830078e-01
7.118437290191650391e-01
6.923077106475830078e-01
7.069597244262695312e-01
6.947497129440307617e-01
6.947497129440307617e-01
7.118437290191650391e-01
6.825397014617919922e-01
6.935287117958068848e-01
6.874237060546875000e-01
7.142857313156127930e-01
6.923077106475830078e-01
7.057387232780456543e-01
6.849817037582397461e-01
7.094017267227172852e-01
6.898657083511352539e-01
6.959707140922546387e-01
6.947497129440307617e-01
