9.768010117113590240e-03
1.831501908600330353e-02
1.221001334488391876e-02
1.831501908600330353e-02
1.831501908600330353e-02
2.197802439332008362e-02
1.953602023422718048e-02
2.197802253067493439e-02
2.075702138245105743e-02
2.197802253067493439e-02
2.075702138245105743e-02
1.953602023422718048e-02
3.052503243088722229e-02
1.953602023422718048e-02
3.052503056824207306e-02
1.587301678955554962e-02
2.319902367889881134e-02
3.418803587555885315e-02
3.296703472733497620e-02
3.540903702378273010e-02
3.663003817200660706e-02
5.372405424714088440e-02
5.616606026887893677e-02
5.006105452775955200e-02
5.982906371355056763e-02
7.326007634401321411e-02
7.936508208513259888e-02
1.050061136484146118e-01
1.025641039013862610e-01
1.098901182413101196e-01
1.269841343164443970e-01
1.330891400575637817e-01
1.672771871089935303e-01
1.684981733560562134e-01
1.794871985912322998e-01
1.978022158145904541e-01
2.124542295932769775e-01
2.002442032098770142e-01
2.283272296190261841e-01
2.625152766704559326e-01
2.576312720775604248e-01
2.588522732257843018e-01
2.600732743740081787e-01
2.905983030796051025e-01
3.113553225994110107e-01
3.199023306369781494e-01
3.479853570461273193e-01
3.272283375263214111e-01
3.467643558979034424e-01
3.345543444156646729e-01
3.601953983306884766e-01
3.724053800106048584e-01
3.858363926410675049e-01
3.980464041233062744e-01
4.004884362220764160e-01
4.285714626312255859e-01
4.432234764099121094e-01
4.481074810028076172e-01
4.383394718170166016e-01
4.566544890403747559e-01
4.529914855957031250e-01
4.554334878921508789e-01
4.847375154495239258e-01
4.859585165977478027e-01
4.786325097084045410e-01
4.835165143013000488e-01
5.213675498962402344e-01
4.798535108566284180e-01
5.018315315246582031e-01
4.749695062637329102e-01
5.274725556373596191e-01
5.238095521926879883e-01
5.189255475997924805e-01
5.177045464515686035e-01
5.384615659713745117e-01
5.128205418586730957e-01
5.360195636749267578e-01
5.470085740089416504e-01
5.360195636749267578e-01
5.604395866394042969e-01
5.616605877876281738e-01
5.457875728607177734e-01
5.421245694160461426e-01
5.506715774536132812e-01
5.726495981216430664e-01
5.506715774536132812e-01
5.909646153450012207e-01
5.689865946769714355e-01
5.775336027145385742e-01
5.860806107521057129e-01
5.824176073074340820e-01
5.763126015663146973e-01
6.031746268272399902e-01
5.921856164932250977e-01
5.982906222343444824e-01
6.031746268272399902e-01
6.092796325683593750e-01
6.092796325683593750e-01
6.239316463470458984e-01
6.068376302719116211e-01
6.324786543846130371e-01
5.958486199378967285e-01
6.117216348648071289e-01
5.885226130485534668e-01
5.982906222343444824e-01
6.166056394577026367e-01
6.385836601257324219e-01
6.105006337165832520e-01
6.105006337165832520e-01
6.324786543846130371e-01
6.166056394577026367e-01
6.239316463470458984e-01
6.483516693115234375e-01
6.214896440505981445e-01
6.251526474952697754e-01
6.068376302719116211e-01
6.153846383094787598e-01
6.507936716079711914e-01
6.129426360130310059e-01
6.581196784973144531e-01
6.532356739044189453e-01
6.666666865348815918e-01
6.520146727561950684e-01
6.324786543846130371e-01
6.800976991653442383e-01
6.446886658668518066e-01
6.446886658668518066e-01
6.373626589775085449e-01
6.385836601257324219e-01
6.666666865348815918e-01
6.568986773490905762e-01
6.862027049064636230e-01
6.617826819419860840e-01
6.434676647186279297e-01
6.862027049064636230e-01
6.654456853866577148e-01
6.495726704597473145e-01
6.654456853866577148e-01
6.568986773490905762e-01
6.715506911277770996e-01
6.813187003135681152e-01
6.776556968688964844e-01
6.886447072029113770e-01
6.837607026100158691e-01
6.849817037582397461e-01
6.715506911277770996e-01
6.800976991653442383e-01
6.947497129440307617e-01
6.813187003135681152e-01
6.800976991653442383e-01
6.764346957206726074e-01
6.776556968688964844e-01
6.678876876831054688e-01
6.898657083511352539e-01
6.837607026100158691e-01
6.971917152404785156e-01
6.910867094993591309e-01
6.923077106475830078e-01
7.069597244262695312e-01
7.094017267227172852e-01
6.874237060546875000e-01
7.118437290191650391e-01
7.020757198333740234e-01
6.800976991653442383e-01
7.155067324638366699e-01
7.020757198333740234e-01
7.020757198333740234e-01
7.094017267227172852e-01
7.142857313156127930e-01
6.910867094993591309e-01
6.923077106475830078e-01
7.130647301673889160e-01
6.923077106475830078e-01
7.106227278709411621e-01
7.142857313156127930e-01
7.264957427978515625e-01
7.130647301673889160e-01
7.032967209815979004e-01
7.179487347602844238e-01
7.155067324638366699e-01
7.289377450942993164e-01
7.155067324638366699e-01
7.228327393531799316e-01
7.216117382049560547e-01
6.935287117958068848e-01
7.264957427978515625e-01
7.118437290191650391e-01
7.203907370567321777e-01
7.179487347602844238e-01
7.167277336120605469e-01
7.142857313156127930e-01
7.289377450942993164e-01
7.179487347602844238e-01
7.435897588729858398e-01
7.130647301673889160e-01
7.081807255744934082e-01
7.094017267227172852e-01
7.118437290191650391e-01
7.167277336120605469e-01
7.118437290191650391e-01
