1.343101356178522110e-02
1.709401793777942657e-02
2.564102597534656525e-02
1.465201471000909805e-02
1.465201564133167267e-02
1.465201471000909805e-02
1.709401793777942657e-02
2.319902367889881134e-02
1.098901219666004181e-02
7.326007355004549026e-03
1.953602023422718048e-02
2.075702138245105743e-02
2.442002482712268829e-02
2.075702138245105743e-02
3.418803587555885315e-02
2.564102597534656525e-02
3.052503243088722229e-02
3.296703472733497620e-02
3.785103932023048401e-02
3.907204046845436096e-02
3.174603357911109924e-02
5.006105080246925354e-02
4.884004965424537659e-02
4.273504391312599182e-02
5.982905998826026917e-02
7.814408093690872192e-02
7.692307978868484497e-02
7.692307978868484497e-02
8.180708438158035278e-02
9.523809701204299927e-02
1.172161176800727844e-01
1.098901182413101196e-01
1.294261366128921509e-01
1.098901107907295227e-01
1.221001222729682922e-01
1.526251584291458130e-01
1.501831561326980591e-01
1.428571492433547974e-01
1.599511653184890747e-01
1.782661825418472290e-01
1.978022158145904541e-01
1.965811997652053833e-01
2.344322502613067627e-01
2.173382192850112915e-01
2.527472674846649170e-01
2.576312720775604248e-01
2.356532514095306396e-01
2.686202824115753174e-01
2.844932973384857178e-01
2.735042870044708252e-01
3.015873134136199951e-01
3.174603283405303955e-01
3.492063581943511963e-01
3.418803513050079346e-01
3.382173478603363037e-01
3.589743673801422119e-01
3.516483604907989502e-01
3.833943903446197510e-01
3.956044018268585205e-01
3.919413983821868896e-01
3.992674052715301514e-01
4.102564156055450439e-01
4.175824224948883057e-01
4.188034534454345703e-01
4.322344362735748291e-01
4.554334878921508789e-01
4.322344660758972168e-01
4.517704844474792480e-01
4.590964913368225098e-01
4.505494832992553711e-01
4.639804959297180176e-01
4.774115085601806641e-01
4.932845234870910645e-01
4.627594947814941406e-01
4.761905074119567871e-01
5.042735338211059570e-01
5.006105303764343262e-01
5.177045464515686035e-01
5.128205418586730957e-01
4.981685280799865723e-01
5.189255475997924805e-01
5.360195636749267578e-01
5.274725556373596191e-01
5.360195636749267578e-01
5.347985625267028809e-01
5.384615659713745117e-01
5.286935567855834961e-01
5.274725556373596191e-01
5.763126015663146973e-01
5.421245694160461426e-01
5.677655935287475586e-01
5.567765831947326660e-01
5.421245694160461426e-01
5.653235912322998047e-01
5.543345808982849121e-01
5.848596096038818359e-01
5.665445923805236816e-01
5.689865946769714355e-01
5.445665717124938965e-01
5.970696210861206055e-01
5.921856164932250977e-01
5.641025900840759277e-01
5.677655935287475586e-01
5.726495981216430664e-01
5.787546038627624512e-01
5.934066176414489746e-01
5.946276187896728516e-01
5.848596096038818359e-01
5.982906222343444824e-01
5.726495981216430664e-01
6.080586314201354980e-01
5.738705992698669434e-01
6.190476417541503906e-01
6.007326245307922363e-01
6.068376302719116211e-01
6.227106451988220215e-01
6.043956279754638672e-01
6.190476417541503906e-01
6.300366520881652832e-01
6.117216348648071289e-01
6.166056394577026367e-01
6.349206566810607910e-01
6.251526474952697754e-01
6.385836601257324219e-01
6.275946497917175293e-01
6.141636371612548828e-01
6.080586314201354980e-01
6.300366520881652832e-01
6.300366520881652832e-01
6.483516693115234375e-01
6.288156509399414062e-01
6.263736486434936523e-01
6.410256624221801758e-01
6.336996555328369141e-01
6.373626589775085449e-01
6.532356739044189453e-01
6.507936716079711914e-01
6.361416578292846680e-01
6.544566750526428223e-01
6.556776762008666992e-01
6.336996555328369141e-01
6.275946497917175293e-01
6.507936716079711914e-01
6.398046612739562988e-01
6.214896440505981445e-01
6.581196784973144531e-01
6.520146727561950684e-01
6.471306681632995605e-01
6.568986773490905762e-01
6.532356739044189453e-01
6.507936716079711914e-01
6.532356739044189453e-01
6.520146727561950684e-01
6.446886658668518066e-01
6.532356739044189453e-01
6.642246842384338379e-01
6.593406796455383301e-01
6.691086888313293457e-01
6.459096670150756836e-01
6.642246842384338379e-01
6.935287117958068848e-01
6.678876876831054688e-01
6.605616807937622070e-01
6.581196784973144531e-01
6.739926934242248535e-01
6.691086888313293457e-01
6.556776762008666992e-01
6.752136945724487305e-01
6.678876876831054688e-01
6.495726704597473145e-01
7.057387232780456543e-01
6.630036830902099609e-01
6.617826819419860840e-01
6.678876876831054688e-01
6.691086888313293457e-01
6.874237060546875000e-01
6.898657083511352539e-01
6.642246842384338379e-01
7.020757198333740234e-01
6.874237060546875000e-01
6.923077106475830078e-01
6.862027049064636230e-01
6.593406796455383301e-01
6.923077106475830078e-01
6.800976991653442383e-01
6.788766980171203613e-01
6.568986773490905762e-01
6.959707140922546387e-01
6.910867094993591309e-01
6.813187003135681152e-01
6.935287117958068848e-01
6.788766980171203613e-01
6.715506911277770996e-01
6.800976991653442383e-01
6.935287117958068848e-01
6.776556968688964844e-01
6.886447072029113770e-01
6.788766980171203613e-01
6.923077106475830078e-01
6.764346957206726074e-01
