1.918974637985229492e+00
3.594701290130615234e+00
5.306272268295288086e+00
6.994903564453125000e+00
8.713052272796630859e+00
1.041754865646362305e+01
1.210305666923522949e+01
1.380258679389953613e+01
1.550914716720581055e+01
1.722468709945678711e+01
1.896727705001831055e+01
2.068703365325927734e+01
2.264501380920410156e+01
2.445026898384094238e+01
2.624216437339782715e+01
2.799732756614685059e+01
2.980273413658142090e+01
3.156096005439758301e+01
3.326255083084106445e+01
3.499173140525817871e+01
3.669764566421508789e+01
3.840115547180175781e+01
4.011578202247619629e+01
4.180098724365234375e+01
4.353589773178100586e+01
4.524638390541076660e+01
4.694678974151611328e+01
4.863537883758544922e+01
5.033566403388977051e+01
5.204432225227355957e+01
5.377507543563842773e+01
5.568376803398132324e+01
5.740219402313232422e+01
5.911856770515441895e+01
6.091677570343017578e+01
6.263809895515441895e+01
6.436145377159118652e+01
6.606193947792053223e+01
6.787456631660461426e+01
6.965290975570678711e+01
7.134229063987731934e+01
7.304259920120239258e+01
7.484334564208984375e+01
7.662645316123962402e+01
7.844075441360473633e+01
8.019867515563964844e+01
8.200481081008911133e+01
8.372392797470092773e+01
8.558135819435119629e+01
8.736394906044006348e+01
8.918068671226501465e+01
9.088402223587036133e+01
9.260140562057495117e+01
9.428680396080017090e+01
9.603537631034851074e+01
9.773285531997680664e+01
9.944920229911804199e+01
1.011440107822418213e+02
1.029683215618133545e+02
1.046979432106018066e+02
1.064637219905853271e+02
1.081474068164825439e+02
1.098770043849945068e+02
1.115852377414703369e+02
1.133839197158813477e+02
1.150820240974426270e+02
1.168496940135955811e+02
1.185893006324768066e+02
1.203049974441528320e+02
1.220980832576751709e+02
1.239681401252746582e+02
1.256814179420471191e+02
1.273919765949249268e+02
1.291035294532775879e+02
1.308254885673522949e+02
1.325249137878417969e+02
1.342491931915283203e+02
1.359688966274261475e+02
1.377277169227600098e+02
1.395064973831176758e+02
1.411988801956176758e+02
1.429433491230010986e+02
1.446886770725250244e+02
1.464041371345520020e+02
1.481396863460540771e+02
1.499117834568023682e+02
1.515945012569427490e+02
1.533308913707733154e+02
1.550352931022644043e+02
1.568679966926574707e+02
1.585784475803375244e+02
1.603071849346160889e+02
1.620592491626739502e+02
1.638766114711761475e+02
1.655700917243957520e+02
1.672535169124603271e+02
1.690029108524322510e+02
1.707047245502471924e+02
1.724662408828735352e+02
1.742029290199279785e+02
1.759385650157928467e+02
1.776722006797790527e+02
1.794196410179138184e+02
1.811406297683715820e+02
1.828759093284606934e+02
1.846140358448028564e+02
1.863874659538269043e+02
1.881220710277557373e+02
1.898567185401916504e+02
1.915988996028900146e+02
1.933403563499450684e+02
1.950951530933380127e+02
1.968180425167083740e+02
1.985638530254364014e+02
2.003168351650238037e+02
2.021117961406707764e+02
2.038561892509460449e+02
2.055854632854461670e+02
2.074106986522674561e+02
2.091576545238494873e+02
2.111631569862365723e+02
2.129216501712799072e+02
2.146439762115478516e+02
2.163913841247558594e+02
2.182239975929260254e+02
2.200445327758789062e+02
2.218779189586639404e+02
2.236165716648101807e+02
2.254771649837493896e+02
2.271621572971343994e+02
2.289753961563110352e+02
2.306980338096618652e+02
2.324336140155792236e+02
2.341992681026458740e+02
2.359488439559936523e+02
2.376974911689758301e+02
2.393771610260009766e+02
2.411967499256134033e+02
2.429119653701782227e+02
2.447470710277557373e+02
2.465041482448577881e+02
2.482688486576080322e+02
2.500118029117584229e+02
2.517545108795166016e+02
2.535228061676025391e+02
2.552565803527832031e+02
2.570682075023651123e+02
2.587946853637695312e+02
2.605496671199798584e+02
2.623217048645019531e+02
2.640783677101135254e+02
2.658207585811614990e+02
2.675769162178039551e+02
2.693159244060516357e+02
2.710615010261535645e+02
2.728035633563995361e+02
2.745387282371520996e+02
2.762589688301086426e+02
2.779574599266052246e+02
2.797291829586029053e+02
2.814432730674743652e+02
2.831946890354156494e+02
2.849198040962219238e+02
2.866472222805023193e+02
2.884896857738494873e+02
2.902698068618774414e+02
2.919945456981658936e+02
2.937373318672180176e+02
2.954719862937927246e+02
2.972024250030517578e+02
2.989700636863708496e+02
3.007053289413452148e+02
3.024639232158660889e+02
3.042085034847259521e+02
3.059492962360382080e+02
3.076861491203308105e+02
3.094572772979736328e+02
3.111939790248870850e+02
3.129641070365905762e+02
3.147061245441436768e+02
3.164622783660888672e+02
3.182096614837646484e+02
3.200014472007751465e+02
3.217944633960723877e+02
3.235683491230010986e+02
3.253119130134582520e+02
3.270476756095886230e+02
3.288010990619659424e+02
3.305314311981201172e+02
3.323091020584106445e+02
3.341298029422760010e+02
3.359618916511535645e+02
3.376962511539459229e+02
3.394416232109069824e+02
3.411930420398712158e+02
3.429290530681610107e+02
3.447022278308868408e+02
3.464331870079040527e+02
3.482924659252166748e+02
3.500449857711791992e+02
