3.209282636642456055e+00
5.842155456542968750e+00
8.422991037368774414e+00
1.097981023788452148e+01
1.359867286682128906e+01
1.621553516387939453e+01
1.881538438796997070e+01
2.144725608825683594e+01
2.407112288475036621e+01
2.667897701263427734e+01
2.942293000221252441e+01
3.204079294204711914e+01
3.480976057052612305e+01
3.750267624855041504e+01
4.016056656837463379e+01
4.281145238876342773e+01
4.547134423255920410e+01
4.812823462486267090e+01
5.077311587333679199e+01
5.339598155021667480e+01
5.606688141822814941e+01
5.873277735710144043e+01
6.144570708274841309e+01
6.410459852218627930e+01
6.678050208091735840e+01
6.945440387725830078e+01
7.213831281661987305e+01
7.482622504234313965e+01
7.746410107612609863e+01
8.061334180831909180e+01
8.320618581771850586e+01
8.586307525634765625e+01
8.848894333839416504e+01
9.114082956314086914e+01
9.379471755027770996e+01
9.643859815597534180e+01
9.916153526306152344e+01
1.017894043922424316e+02
1.045663800239562988e+02
1.073042032718658447e+02
1.100471689701080322e+02
1.127100484371185303e+02
1.153599348068237305e+02
1.180168232917785645e+02
1.206837203502655029e+02
1.233746349811553955e+02
1.260175142288208008e+02
1.286834108829498291e+02
1.313683202266693115e+02
1.340492284297943115e+02
1.367181258201599121e+02
1.393760168552398682e+02
1.420449149608612061e+02
1.447058072090148926e+02
1.473947200775146484e+02
1.500786292552947998e+02
1.527535316944122314e+02
1.554094207286834717e+02
1.580973329544067383e+02
1.607872467041015625e+02
1.634591562747955322e+02
1.661610689163208008e+02
1.688749992847442627e+02
1.715679144859313965e+02
1.742548260688781738e+02
1.769307296276092529e+02
1.795716075897216797e+02
1.822405066490173340e+02
1.849164102077484131e+02
1.876033217906951904e+02
1.902431988716125488e+02
1.929751420021057129e+02
1.955930039882659912e+02
1.982969272136688232e+02
2.009998502731323242e+02
2.036697490215301514e+02
2.063346455097198486e+02
2.090095474720001221e+02
2.116374170780181885e+02
2.143203251361846924e+02
2.170252492427825928e+02
2.197081575393676758e+02
2.224010729789733887e+02
2.250699715614318848e+02
2.277288627624511719e+02
2.303937590122222900e+02
2.331026852130889893e+02
2.357735848426818848e+02
2.383934493064880371e+02
2.410923683643341064e+02
2.438843543529510498e+02
2.465872771739959717e+02
2.492461681365966797e+02
2.519641013145446777e+02
2.546299979686737061e+02
2.573169093132019043e+02
2.600298388004302979e+02
2.626797239780426025e+02
2.652755701541900635e+02
2.679464700222015381e+02
2.706123664379119873e+02
2.732812652587890625e+02
2.759101345539093018e+02
2.785700273513793945e+02
2.812049009799957275e+02
2.838297677040100098e+02
2.865196816921234131e+02
2.891485519409179688e+02
2.917954347133636475e+02
2.944853479862213135e+02
2.971312291622161865e+02
2.998071327209472656e+02
3.024910421371459961e+02
3.051639435291290283e+02
3.078318407535552979e+02
3.104497036933898926e+02
3.130915830135345459e+02
3.157194516658782959e+02
3.183653333187103271e+02
3.210492427349090576e+02
3.237071340084075928e+02
3.263870394229888916e+02
3.291279892921447754e+02
3.318589317798614502e+02
3.345268297195434570e+02
3.371567003726959229e+02
3.397935762405395508e+02
3.424434604644775391e+02
3.450863406658172607e+02
3.477272200584411621e+02
3.504881830215454102e+02
3.531641025543212891e+02
3.559800903797149658e+02
3.591553490161895752e+02
3.619413297176361084e+02
3.646682691574096680e+02
3.676433856487274170e+02
3.705144281387329102e+02
3.734365060329437256e+02
3.764079422950744629e+02
3.794671189785003662e+02
3.827224340438842773e+02
3.872836787700653076e+02
3.934724032878875732e+02
3.990394337177276611e+02
4.031058719158172607e+02
4.062084197998046875e+02
4.092070250511169434e+02
4.123304615020751953e+02
4.154880046844482422e+02
4.185429317951202393e+02
4.219198315143585205e+02
4.247768559455871582e+02
4.275919213294982910e+02
4.304054470062255859e+02
4.332494590282440186e+02
4.361352787017822266e+02
4.390463817119598389e+02
4.419526898860931396e+02
4.449758820533752441e+02
4.479892554283142090e+02
4.510383727550506592e+02
4.539114763736724854e+02
4.568514311313629150e+02
4.598267745971679688e+02
4.630568518638610840e+02
4.660352864265441895e+02
4.690695688724517822e+02
4.722227973937988281e+02
4.759464187622070312e+02
4.791752536296844482e+02
4.824573180675506592e+02
4.856952185630798340e+02
4.888834207057952881e+02
4.918777937889099121e+02
4.954533100128173828e+02
4.988389573097229004e+02
5.024503114223480225e+02
5.053167152404785156e+02
5.087397570610046387e+02
5.115436749458312988e+02
5.143573391437530518e+02
5.170038001537322998e+02
5.198012671470642090e+02
5.226667699813842773e+02
5.254353635311126709e+02
5.284247946739196777e+02
5.317002742290496826e+02
5.348638515472412109e+02
5.377203798294067383e+02
5.407899396419525146e+02
5.435279319286346436e+02
5.462191796302795410e+02
5.490026469230651855e+02
5.518266959190368652e+02
5.546506884098052979e+02
5.574364316463470459e+02
5.608798255920410156e+02
5.636783697605133057e+02
5.665313124656677246e+02
