1.811896085739135742e+00
3.547365188598632812e+00
5.181395292282104492e+00
6.818890094757080078e+00
8.468271017074584961e+00
1.012380361557006836e+01
1.178427791595458984e+01
1.342272567749023438e+01
1.508734202384948730e+01
1.677229499816894531e+01
1.842623257637023926e+01
2.007600545883178711e+01
2.174780440330505371e+01
2.339974975585937500e+01
2.505703544616699219e+01
2.670295596122741699e+01
2.834456515312194824e+01
2.999970293045043945e+01
3.160726785659790039e+01
3.324363231658935547e+01
3.488611197471618652e+01
3.655219173431396484e+01
3.826267576217651367e+01
3.990891003608703613e+01
4.159149837493896484e+01
4.324849581718444824e+01
4.493059635162353516e+01
4.669804167747497559e+01
4.833332943916320801e+01
5.000025439262390137e+01
5.167320394515991211e+01
5.330200624465942383e+01
5.495116734504699707e+01
5.659657263755798340e+01
5.827306437492370605e+01
5.994490075111389160e+01
6.161747241020202637e+01
6.332910895347595215e+01
6.500568079948425293e+01
6.667301821708679199e+01
6.832644414901733398e+01
6.998940610885620117e+01
7.164557337760925293e+01
7.336152625083923340e+01
7.502482700347900391e+01
7.672500586509704590e+01
7.837994050979614258e+01
8.008496451377868652e+01
8.183860158920288086e+01
8.352483701705932617e+01
8.519238948822021484e+01
8.683971452713012695e+01
8.855449819564819336e+01
9.023090267181396484e+01
9.189078950881958008e+01
9.354901337623596191e+01
9.518655014038085938e+01
9.683347916603088379e+01
9.847132325172424316e+01
1.001410779953002930e+02
1.018198282718658447e+02
1.034924612045288086e+02
1.051629652976989746e+02
1.068508844375610352e+02
1.085032007694244385e+02
1.101942880153656006e+02
1.119022152423858643e+02
1.136291329860687256e+02
1.152650315761566162e+02
1.169485113620758057e+02
1.186352331638336182e+02
1.202935998439788818e+02
1.219792096614837646e+02
1.237267189025878906e+02
1.254483599662780762e+02
1.271088314056396484e+02
1.287597405910491943e+02
1.304626340866088867e+02
1.321079056262969971e+02
1.337854247093200684e+02
1.354358565807342529e+02
1.370877256393432617e+02
1.387715303897857666e+02
1.404712743759155273e+02
1.421321535110473633e+02
1.437923109531402588e+02
1.454518899917602539e+02
1.471270959377288818e+02
1.488091690540313721e+02
1.504971222877502441e+02
1.521642973423004150e+02
1.538201906681060791e+02
1.556563816070556641e+02
1.573275339603424072e+02
1.589961524009704590e+02
1.606463413238525391e+02
1.623691921234130859e+02
1.640445170402526855e+02
1.657145168781280518e+02
1.674145772457122803e+02
1.690918748378753662e+02
1.707753391265869141e+02
1.725269069671630859e+02
1.742501599788665771e+02
1.759798767566680908e+02
1.776343200206756592e+02
1.793110978603363037e+02
1.810034966468811035e+02
1.826639671325683594e+02
1.843577079772949219e+02
1.860358383655548096e+02
1.877102017402648926e+02
1.894078083038330078e+02
1.910993363857269287e+02
1.927479004859924316e+02
1.943956758975982666e+02
1.960594794750213623e+02
1.977417466640472412e+02
1.993996942043304443e+02
2.011445531845092773e+02
2.027810099124908447e+02
2.046085715293884277e+02
2.062346413135528564e+02
2.078845505714416504e+02
2.095493702888488770e+02
2.112345345020294189e+02
2.128878729343414307e+02
2.145896453857421875e+02
2.162674689292907715e+02
2.179501469135284424e+02
2.196219811439514160e+02
2.212973673343658447e+02
2.229682011604309082e+02
2.246405930519104004e+02
2.262938945293426514e+02
2.279715244770050049e+02
2.296272487640380859e+02
2.312758851051330566e+02
2.329693357944488525e+02
2.347030386924743652e+02
2.363714625835418701e+02
2.380529317855834961e+02
2.397271556854248047e+02
2.414027035236358643e+02
2.431118021011352539e+02
2.447890717983245850e+02
2.464754738807678223e+02
2.481757709980010986e+02
2.498493165969848633e+02
2.515138661861419678e+02
2.531963865756988525e+02
2.548689413070678711e+02
2.565585365295410156e+02
2.582218389511108398e+02
2.599214274883270264e+02
2.615948922634124756e+02
2.632444555759429932e+02
2.649175016880035400e+02
2.666034278869628906e+02
2.682761571407318115e+02
2.700739395618438721e+02
2.717797102928161621e+02
2.734602348804473877e+02
2.751496686935424805e+02
2.768473560810089111e+02
2.785207948684692383e+02
2.802045123577117920e+02
2.818948743343353271e+02
2.835714244842529297e+02
2.852542519569396973e+02
2.869748466014862061e+02
2.887134444713592529e+02
2.903866660594940186e+02
2.920634956359863281e+02
2.937449145317077637e+02
2.954373049736022949e+02
2.971075894832611084e+02
2.987930164337158203e+02
3.004855494499206543e+02
3.021760826110839844e+02
3.038417563438415527e+02
3.055171582698822021e+02
3.072035074234008789e+02
3.088818621635437012e+02
3.106039752960205078e+02
3.122749445438385010e+02
3.140179388523101807e+02
3.157104947566986084e+02
3.174141123294830322e+02
3.190928361415863037e+02
3.207813484668731689e+02
3.225413131713867188e+02
3.243562383651733398e+02
3.260166027545928955e+02
3.276941192150115967e+02
3.293906600475311279e+02
3.310749542713165283e+02
3.328603568077087402e+02
3.345655894279479980e+02
3.362763419151306152e+02
