1.960981845855712891e+00
3.771456956863403320e+00
5.550060987472534180e+00
7.363811492919921875e+00
9.185796260833740234e+00
1.100803542137145996e+01
1.283982825279235840e+01
1.464474320411682129e+01
1.646225738525390625e+01
1.828196072578430176e+01
2.009460687637329102e+01
2.190801763534545898e+01
2.372354459762573242e+01
2.553112936019897461e+01
2.736459469795227051e+01
2.923233675956726074e+01
3.115077304840087891e+01
3.294824910163879395e+01
3.476790332794189453e+01
3.665194845199584961e+01
3.850840377807617188e+01
4.029036974906921387e+01
4.210614156723022461e+01
4.393816590309143066e+01
4.582401823997497559e+01
4.764002585411071777e+01
4.945517706871032715e+01
5.127054381370544434e+01
5.309913516044616699e+01
5.493780422210693359e+01
5.679873943328857422e+01
5.873182415962219238e+01
6.052937602996826172e+01
6.232500338554382324e+01
6.417389154434204102e+01
6.598754906654357910e+01
6.791560101509094238e+01
6.972370767593383789e+01
7.153085708618164062e+01
7.359794545173645020e+01
7.542064595222473145e+01
7.721709465980529785e+01
7.901531887054443359e+01
8.086850643157958984e+01
8.270320105552673340e+01
8.451295781135559082e+01
8.631874608993530273e+01
8.813689064979553223e+01
8.994591927528381348e+01
9.174429583549499512e+01
9.353079199790954590e+01
9.534732151031494141e+01
9.714584946632385254e+01
9.902850818634033203e+01
1.008714635372161865e+02
1.027081439495086670e+02
1.045243268013000488e+02
1.062974867820739746e+02
1.080986282825469971e+02
1.099823579788208008e+02
1.117776002883911133e+02
1.136361351013183594e+02
1.154476368427276611e+02
1.172830667495727539e+02
1.190811007022857666e+02
1.208895900249481201e+02
1.226954236030578613e+02
1.246022050380706787e+02
1.264484496116638184e+02
1.282688703536987305e+02
1.300793371200561523e+02
1.319438416957855225e+02
1.337472989559173584e+02
1.355820972919464111e+02
1.374082121849060059e+02
1.392125678062438965e+02
1.410010087490081787e+02
1.428348512649536133e+02
1.446428158283233643e+02
1.464744341373443604e+02
1.483068337440490723e+02
1.501305773258209229e+02
1.519534342288970947e+02
1.537759580612182617e+02
1.555979745388031006e+02
1.573891386985778809e+02
1.592198629379272461e+02
1.610534331798553467e+02
1.628601467609405518e+02
1.647022848129272461e+02
1.665194139480590820e+02
1.683450884819030762e+02
1.701548762321472168e+02
1.720185198783874512e+02
1.738560764789581299e+02
1.756803882122039795e+02
1.775036988258361816e+02
1.793188543319702148e+02
1.811449391841888428e+02
1.829432866573333740e+02
1.847638008594512939e+02
1.866013290882110596e+02
1.884018752574920654e+02
1.902457835674285889e+02
1.920514638423919678e+02
1.938767373561859131e+02
1.957352657318115234e+02
1.975875270366668701e+02
1.994882147312164307e+02
2.013299961090087891e+02
2.031486535072326660e+02
2.050488884449005127e+02
2.068921949863433838e+02
2.088326923847198486e+02
2.106650013923645020e+02
2.125264577865600586e+02
2.143567306995391846e+02
2.161728680133819580e+02
2.179665420055389404e+02
2.198059370517730713e+02
2.217109160423278809e+02
2.235186123847961426e+02
2.253488075733184814e+02
2.271686878204345703e+02
2.289751503467559814e+02
2.308211021423339844e+02
2.326459853649139404e+02
2.345327877998352051e+02
2.363341848850250244e+02
2.381528170108795166e+02
2.399795367717742920e+02
2.418142967224121094e+02
2.436937825679779053e+02
2.455173690319061279e+02
2.473672986030578613e+02
2.491786813735961914e+02
2.510077331066131592e+02
2.528352267742156982e+02
2.546337692737579346e+02
2.564824066162109375e+02
2.583415348529815674e+02
2.601631979942321777e+02
2.619867606163024902e+02
2.638935253620147705e+02
2.657100920677185059e+02
2.675496323108673096e+02
2.693459897041320801e+02
2.711606097221374512e+02
2.729653160572052002e+02
2.748031015396118164e+02
2.766538310050964355e+02
2.785698871612548828e+02
2.804304945468902588e+02
2.823610954284667969e+02
2.841844840049743652e+02
2.860077981948852539e+02
2.878284544944763184e+02
2.896575930118560791e+02
2.914803001880645752e+02
2.932948708534240723e+02
2.951028439998626709e+02
2.969431922435760498e+02
2.987651140689849854e+02
3.006192409992218018e+02
3.024688935279846191e+02
3.043317294120788574e+02
3.061749155521392822e+02
3.079963395595550537e+02
3.098055057525634766e+02
3.116517829895019531e+02
3.135182948112487793e+02
3.153556816577911377e+02
3.171956028938293457e+02
3.190070943832397461e+02
3.208558130264282227e+02
3.226631448268890381e+02
3.244903297424316406e+02
3.263390214443206787e+02
3.281628425121307373e+02
3.300885930061340332e+02
3.318900699615478516e+02
3.338267226219177246e+02
3.356662671566009521e+02
3.375097947120666504e+02
3.393535122871398926e+02
3.412986981868743896e+02
3.431355862617492676e+02
3.450283808708190918e+02
3.468531894683837891e+02
3.487070534229278564e+02
3.505271623134613037e+02
3.523718745708465576e+02
3.542978038787841797e+02
3.561175742149353027e+02
3.579130330085754395e+02
3.597673451900482178e+02
3.616117978096008301e+02
3.634172766208648682e+02
3.652709271907806396e+02
3.671132297515869141e+02
