1.319648046046495438e-02
2.052786014974117279e-02
2.492668665945529938e-02
2.492668665945529938e-02
1.026392914354801178e-02
1.759530790150165558e-02
1.612903177738189697e-02
1.759530603885650635e-02
1.026392914354801178e-02
2.052786014974117279e-02
1.466275658458471298e-02
1.026392914354801178e-02
8.797653950750827789e-03
2.052785828709602356e-02
8.797653950750827789e-03
2.052785828709602356e-02
1.759530790150165558e-02
1.173020526766777039e-02
1.612903177738189697e-02
1.906158402562141418e-02
1.759530790150165558e-02
1.173020526766777039e-02
1.026392914354801178e-02
2.199413441121578217e-02
7.331378292292356491e-03
2.346041053533554077e-02
2.785923704504966736e-02
1.906158402562141418e-02
2.052785828709602356e-02
1.759530790150165558e-02
1.466275658458471298e-02
2.052785828709602356e-02
2.639296278357505798e-02
2.052786014974117279e-02
1.906158216297626495e-02
2.052785828709602356e-02
1.026392914354801178e-02
2.052785828709602356e-02
1.759530790150165558e-02
1.759530790150165558e-02
1.319648046046495438e-02
1.906158402562141418e-02
1.319648046046495438e-02
7.331378292292356491e-03
2.639296278357505798e-02
1.906158402562141418e-02
1.759530603885650635e-02
1.906158402562141418e-02
1.906158402562141418e-02
1.466275751590728760e-02
2.052786014974117279e-02
1.612903177738189697e-02
1.612903177738189697e-02
2.639296092092990875e-02
1.466275658458471298e-02
1.466275658458471298e-02
1.026392914354801178e-02
1.319648139178752899e-02
1.466275751590728760e-02
1.466275658458471298e-02
1.612903177738189697e-02
2.052785828709602356e-02
1.759530790150165558e-02
1.612903177738189697e-02
1.466275658458471298e-02
2.639296278357505798e-02
1.612903177738189697e-02
1.173020526766777039e-02
1.612903177738189697e-02
1.612903177738189697e-02
1.612903177738189697e-02
2.346041053533554077e-02
1.466275751590728760e-02
1.906158216297626495e-02
1.759530790150165558e-02
1.466275658458471298e-02
1.612903177738189697e-02
1.759530790150165558e-02
1.759530790150165558e-02
2.052785828709602356e-02
1.759530790150165558e-02
2.639296278357505798e-02
1.466275751590728760e-02
2.639296092092990875e-02
2.199413627386093140e-02
1.173020526766777039e-02
2.785923704504966736e-02
1.319648046046495438e-02
2.052786014974117279e-02
1.612903177738189697e-02
1.319648139178752899e-02
1.466275658458471298e-02
1.466275658458471298e-02
1.612903177738189697e-02
5.865102633833885193e-03
1.466275565326213837e-02
2.052785828709602356e-02
2.052785828709602356e-02
2.785923890769481659e-02
1.906158402562141418e-02
2.492668665945529938e-02
1.466275751590728760e-02
2.199413627386093140e-02
2.052786014974117279e-02
1.906158402562141418e-02
2.199413627386093140e-02
1.612903177738189697e-02
3.079178929328918457e-02
2.346041053533554077e-02
3.079178743064403534e-02
3.372433781623840332e-02
2.052786014974117279e-02
2.639296092092990875e-02
2.346041053533554077e-02
3.079178743064403534e-02
3.372433781623840332e-02
3.079178929328918457e-02
2.785923704504966736e-02
2.639296092092990875e-02
2.932551130652427673e-02
3.519061207771301270e-02
3.225806355476379395e-02
3.812316805124282837e-02
4.545454680919647217e-02
5.425219982862472534e-02
4.985336959362030029e-02
6.011730059981346130e-02
5.718474835157394409e-02
8.357770740985870361e-02
6.011730432510375977e-02
7.184750586748123169e-02
7.184750586748123169e-02
7.917887717485427856e-02
8.064515888690948486e-02
8.357770740985870361e-02
9.530792385339736938e-02
1.099706739187240601e-01
1.158357709646224976e-01
1.334310770034790039e-01
1.348973512649536133e-01
1.466275602579116821e-01
1.524926722049713135e-01
1.700879633426666260e-01
1.568914949893951416e-01
1.686217039823532104e-01
1.583577692508697510e-01
1.920821219682693481e-01
2.052785903215408325e-01
1.920821219682693481e-01
2.228739112615585327e-01
2.184750735759735107e-01
2.375366538763046265e-01
2.258064597845077515e-01
2.727272808551788330e-01
2.595307826995849609e-01
2.565982341766357422e-01
2.448680251836776733e-01
2.917888462543487549e-01
2.991202473640441895e-01
3.079178929328918457e-01
2.947213947772979736e-01
3.211143612861633301e-01
3.108504414558410645e-01
3.313783109188079834e-01
3.548386991024017334e-01
3.313783109188079834e-01
3.401759266853332520e-01
3.680351972579956055e-01
3.870967626571655273e-01
3.856305181980133057e-01
3.665689229965209961e-01
3.826979398727416992e-01
3.665688931941986084e-01
3.782991170883178711e-01
3.665689229965209961e-01
4.002932310104370117e-01
4.032258391380310059e-01
3.768328428268432617e-01
3.988269865512847900e-01
4.120234549045562744e-01
4.076246321201324463e-01
3.944281339645385742e-01
4.134897291660308838e-01
4.398826956748962402e-01
4.354838430881500244e-01
4.193548262119293213e-01
4.296187758445739746e-01
4.193548560142517090e-01
4.428153038024902344e-01
4.281525015830993652e-01
4.501466155052185059e-01
4.413489699363708496e-01
4.706744849681854248e-01
4.384164214134216309e-01
4.780058562755584717e-01
4.574780464172363281e-01
4.677419364452362061e-01
4.501466155052185059e-01
4.692082107067108154e-01
4.604105353355407715e-01
