2.932551316916942596e-02
1.759530603885650635e-02
1.612903177738189697e-02
1.906158402562141418e-02
2.199413441121578217e-02
1.759530603885650635e-02
1.466275751590728760e-02
5.865102633833885193e-03
1.759530790150165558e-02
1.612903177738189697e-02
1.759530790150165558e-02
1.466275658458471298e-02
1.906158402562141418e-02
1.759530790150165558e-02
1.466275751590728760e-02
1.319648046046495438e-02
1.466275751590728760e-02
2.052785828709602356e-02
1.759530790150165558e-02
2.346041053533554077e-02
2.346041053533554077e-02
2.346041053533554077e-02
1.466275658458471298e-02
1.759530790150165558e-02
1.906158402562141418e-02
1.026392914354801178e-02
1.026392914354801178e-02
1.759530790150165558e-02
1.466275658458471298e-02
1.466275751590728760e-02
1.466275658458471298e-02
1.612903177738189697e-02
2.346041053533554077e-02
1.173020526766777039e-02
1.466275565326213837e-02
1.319648139178752899e-02
1.319648139178752899e-02
2.785923704504966736e-02
1.612903364002704620e-02
1.319648139178752899e-02
1.612903177738189697e-02
1.026392914354801178e-02
1.906158216297626495e-02
1.906158402562141418e-02
2.199413254857063293e-02
2.199413627386093140e-02
1.466275751590728760e-02
1.612903177738189697e-02
2.052785828709602356e-02
2.052785828709602356e-02
1.026392914354801178e-02
2.052786014974117279e-02
2.052786014974117279e-02
2.346041053533554077e-02
3.079178743064403534e-02
1.026392914354801178e-02
2.199413441121578217e-02
2.932551316916942596e-02
2.492668852210044861e-02
3.519061580300331116e-02
1.906158402562141418e-02
2.932551316916942596e-02
2.932551130652427673e-02
4.545454680919647217e-02
4.105571657419204712e-02
4.545454680919647217e-02
4.692082107067108154e-02
4.985336959362030029e-02
5.718475580215454102e-02
6.304985284805297852e-02
7.038122415542602539e-02
6.011730432510375977e-02
8.211144059896469116e-02
8.944281190633773804e-02
9.090908616781234741e-02
1.143694967031478882e-01
1.202346011996269226e-01
1.202345937490463257e-01
1.099706739187240601e-01
1.187683269381523132e-01
1.099706739187240601e-01
1.202345937490463257e-01
1.510263979434967041e-01
1.495601087808609009e-01
1.319648027420043945e-01
1.392961889505386353e-01
1.862169951200485229e-01
1.832844465970993042e-01
1.612903177738189697e-01
1.686217039823532104e-01
2.067448794841766357e-01
1.950146555900573730e-01
1.730205118656158447e-01
2.140762358903884888e-01
1.994134932756423950e-01
2.096774280071258545e-01
2.448680251836776733e-01
2.609970569610595703e-01
2.390029430389404297e-01
2.478005886077880859e-01
2.624633312225341797e-01
2.609970569610595703e-01
2.258064448833465576e-01
2.785923480987548828e-01
2.961876690387725830e-01
2.800586223602294922e-01
2.785923779010772705e-01
2.521994113922119141e-01
3.123167157173156738e-01
3.401759862899780273e-01
3.167155385017395020e-01
3.240469098091125488e-01
3.123167157173156738e-01
3.299120068550109863e-01
3.255131840705871582e-01
3.489736020565032959e-01
3.328445553779602051e-01
3.665688931941986084e-01
3.489736020565032959e-01
3.401759266853332520e-01
3.504398763179779053e-01
3.782990872859954834e-01
3.724340200424194336e-01
3.768328428268432617e-01
3.695014715194702148e-01
3.724340200424194336e-01
4.090909063816070557e-01
4.208211004734039307e-01
3.988269865512847900e-01
3.929618597030639648e-01
4.237536787986755371e-01
4.090909063816070557e-01
4.061583578586578369e-01
4.222874045372009277e-01
4.266861677169799805e-01
4.310850203037261963e-01
4.193548560142517090e-01
4.120234549045562744e-01
4.237536489963531494e-01
4.398826658725738525e-01
4.369501471519470215e-01
4.545454382896423340e-01
4.677419364452362061e-01
4.354838728904724121e-01
4.604105651378631592e-01
4.428152441978454590e-01
4.516128599643707275e-01
4.530791640281677246e-01
4.604105353355407715e-01
4.633430838584899902e-01
4.809384346008300781e-01
4.868035316467285156e-01
4.648093879222869873e-01
4.926686286926269531e-01
4.956011772155761719e-01
4.882697463035583496e-01
4.926685988903045654e-01
5.102639198303222656e-01
4.780058860778808594e-01
5.014662742614746094e-01
4.824047088623046875e-01
4.868035316467285156e-01
5.131964683532714844e-01
5.146627426147460938e-01
5.117301940917968750e-01
5.351905822753906250e-01
5.219941139221191406e-01
5.205278396606445312e-01
5.087976455688476562e-01
5.278592109680175781e-01
5.278592109680175781e-01
5.586510300636291504e-01
5.337243676185607910e-01
5.337243080139160156e-01
5.263929367065429688e-01
5.278592109680175781e-01
5.381231307983398438e-01
5.469207763671875000e-01
5.586510300636291504e-01
5.674486160278320312e-01
5.469207763671875000e-01
5.527858734130859375e-01
5.293254852294921875e-01
5.322580933570861816e-01
5.601173043251037598e-01
5.718474388122558594e-01
5.821114182472229004e-01
5.381231307983398438e-01
5.938415527343750000e-01
5.527858734130859375e-01
5.747799873352050781e-01
5.747799873352050781e-01
5.747800469398498535e-01
5.674486160278320312e-01
5.645161867141723633e-01
5.659823417663574219e-01
5.953078269958496094e-01
5.923753380775451660e-01
5.909090638160705566e-01
5.762463212013244629e-01
