9.840164184570312500e-01
1.792034149169921875e+00
2.602153539657592773e+00
3.423711061477661133e+00
4.249572277069091797e+00
5.073637008666992188e+00
5.899679183959960938e+00
6.735044479370117188e+00
7.553056955337524414e+00
8.374370098114013672e+00
9.196144819259643555e+00
1.004067730903625488e+01
1.085662150382995605e+01
1.169136261940002441e+01
1.251060390472412109e+01
1.333452081680297852e+01
1.416105937957763672e+01
1.497818183898925781e+01
1.578680610656738281e+01
1.660574507713317871e+01
1.742827081680297852e+01
1.825014138221740723e+01
1.906572151184082031e+01
1.987191724777221680e+01
2.065739583969116211e+01
2.147140336036682129e+01
2.231516194343566895e+01
2.314982795715332031e+01
2.397999525070190430e+01
2.478903269767761230e+01
2.562807703018188477e+01
2.646375060081481934e+01
2.728000903129577637e+01
2.809270119667053223e+01
2.892965483665466309e+01
2.974276947975158691e+01
3.056018948554992676e+01
3.139625310897827148e+01
3.221980476379394531e+01
3.303185749053955078e+01
3.384392070770263672e+01
3.465399932861328125e+01
3.544703674316406250e+01
3.625088453292846680e+01
3.710670328140258789e+01
3.797432112693786621e+01
3.879469752311706543e+01
3.960575366020202637e+01
4.042790651321411133e+01
4.124464797973632812e+01
4.208779263496398926e+01
4.292727351188659668e+01
4.372389841079711914e+01
4.452261829376220703e+01
4.534560155868530273e+01
4.618822479248046875e+01
4.704993820190429688e+01
4.790692710876464844e+01
4.877437520027160645e+01
4.964691329002380371e+01
5.050513529777526855e+01
5.139881014823913574e+01
5.226503825187683105e+01
5.314339232444763184e+01
5.402727842330932617e+01
5.489379072189331055e+01
5.577165365219116211e+01
5.663981652259826660e+01
5.750005221366882324e+01
5.836327672004699707e+01
5.926319098472595215e+01
6.015230417251586914e+01
6.101933526992797852e+01
6.190271663665771484e+01
6.280068087577819824e+01
6.367618036270141602e+01
6.455504155158996582e+01
6.543336725234985352e+01
6.632624673843383789e+01
6.721870899200439453e+01
6.810665941238403320e+01
6.899737977981567383e+01
6.986125516891479492e+01
7.074447607994079590e+01
7.162681317329406738e+01
7.252116227149963379e+01
7.336921906471252441e+01
7.424694299697875977e+01
7.514281201362609863e+01
7.602092981338500977e+01
7.691372084617614746e+01
7.779120349884033203e+01
7.865772604942321777e+01
7.954236006736755371e+01
8.041554641723632812e+01
8.129982614517211914e+01
8.218688201904296875e+01
8.308350324630737305e+01
8.396830081939697266e+01
8.486135697364807129e+01
8.574232292175292969e+01
8.664613389968872070e+01
8.751525044441223145e+01
8.839623117446899414e+01
8.927956151962280273e+01
9.017202091217041016e+01
9.105485606193542480e+01
9.193441200256347656e+01
9.281830000877380371e+01
9.370451450347900391e+01
9.458547449111938477e+01
9.548130774497985840e+01
9.637253046035766602e+01
9.728529977798461914e+01
9.817036604881286621e+01
9.906831455230712891e+01
9.994533300399780273e+01
1.008465385437011719e+02
1.017093122005462646e+02
1.024670588970184326e+02
1.032426929473876953e+02
1.040179245471954346e+02
1.047628157138824463e+02
1.055086359977722168e+02
1.062789096832275391e+02
1.070497970581054688e+02
1.078131573200225830e+02
1.086014308929443359e+02
1.093539402484893799e+02
1.100842678546905518e+02
1.108560092449188232e+02
1.115968112945556641e+02
1.123537526130676270e+02
1.131510198116302490e+02
1.139187905788421631e+02
1.146957788467407227e+02
1.154728019237518311e+02
1.162559483051300049e+02
1.171189796924591064e+02
1.179678077697753906e+02
1.187805271148681641e+02
1.195525758266448975e+02
1.203298795223236084e+02
1.211379208564758301e+02
1.218811776638031006e+02
1.227087407112121582e+02
1.235617754459381104e+02
1.243489136695861816e+02
1.251458647251129150e+02
1.259337182044982910e+02
1.268090229034423828e+02
1.275865049362182617e+02
1.283380033969879150e+02
1.291280474662780762e+02
1.299053680896759033e+02
1.306697857379913330e+02
1.315891413688659668e+02
1.323811714649200439e+02
1.331643011569976807e+02
1.339468336105346680e+02
1.347091214656829834e+02
1.354688601493835449e+02
1.362260103225708008e+02
1.370148930549621582e+02
1.377859284877777100e+02
1.385687263011932373e+02
1.393395810127258301e+02
1.401196293830871582e+02
1.409316442012786865e+02
1.417567307949066162e+02
1.425427899360656738e+02
1.433448607921600342e+02
1.440993971824645996e+02
1.448729479312896729e+02
1.456585073471069336e+02
1.464330570697784424e+02
1.472026047706604004e+02
1.480001718997955322e+02
1.487747232913970947e+02
1.495392668247222900e+02
1.503588497638702393e+02
1.512089545726776123e+02
1.520695667266845703e+02
1.528596279621124268e+02
1.536291756629943848e+02
1.543757073879241943e+02
1.551642677783966064e+02
1.559343326091766357e+02
1.567098672389984131e+02
1.574929246902465820e+02
1.582559669017791748e+02
1.590515327453613281e+02
1.597940609455108643e+02
1.605385909080505371e+02
1.613261647224426270e+02
1.621017119884490967e+02
1.628782639503479004e+02
1.636455709934234619e+02
1.644252021312713623e+02
1.652582950592041016e+02
