8.049099445343017578e-01
1.503432989120483398e+00
2.249964237213134766e+00
3.007502794265747070e+00
3.776050329208374023e+00
4.520580053329467773e+00
5.274115324020385742e+00
6.040159940719604492e+00
6.817713260650634766e+00
7.594265460968017578e+00
8.390331745147705078e+00
9.168385267257690430e+00
9.910912990570068359e+00
1.065444207191467285e+01
1.141298174858093262e+01
1.217652487754821777e+01
1.297709441184997559e+01
1.374814295768737793e+01
1.449567484855651855e+01
1.525171232223510742e+01
1.600424790382385254e+01
1.678430247306823730e+01
1.753633737564086914e+01
1.829938101768493652e+01
1.905992126464843750e+01
1.981896090507507324e+01
2.058950948715209961e+01
2.134704780578613281e+01
2.210258555412292480e+01
2.283286643028259277e+01
2.355000495910644531e+01
2.425849437713623047e+01
2.496388602256774902e+01
2.567299604415893555e+01
2.639947724342346191e+01
2.711052417755126953e+01
2.781069397926330566e+01
2.854245042800903320e+01
2.928833031654357910e+01
2.999119186401367188e+01
3.071319580078125000e+01
3.142247986793518066e+01
3.210933184623718262e+01
3.280516743659973145e+01
3.353249120712280273e+01
3.423846745491027832e+01
3.497252249717712402e+01
3.569008827209472656e+01
3.639599561691284180e+01
3.710587263107299805e+01
3.783330249786376953e+01
3.855398297309875488e+01
3.928303146362304688e+01
4.000211977958679199e+01
4.071245169639587402e+01
4.143884110450744629e+01
4.214189815521240234e+01
4.285438513755798340e+01
4.356944441795349121e+01
4.430047392845153809e+01
4.502715301513671875e+01
4.575894594192504883e+01
4.648650789260864258e+01
4.720440602302551270e+01
4.792193126678466797e+01
4.863740897178649902e+01
4.935987234115600586e+01
5.007301211357116699e+01
5.079689049720764160e+01
5.152147746086120605e+01
5.225065898895263672e+01
5.298924160003662109e+01
5.371471309661865234e+01
5.444546818733215332e+01
5.517976331710815430e+01
5.589958810806274414e+01
5.662144160270690918e+01
5.734037542343139648e+01
5.805796432495117188e+01
5.878178453445434570e+01
5.949846410751342773e+01
6.021197223663330078e+01
6.092590737342834473e+01
6.166938400268554688e+01
6.241175246238708496e+01
6.313747930526733398e+01
6.385441637039184570e+01
6.457825303077697754e+01
6.531080269813537598e+01
6.605244159698486328e+01
6.678019094467163086e+01
6.750595355033874512e+01
6.822587895393371582e+01
6.897571682929992676e+01
6.970920085906982422e+01
7.044351005554199219e+01
7.120147633552551270e+01
7.192068815231323242e+01
7.267149066925048828e+01
7.342901563644409180e+01
7.416027784347534180e+01
7.489200663566589355e+01
7.563632225990295410e+01
7.637131094932556152e+01
7.710645604133605957e+01
7.783909201622009277e+01
7.856135272979736328e+01
7.930112957954406738e+01
8.003430533409118652e+01
8.076126670837402344e+01
8.150981235504150391e+01
8.225379157066345215e+01
8.298847270011901855e+01
8.370419311523437500e+01
8.445121979713439941e+01
8.520544385910034180e+01
8.594043540954589844e+01
8.667869567871093750e+01
8.745658874511718750e+01
8.821819353103637695e+01
8.893877243995666504e+01
8.968441128730773926e+01
9.040905237197875977e+01
9.114808154106140137e+01
9.190328931808471680e+01
9.262883853912353516e+01
9.336292266845703125e+01
9.409396386146545410e+01
9.481970405578613281e+01
9.554110288619995117e+01
9.628048968315124512e+01
9.702497720718383789e+01
9.774094867706298828e+01
9.847872447967529297e+01
9.924014878273010254e+01
9.997873878479003906e+01
1.007073729038238525e+02
1.014359822273254395e+02
1.021995034217834473e+02
1.029598147869110107e+02
1.037229404449462891e+02
1.044774789810180664e+02
1.052310266494750977e+02
1.059955027103424072e+02
1.067573251724243164e+02
1.075334656238555908e+02
1.082887465953826904e+02
1.090343689918518066e+02
1.097979288101196289e+02
1.105620558261871338e+02
1.113192610740661621e+02
1.121027543544769287e+02
1.128499364852905273e+02
1.135978477001190186e+02
1.143482875823974609e+02
1.150899446010589600e+02
1.158339757919311523e+02
1.165830726623535156e+02
1.173460533618927002e+02
1.181219770908355713e+02
1.188685526847839355e+02
1.196275198459625244e+02
1.203524770736694336e+02
1.211145823001861572e+02
1.218742969036102295e+02
1.226258993148803711e+02
1.233599035739898682e+02
1.241066448688507080e+02
1.248604295253753662e+02
1.256132864952087402e+02
1.263588767051696777e+02
1.271291930675506592e+02
1.278926002979278564e+02
1.286579701900482178e+02
1.294450142383575439e+02
1.302213597297668457e+02
1.309848117828369141e+02
1.317552578449249268e+02
1.325366303920745850e+02
1.333084068298339844e+02
1.340899624824523926e+02
1.348796486854553223e+02
1.356434659957885742e+02
1.364317743778228760e+02
1.372284932136535645e+02
1.380011579990386963e+02
1.388026843070983887e+02
1.396420218944549561e+02
1.404455935955047607e+02
1.412321531772613525e+02
1.419984500408172607e+02
1.427584359645843506e+02
1.435915284156799316e+02
1.444341282844543457e+02
1.452298500537872314e+02
1.460184917449951172e+02
1.468040132522583008e+02
1.475919187068939209e+02
1.483836379051208496e+02
1.491794815063476562e+02
