7.598252296447753906e-01
1.293643712997436523e+00
1.810446977615356445e+00
2.303796768188476562e+00
2.797722101211547852e+00
3.318424463272094727e+00
3.830105066299438477e+00
4.356176853179931641e+00
4.860455036163330078e+00
5.364691972732543945e+00
5.888975381851196289e+00
6.398022174835205078e+00
6.922105312347412109e+00
7.415714025497436523e+00
7.948748588562011719e+00
8.479511737823486328e+00
9.004142522811889648e+00
9.523725986480712891e+00
1.004630494117736816e+01
1.056599760055541992e+01
1.108782720565795898e+01
1.163030552864074707e+01
1.213774895668029785e+01
1.264488673210144043e+01
1.317249894142150879e+01
1.370009088516235352e+01
1.422654724121093750e+01
1.474034619331359863e+01
1.524680900573730469e+01
1.579051208496093750e+01
1.629332375526428223e+01
1.681089735031127930e+01
1.733634209632873535e+01
1.786408543586730957e+01
1.838016247749328613e+01
1.893388891220092773e+01
1.944429183006286621e+01
1.998080134391784668e+01
2.049769210815429688e+01
2.103873610496520996e+01
2.154568457603454590e+01
2.209806990623474121e+01
2.263233304023742676e+01
2.316784310340881348e+01
2.369372344017028809e+01
2.422517776489257812e+01
2.473318791389465332e+01
2.524519371986389160e+01
2.578021430969238281e+01
2.631318712234497070e+01
2.684301877021789551e+01
2.735097241401672363e+01
2.786068677902221680e+01
2.837017607688903809e+01
2.891611504554748535e+01
2.943907499313354492e+01
2.997119331359863281e+01
3.048929595947265625e+01
3.103050398826599121e+01
3.154558658599853516e+01
3.207502031326293945e+01
3.261601161956787109e+01
3.311704111099243164e+01
3.363869786262512207e+01
3.414316678047180176e+01
3.466003394126892090e+01
3.518718123435974121e+01
3.571451067924499512e+01
3.625569987297058105e+01
3.677683973312377930e+01
3.732120347023010254e+01
3.784304833412170410e+01
3.836850309371948242e+01
3.887243056297302246e+01
3.941988563537597656e+01
3.994374251365661621e+01
4.049914383888244629e+01
4.103355908393859863e+01
4.157141041755676270e+01
4.208751058578491211e+01
4.262563705444335938e+01
4.316618227958679199e+01
4.372053122520446777e+01
4.424776172637939453e+01
4.478649258613586426e+01
4.533418774604797363e+01
4.586197352409362793e+01
4.641762638092041016e+01
4.693642830848693848e+01
4.749144554138183594e+01
4.799860000610351562e+01
4.854122543334960938e+01
4.906033039093017578e+01
4.958288836479187012e+01
5.013414907455444336e+01
5.066953992843627930e+01
5.120062208175659180e+01
5.174687552452087402e+01
5.228938889503479004e+01
5.281983041763305664e+01
5.337736272811889648e+01
5.391494607925415039e+01
5.446758580207824707e+01
5.499535131454467773e+01
5.555769443511962891e+01
5.604904794692993164e+01
5.659009337425231934e+01
5.711504197120666504e+01
5.767216587066650391e+01
5.818576097488403320e+01
5.872797036170959473e+01
5.926761960983276367e+01
5.981340575218200684e+01
6.036990666389465332e+01
6.089547920227050781e+01
6.145673537254333496e+01
6.199395918846130371e+01
6.255312490463256836e+01
6.308212995529174805e+01
6.364090824127197266e+01
6.419742131233215332e+01
6.472986197471618652e+01
6.525136423110961914e+01
6.576201319694519043e+01
6.631485557556152344e+01
6.686990165710449219e+01
6.741737771034240723e+01
6.797495293617248535e+01
6.853659248352050781e+01
6.909537434577941895e+01
6.963167738914489746e+01
7.018488955497741699e+01
7.072739052772521973e+01
7.127705860137939453e+01
7.183555912971496582e+01
7.237988066673278809e+01
7.293389415740966797e+01
7.347029590606689453e+01
7.403950572013854980e+01
7.457799029350280762e+01
7.514091920852661133e+01
7.568447160720825195e+01
7.622681260108947754e+01
7.676479434967041016e+01
7.732543182373046875e+01
7.784957218170166016e+01
7.841546535491943359e+01
7.895205545425415039e+01
7.948993277549743652e+01
8.002645063400268555e+01
8.058574891090393066e+01
8.113184666633605957e+01
8.167556357383728027e+01
8.218507504463195801e+01
8.271977353096008301e+01
8.325599575042724609e+01
8.381058907508850098e+01
8.437028431892395020e+01
8.494142651557922363e+01
8.549556589126586914e+01
8.603614020347595215e+01
8.662467718124389648e+01
8.719890356063842773e+01
8.777045202255249023e+01
8.830253028869628906e+01
8.886217093467712402e+01
8.941095542907714844e+01
8.998530077934265137e+01
9.054620385169982910e+01
9.114317393302917480e+01
9.175379180908203125e+01
9.233061456680297852e+01
9.296351361274719238e+01
9.352723240852355957e+01
9.414495563507080078e+01
9.468670892715454102e+01
9.525689387321472168e+01
9.580671906471252441e+01
9.634609031677246094e+01
9.692127537727355957e+01
9.748101019859313965e+01
9.805693197250366211e+01
9.863973903656005859e+01
9.919518375396728516e+01
9.976147747039794922e+01
1.003103528022766113e+02
1.008872859477996826e+02
1.014522445201873779e+02
1.020411293506622314e+02
1.026110723018646240e+02
1.032003731727600098e+02
1.037774987220764160e+02
1.043206262588500977e+02
1.048930475711822510e+02
1.054329915046691895e+02
1.059705207347869873e+02
1.065308403968811035e+02
1.071109528541564941e+02
1.076998605728149414e+02
1.082694587707519531e+02
