1.812688820064067841e-02
1.107754278928041458e-02
1.611278951168060303e-02
2.215508371591567993e-02
1.309164147824048996e-02
1.913393661379814148e-02
1.309164147824048996e-02
1.510574016720056534e-02
1.812688820064067841e-02
1.107754278928041458e-02
1.510574016720056534e-02
1.409869082272052765e-02
1.309164147824048996e-02
1.107754278928041458e-02
2.014098688960075378e-02
1.107754278928041458e-02
1.107754278928041458e-02
1.510574016720056534e-02
1.611278951168060303e-02
1.309164147824048996e-02
1.309164147824048996e-02
1.107754278928041458e-02
1.812689006328582764e-02
1.107754278928041458e-02
1.611278951168060303e-02
2.114803716540336609e-02
1.812688820064067841e-02
1.611278951168060303e-02
1.107754278928041458e-02
1.007049344480037689e-02
1.711983978748321533e-02
1.409869082272052765e-02
2.014098688960075378e-02
1.812689006328582764e-02
1.711983978748321533e-02
1.611278951168060303e-02
1.711983978748321533e-02
2.014098688960075378e-02
1.208459213376045227e-02
1.409869082272052765e-02
2.014098688960075378e-02
1.309164147824048996e-02
1.611278951168060303e-02
1.309164147824048996e-02
7.049345411360263824e-03
1.409869082272052765e-02
1.611278951168060303e-02
1.309164147824048996e-02
1.812688820064067841e-02
9.063444100320339203e-03
1.007049344480037689e-02
1.711983978748321533e-02
1.409869082272052765e-02
5.035246722400188446e-03
1.611278951168060303e-02
1.107754278928041458e-02
1.611278951168060303e-02
1.611278951168060303e-02
1.309164147824048996e-02
1.409869082272052765e-02
2.014098688960075378e-02
1.711983978748321533e-02
8.056394755840301514e-03
2.114803530275821686e-02
1.409869082272052765e-02
1.107754278928041458e-02
1.913393847644329071e-02
5.035246722400188446e-03
1.510574016720056534e-02
1.510574016720056534e-02
2.014098688960075378e-02
1.711983978748321533e-02
1.309164147824048996e-02
1.711983978748321533e-02
1.208459213376045227e-02
1.510574016720056534e-02
1.309164147824048996e-02
1.711983978748321533e-02
1.510574016720056534e-02
1.107754278928041458e-02
1.208459213376045227e-02
1.309164147824048996e-02
1.409869082272052765e-02
1.711983978748321533e-02
1.409869082272052765e-02
1.711983978748321533e-02
1.007049344480037689e-02
1.409869082272052765e-02
1.409869082272052765e-02
6.042296066880226135e-03
1.309164147824048996e-02
1.913393661379814148e-02
1.208459213376045227e-02
1.007049344480037689e-02
1.208459213376045227e-02
1.309164147824048996e-02
1.208459213376045227e-02
1.208459213376045227e-02
1.309164147824048996e-02
1.007049344480037689e-02
9.063444100320339203e-03
1.107754278928041458e-02
1.711983978748321533e-02
1.611278951168060303e-02
1.309164147824048996e-02
1.309164147824048996e-02
1.510574016720056534e-02
1.812688820064067841e-02
1.208459213376045227e-02
1.107754278928041458e-02
1.208459213376045227e-02
1.107754278928041458e-02
1.309164147824048996e-02
8.056394755840301514e-03
1.711983978748321533e-02
1.208459213376045227e-02
2.416918426752090454e-02
2.316213399171829224e-02
1.409869082272052765e-02
1.812689006328582764e-02
1.409869082272052765e-02
1.510574016720056534e-02
1.409869082272052765e-02
1.711983978748321533e-02
1.913393661379814148e-02
1.510574016720056534e-02
1.913393661379814148e-02
1.812688820064067841e-02
2.014098688960075378e-02
1.611278951168060303e-02
2.215508744120597839e-02
2.618328295648097992e-02
2.416918426752090454e-02
3.021147847175598145e-02
2.819738350808620453e-02
3.423967584967613220e-02
3.826787695288658142e-02
4.128902405500411987e-02
4.229607433080673218e-02
4.934541881084442139e-02
4.934541881084442139e-02
5.438067018985748291e-02
5.740180984139442444e-02
5.236656591296195984e-02
6.545820087194442749e-02
8.056394755840301514e-02
7.250755280256271362e-02
8.459214866161346436e-02
7.854984700679779053e-02
8.157099038362503052e-02
9.365558624267578125e-02
8.962740004062652588e-02
9.768378734588623047e-02
1.117824763059616089e-01
1.057401821017265320e-01
1.158106848597526550e-01
1.268882155418395996e-01
1.450151056051254272e-01
1.430010050535202026e-01
1.268882155418395996e-01
1.409869045019149780e-01
1.389728188514709473e-01
1.631419807672500610e-01
1.278952658176422119e-01
1.500503569841384888e-01
1.661631464958190918e-01
1.651560962200164795e-01
1.742195338010787964e-01
1.631419956684112549e-01
1.953675746917724609e-01
2.104733139276504517e-01
1.893252730369567871e-01
1.973816603422164917e-01
2.074521780014038086e-01
2.185297012329101562e-01
2.215508520603179932e-01
2.366565912961959839e-01
2.306142896413803101e-01
2.416918426752090454e-01
2.225578874349594116e-01
2.416918426752090454e-01
2.487411797046661377e-01
2.608257830142974854e-01
2.618328332901000977e-01
2.537764310836791992e-01
2.729103863239288330e-01
2.708962857723236084e-01
2.870090603828430176e-01
2.729103863239288330e-01
2.980866134166717529e-01
3.011077642440795898e-01
3.212487399578094482e-01
3.182275891304016113e-01
3.192346692085266113e-01
3.242698907852172852e-01
3.202417194843292236e-01
3.363544642925262451e-01
3.434038758277893066e-01
3.474320471286773682e-01
3.524672687053680420e-01
