2.386698484420776367e+00
4.417141914367675781e+00
6.398551225662231445e+00
8.405979633331298828e+00
1.042041182518005371e+01
1.246086335182189941e+01
1.450631880760192871e+01
1.653275990486145020e+01
1.856220364570617676e+01
2.060965967178344727e+01
2.264210557937622070e+01
2.465053439140319824e+01
2.669899106025695801e+01
2.873443889617919922e+01
3.072887158393859863e+01
3.279232525825500488e+01
3.480875992774963379e+01
3.680718111991882324e+01
3.888365840911865234e+01
4.091710638999938965e+01
4.290852141380310059e+01
4.497198891639709473e+01
4.713252568244934082e+01
4.916196990013122559e+01
5.119441509246826172e+01
5.321184992790222168e+01
5.523729109764099121e+01
5.725072360038757324e+01
5.926615715026855469e+01
6.127458500862121582e+01
6.330703091621398926e+01
6.536049151420593262e+01
6.739794087409973145e+01
6.940136599540710449e+01
7.141980147361755371e+01
7.344324064254760742e+01
7.551671576499938965e+01
7.754715991020202637e+01
7.955258631706237793e+01
8.157902812957763672e+01
8.358745718002319336e+01
8.558888077735900879e+01
8.760231232643127441e+01
8.961574482917785645e+01
9.162117171287536621e+01
9.364761281013488770e+01
9.573709917068481445e+01
9.777154684066772461e+01
9.982200455665588379e+01
1.018754658699035645e+02
1.038818919658660889e+02
1.059063322544097900e+02
1.079137599468231201e+02
1.099542114734649658e+02
1.119436264038085938e+02
1.139640636444091797e+02
1.160322523117065430e+02
1.180717027187347412e+02
1.201091520786285400e+02
1.222176518440246582e+02
1.242821207046508789e+02
1.263485901355743408e+02
1.284080553054809570e+02
1.304344966411590576e+02
1.324839549064636230e+02
1.345424191951751709e+02
1.365768656730651855e+02
1.386273243427276611e+02
1.406727797985076904e+02
1.427542600631713867e+02
1.447917230129241943e+02
1.468471713066101074e+02
1.488946282863616943e+02
1.509240715503692627e+02
1.529745302200317383e+02
1.550179831981658936e+02
1.570604362487792969e+02
1.590698654651641846e+02
1.610852987766265869e+02
1.631097404956817627e+02
1.651331787109375000e+02
1.671756315231323242e+02
1.692290916442871094e+02
1.712725450992584229e+02
1.733109955787658691e+02
1.753584527969360352e+02
1.773999037742614746e+02
1.794403553009033203e+02
1.815008211135864258e+02
1.835412731170654297e+02
1.855917310714721680e+02
1.876161713600158691e+02
1.896446137428283691e+02
1.916710550785064697e+02
1.937014994621276855e+02
1.957279415130615234e+02
1.977663917541503906e+02
1.997858276367187500e+02
2.018322832584381104e+02
2.038096895217895508e+02
2.058161168098449707e+02
2.078135371208190918e+02
2.098369767665863037e+02
2.118774290084838867e+02
2.139248847961425781e+02
2.159142999649047852e+02
2.179397411346435547e+02
2.199741873741149902e+02
2.220006291866302490e+02
2.240040540695190430e+02
2.260244917869567871e+02
2.280439276695251465e+02
2.300783748626708984e+02
2.321058170795440674e+02
2.341392631530761719e+02
2.361837174892425537e+02
2.382141618728637695e+02
2.401895670890808105e+02
2.422370233535766602e+02
2.442644653320312500e+02
2.462618865966796875e+02
2.482893288135528564e+02
2.503307807445526123e+02
2.523482158184051514e+02
2.543926699161529541e+02
2.564181103706359863e+02
2.584505560398101807e+02
2.605000138282775879e+02
2.625724885463714600e+02
2.646119389533996582e+02
2.666243703365325928e+02
2.686348001956939697e+02
2.706792545318603516e+02
2.726736738681793213e+02
2.747421452999114990e+02
2.767886009216308594e+02
2.789081082344055176e+02
2.809435560703277588e+02
2.829269669055938721e+02
2.849874327182769775e+02
2.869688425064086914e+02
2.890283064842224121e+02
2.910707597732543945e+02
2.931022045612335205e+02
2.951076314449310303e+02
2.971330714225769043e+02
2.991404995918273926e+02
3.011869730949401855e+02
3.031893794536590576e+02
3.052138195037841797e+02
3.072482671737670898e+02
3.092837142944335938e+02
3.112901575565338135e+02
3.133025732040405273e+02
3.153430242538452148e+02
3.173814747333526611e+02
3.193869009017944336e+02
3.214193465709686279e+02
3.234728076457977295e+02
3.255362749099731445e+02
3.275637173652648926e+02
3.295761485099792480e+02
3.316145989894866943e+02
3.336610541343688965e+02
3.356484682559967041e+02
3.376979258060455322e+02
3.397473833560943604e+02
3.417418022155761719e+02
3.436981940269470215e+02
3.458387162685394287e+02
3.478841719627380371e+02
3.499286258220672607e+02
3.519710786342620850e+02
3.540145323276519775e+02
3.560219597816467285e+02
3.580654134750366211e+02
3.600708396434783936e+02
3.621102910041809082e+02
3.641657536029815674e+02
3.662122089862823486e+02
3.682496581077575684e+02
3.702861065864562988e+02
3.723055434226989746e+02
3.743189747333526611e+02
3.763694334030151367e+02
3.783928730487823486e+02
3.804483344554901123e+02
3.825098016262054443e+02
3.845562577247619629e+02
3.865836992263793945e+02
3.886131429672241211e+02
3.906455883979797363e+02
3.926900422573089600e+02
3.946784570217132568e+02
3.967259135246276855e+02
3.988374147415161133e+02
4.008588535785675049e+02
4.028742864131927490e+02
4.049377548694610596e+02
4.069892137050628662e+02
