2.521793365478515625e+00
4.666319131851196289e+00
6.834861040115356445e+00
9.044433116912841797e+00
1.119496321678161621e+01
1.335850143432617188e+01
1.550703001022338867e+01
1.773961806297302246e+01
1.989515137672424316e+01
2.206570887565612793e+01
2.425225114822387695e+01
2.648483848571777344e+01
2.866939282417297363e+01
3.089797830581665039e+01
3.305951523780822754e+01
3.521604943275451660e+01
3.738058876991271973e+01
3.956315493583679199e+01
4.175770211219787598e+01
4.396627354621887207e+01
4.610979795455932617e+01
4.826332998275756836e+01
5.043987774848937988e+01
5.261442470550537109e+01
5.479397487640380859e+01
5.695451235771179199e+01
5.915307664871215820e+01
6.135664296150207520e+01
6.357221937179565430e+01
6.572274899482727051e+01
6.789029073715209961e+01
7.009185695648193359e+01
7.223838329315185547e+01
7.443194389343261719e+01
7.661549854278564453e+01
7.877002978324890137e+01
8.101262521743774414e+01
8.320218253135681152e+01
8.542276191711425781e+01
8.762032485008239746e+01
8.983290028572082520e+01
9.202846074104309082e+01
9.420600962638854980e+01
9.643559527397155762e+01
9.859813356399536133e+01
1.007686784267425537e+02
1.029572343826293945e+02
1.051618020534515381e+02
1.073623819351196289e+02
1.095239055156707764e+02
1.116964511871337891e+02
1.138940138816833496e+02
1.160845715999603271e+02
1.182561168670654297e+02
1.204776964187622070e+02
1.226642520427703857e+02
1.248528091907501221e+02
1.270823950767517090e+02
1.292379281520843506e+02
1.314224817752838135e+02
1.335920255184173584e+02
1.358106029033660889e+02
1.380081667900085449e+02
1.402437570095062256e+02
1.424933571815490723e+02
1.446689040660858154e+02
1.468594632148742676e+02
1.492391555309295654e+02
1.514467253684997559e+02
1.536452894210815430e+02
1.558248398303985596e+02
1.579993870258331299e+02
1.601899447441101074e+02
1.624195322990417480e+02
1.647191660404205322e+02
1.671222772598266602e+02
1.693952476978302002e+02
1.716026959419250488e+02
1.739061229228973389e+02
1.761784152984619141e+02
1.784249706268310547e+02
1.806847610473632812e+02
1.828813183307647705e+02
1.850840132236480713e+02
1.873182809352874756e+02
1.894910893440246582e+02
1.917046637535095215e+02
1.939422547817230225e+02
1.961618335247039795e+02
1.983313770294189453e+02
2.013335125446319580e+02
2.035470869541168213e+02
2.057156298160552979e+02
2.078901770114898682e+02
2.102578604221343994e+02
2.126335651874542236e+02
2.148631370067596436e+02
2.170396842956542969e+02
2.192192344665527344e+02
2.213937814235687256e+02
2.235953474044799805e+02
2.258089222908020020e+02
2.280074863433837891e+02
2.301740272045135498e+02
2.323365652561187744e+02
2.345201184749603271e+02
2.367396969795227051e+02
2.389522716999053955e+02
2.411138091087341309e+02
2.432493278980255127e+02
2.454238746166229248e+02
2.476384496688842773e+02
2.498510231971740723e+02
2.520385797023773193e+02
2.541700954437255859e+02
2.563396387100219727e+02
2.584811630249023438e+02
2.608478460311889648e+02
2.630013782978057861e+02
2.652029459476470947e+02
2.673674836158752441e+02
2.695450325012207031e+02
2.717836246490478516e+02
2.739911944866180420e+02
2.761997659206390381e+02
2.783503098487854004e+02
2.805258426666259766e+02
2.827043924331665039e+02
2.848619270324707031e+02
2.869954445362091064e+02
2.891569826602935791e+02
2.913265404701232910e+02
2.935050754547119141e+02
2.956796448230743408e+02
2.978952357769012451e+02
3.001048073768615723e+02
3.023333930969238281e+02
3.045089411735534668e+02
3.066934940814971924e+02
3.088740448951721191e+02
3.110716087818145752e+02
3.132551615238189697e+02
3.154417166709899902e+02
3.176372787952423096e+02
3.197888095378875732e+02
3.219683592319488525e+02
3.241549146175384521e+02
3.263274600505828857e+02
3.284679830074310303e+02
3.306275186538696289e+02
3.328060686588287354e+02
3.349806153774261475e+02
3.371551618576049805e+02
3.393787436485290527e+02
3.415582933425903320e+02
3.437328410148620605e+02
3.459254007339477539e+02
3.481309695243835449e+02
3.503315351009368896e+02
3.525190906524658203e+02
3.547096488475799561e+02
3.569482407569885254e+02
3.591347959041595459e+02
3.618437242507934570e+02
3.641723802089691162e+02
3.664580056667327881e+02
3.686075341701507568e+02
3.708661413192749023e+02
3.730546977519989014e+02
3.752382504940032959e+02
3.774037909507751465e+02
3.795723340511322021e+02
3.817468805313110352e+02
3.839244296550750732e+02
3.860679543018341064e+02
3.882404997348785400e+02
3.904180483818054199e+02
3.925785856246948242e+02
3.947491295337677002e+02
3.969036617279052734e+02
3.990902166366577148e+02
4.012987883090972900e+02
4.034913475513458252e+02
4.056548864841461182e+02
4.078014135360717773e+02
4.099779622554779053e+02
4.121194849014282227e+02
4.142870266437530518e+02
4.164665770530700684e+02
4.186101024150848389e+02
4.207966573238372803e+02
4.229501898288726807e+02
4.250987308025360107e+02
4.272872743606567383e+02
4.294157881736755371e+02
4.315953383445739746e+02
4.337768902778625488e+02
4.359374275207519531e+02
4.381840257644653320e+02
4.403685786724090576e+02
