2.745453119277954102e+00
5.049592018127441406e+00
7.320707082748413086e+00
9.354153633117675781e+00
1.146265411376953125e+01
1.350860905647277832e+01
1.559108996391296387e+01
1.768357944488525391e+01
1.971802639961242676e+01
2.173245859146118164e+01
2.367584085464477539e+01
2.568176817893981934e+01
2.768569350242614746e+01
2.976975274085998535e+01
3.167629599571228027e+01
3.355767440795898438e+01
3.549806857109069824e+01
3.740942811965942383e+01
3.939784240722656250e+01
4.137524914741516113e+01
4.327860307693481445e+01
4.520597410202026367e+01
4.710032105445861816e+01
4.902068734169006348e+01
5.094005227088928223e+01
5.285941839218139648e+01
5.474375844001770020e+01
5.665411686897277832e+01
5.861050891876220703e+01
6.049986767768859863e+01
6.243923234939575195e+01
6.453372192382812500e+01
6.672928357124328613e+01
6.894385933876037598e+01
7.116443848609924316e+01
7.312082958221435547e+01
7.506521296501159668e+01
7.697056841850280762e+01
7.892996215820312500e+01
8.087334442138671875e+01
8.280772042274475098e+01
8.473208951950073242e+01
8.671149730682373047e+01
8.862986159324645996e+01
9.055823326110839844e+01
9.245858550071716309e+01
9.440196728706359863e+01
9.634434938430786133e+01
9.824370026588439941e+01
1.001770753860473633e+02
1.020671830177307129e+02
1.040455906391143799e+02
1.059819681644439697e+02
1.079133419990539551e+02
1.098096909523010254e+02
1.116610071659088135e+02
1.135783712863922119e+02
1.154947342872619629e+02
1.174010906219482422e+02
1.193204557895660400e+02
1.212047960758209229e+02
1.231351692676544189e+02
1.250455274581909180e+02
1.269378738403320312e+02
1.288352234363555908e+02
1.307215654850006104e+02
1.326349420547485352e+02
1.345572938919067383e+02
1.364966733455657959e+02
1.384500629901885986e+02
1.403644244670867920e+02
1.422967989444732666e+02
1.442291734218597412e+02
1.461495399475097656e+02
1.480649018287658691e+02
1.499612510204315186e+02
1.518575997352600098e+02
1.537499454021453857e+02
1.556502978801727295e+02
1.575646591186523438e+02
1.594770202636718750e+02
1.613733849525451660e+02
1.632877299785614014e+02
1.652661378383636475e+02
1.671724932193756104e+02
1.690728454589843750e+02
1.710182292461395264e+02
1.729846279621124268e+02
1.748889830112457275e+02
1.768133513927459717e+02
1.787437245845794678e+02
1.806700949668884277e+02
1.826084733009338379e+02
1.845158295631408691e+02
1.864201848506927490e+02
1.883415515422821045e+02
1.902288937568664551e+02
1.921482594013214111e+02
1.940896401405334473e+02
1.959929938316345215e+02
1.979133601188659668e+02
1.998457350730895996e+02
2.017891163825988770e+02
2.037094824314117432e+02
2.056098346710205078e+02
2.075632240772247314e+02
2.095126106739044189e+02
2.114429833889007568e+02
2.133333284854888916e+02
2.152506918907165527e+02
2.171170198917388916e+02
2.190183718204498291e+02
2.209367368221282959e+02
2.228510985374450684e+02
2.247814712524414062e+02
2.267248542308807373e+02
2.286542258262634277e+02
2.305775952339172363e+02
2.324849510192871094e+02
2.343813004493713379e+02
2.363346896171569824e+02
2.383941547870635986e+02
2.403195245265960693e+02
2.423949999809265137e+02
2.443473892211914062e+02
2.462947740554809570e+02
2.482231462001800537e+02
2.501715316772460938e+02
2.520798885822296143e+02
2.540072598457336426e+02
2.559466392993927002e+02
2.578920235633850098e+02
2.597823677062988281e+02
2.617057359218597412e+02
2.636441149711608887e+02
2.655504713058471680e+02
2.674918522834777832e+02
2.694182221889495850e+02
2.713445930480957031e+02
2.732859735488891602e+02
2.752453672885894775e+02
2.771697356700897217e+02
2.791201233863830566e+02
2.812596464157104492e+02
2.832312915325164795e+02
2.851546587944030762e+02
2.870810449123382568e+02
2.889833824634552002e+02
2.908917396068572998e+02
2.928281176090240479e+02
2.947264676094055176e+02
2.966808576583862305e+02
2.986032257080078125e+02
3.005476088523864746e+02
3.024929919242858887e+02
3.044143586158752441e+02
3.063587424755096436e+02
3.083001229763031006e+02
3.102174868583679199e+02
3.121218414306640625e+02
3.140261957645416260e+02
3.159645752906799316e+02
3.179649982452392578e+02
3.198173148632049561e+02
3.217356796264648438e+02
3.236560602188110352e+02
3.255964262485504150e+02
3.275158057212829590e+02
3.294481663703918457e+02
3.313755381107330322e+02
3.332946293354034424e+02
3.352290065288543701e+02
3.371553924083709717e+02
3.390627331733703613e+02
3.410131196975708008e+02
3.429144723415374756e+02
3.448618576526641846e+02
3.467672131061553955e+02
3.486795735359191895e+02
3.506159508228302002e+02
3.526083681583404541e+02
3.545447456836700439e+02
3.564971337318420410e+02
3.584014880657196045e+02
3.603168509006500244e+02
3.622372171878814697e+02
3.641986265182495117e+02
3.661479985713958740e+02
3.681214027404785156e+02
3.700607826709747314e+02
3.719771451950073242e+02
3.739775681495666504e+02
3.759629814624786377e+02
3.778633315563201904e+02
3.798047130107879639e+02
3.817440924644470215e+02
3.837204983234405518e+02
3.856838948726654053e+02
3.876252753734588623e+02
3.895866715908050537e+02
