1.305428743362426758e+00
2.548813581466674805e+00
3.813713788986206055e+00
5.084616899490356445e+00
6.352519035339355469e+00
7.569384574890136719e+00
8.820346117019653320e+00
1.005472421646118164e+01
1.127559232711791992e+01
1.252328157424926758e+01
1.377115559577941895e+01
1.502654886245727539e+01
1.631946802139282227e+01
1.757335996627807617e+01
1.884676575660705566e+01
2.012867736816406250e+01
2.138106846809387207e+01
2.261894893646240234e+01
2.387334108352661133e+01
2.511622571945190430e+01
2.638162541389465332e+01
2.763302993774414062e+01
2.890141820907592773e+01
3.013029265403747559e+01
3.138768649101257324e+01
3.263707542419433594e+01
3.389947271347045898e+01
3.513285017013549805e+01
3.639724969863891602e+01
3.768366456031799316e+01
3.892855024337768555e+01
4.015942573547363281e+01
4.142332482337951660e+01
4.265770268440246582e+01
4.394561934471130371e+01
4.519100499153137207e+01
4.642288112640380859e+01
4.768627977371215820e+01
4.896268725395202637e+01
5.021107649803161621e+01
5.146396684646606445e+01
5.274037432670593262e+01
5.397825574874877930e+01
5.522414135932922363e+01
5.655358743667602539e+01
5.782799410820007324e+01
5.907488083839416504e+01
6.035779333114624023e+01
6.166772484779357910e+01
6.293812870979309082e+01
6.435313653945922852e+01
6.571560454368591309e+01
6.704204726219177246e+01
6.830344486236572266e+01
6.953632211685180664e+01
7.080072093009948730e+01
7.202759408950805664e+01
7.328850531578063965e+01
7.452569794654846191e+01
7.581261372566223145e+01
7.704849243164062500e+01
7.833540821075439453e+01
7.960431075096130371e+01
8.087471413612365723e+01
8.213861322402954102e+01
8.346755862236022949e+01
8.472845578193664551e+01
8.599235439300537109e+01
8.725977206230163574e+01
8.853516316413879395e+01
8.980606770515441895e+01
9.106146025657653809e+01
9.233236408233642578e+01
9.360326910018920898e+01
9.487467265129089355e+01
9.611255335807800293e+01
9.743549418449401855e+01
9.869989395141601562e+01
9.997580099105834961e+01
1.012311942577362061e+02
1.024955930709838867e+02
1.037534887790679932e+02
1.049943711757659912e+02
1.062467615604400635e+02
1.075201807022094727e+02
1.088496265411376953e+02
1.101030175685882568e+02
1.113674170970916748e+02
1.126853549480438232e+02
1.139542574882507324e+02
1.152216589450836182e+02
1.164950649738311768e+02
1.177869837284088135e+02
1.190548856258392334e+02
1.203167829513549805e+02
1.215626692771911621e+02
1.228435814380645752e+02
1.241304960250854492e+02
1.254229149818420410e+02
1.266973216533660889e+02
1.279659841060638428e+02
1.292508985996246338e+02
1.306609008312225342e+02
1.319808402061462402e+02
1.332307288646697998e+02
1.345126492977142334e+02
1.357940521240234375e+02
1.370784657001495361e+02
1.383413643836975098e+02
1.396071140766143799e+02
1.409700834751129150e+02
1.422494940757751465e+02
1.435904479026794434e+02
1.448653540611267090e+02
1.461062366962432861e+02
1.474046604633331299e+02
1.487040853500366211e+02
1.499829950332641602e+02
1.512243776321411133e+02
1.524967823028564453e+02
1.537766931056976318e+02
1.550796201229095459e+02
1.563540265560150146e+02
1.576039164066314697e+02
1.588996834754943848e+02
1.601535756587982178e+02
1.615393202304840088e+02
1.628359303474426270e+02
1.642034032344818115e+02
1.656519331932067871e+02
1.669448528289794922e+02
1.682012472152709961e+02
1.694866611957550049e+02
1.709867274761199951e+02
1.722271103858947754e+02
1.735060195922851562e+02
1.747886726856231689e+02
1.760635793209075928e+02
1.773700087070465088e+02
1.786203980445861816e+02
1.798933033943176270e+02
1.812327651977539062e+02
1.825081732273101807e+02
1.837950894832611084e+02
1.851105384826660156e+02
1.864369683265686035e+02
1.877348911762237549e+02
1.890313129425048828e+02
1.903097221851348877e+02
1.915836284160614014e+02
1.928620383739471436e+02
1.941099259853363037e+02
1.953933386802673340e+02
1.966772663593292236e+02
1.979646675586700439e+02
1.992400746345520020e+02
2.005349960327148438e+02
2.018089022636413574e+02
2.030712995529174805e+02
2.043372006416320801e+02
2.056406388282775879e+02
2.069125428199768066e+02
2.081734395027160645e+02
2.094523494243621826e+02
2.107267558574676514e+02
2.120061669349670410e+02
2.133025882244110107e+02
2.145819981098175049e+02
2.158814227581024170e+02
2.171478233337402344e+02
2.184137241840362549e+02
2.196731200218200684e+02
2.209650390148162842e+02
2.222259354591369629e+02
2.235113501548767090e+02
2.248047699928283691e+02
2.260676681995391846e+02
2.273420908451080322e+02
2.287446205615997314e+02
2.300225296020507812e+02
2.313469719886779785e+02
2.326513998508453369e+02
2.339918534755706787e+02
2.352812705039978027e+02
2.365831971168518066e+02
2.378791184425354004e+02
2.391565272808074951e+02
2.404204258918762207e+02
2.416968338489532471e+02
2.429927558898925781e+02
2.442936813831329346e+02
2.455745944976806641e+02
2.468700144290924072e+02
2.481349139213562012e+02
2.494293341636657715e+02
2.507202525138854980e+02
2.519976613521575928e+02
2.532735686302185059e+02
2.545709915161132812e+02
2.558629105091094971e+02
