1.609195396304130554e-02
1.871921122074127197e-02
1.871921122074127197e-02
1.444991771131753922e-02
1.543513964861631393e-02
1.215106714516878128e-02
1.609195396304130554e-02
1.379310339689254761e-02
1.674876734614372253e-02
1.609195396304130554e-02
1.707717590034008026e-02
1.707717590034008026e-02
1.839080452919006348e-02
1.773398928344249725e-02
1.543514057993888855e-02
1.510673202574253082e-02
1.871921122074127197e-02
1.510673109441995621e-02
1.839080452919006348e-02
1.773398928344249725e-02
1.510673202574253082e-02
1.937602646648883820e-02
2.134646847844123840e-02
2.068965509533882141e-02
1.674876734614372253e-02
2.167487703263759613e-02
2.463054098188877106e-02
2.725780010223388672e-02
3.284072130918502808e-02
3.973727673292160034e-02
4.597701132297515869e-02
4.926108196377754211e-02
5.779967457056045532e-02
5.878488719463348389e-02
7.553365826606750488e-02
7.947455346584320068e-02
9.195402264595031738e-02
1.050902977585792542e-01
1.018062457442283630e-01
1.083743795752525330e-01
1.159277483820915222e-01
1.353037804365158081e-01
1.333333253860473633e-01
1.569786518812179565e-01
1.553366035223007202e-01
1.737274080514907837e-01
1.970443427562713623e-01
2.049261182546615601e-01
2.154351472854614258e-01
2.288998365402221680e-01
2.423645108938217163e-01
2.518883347511291504e-01
2.696223258972167969e-01
2.817734181880950928e-01
2.830870151519775391e-01
2.939244508743286133e-01
2.932676374912261963e-01
2.945812940597534180e-01
3.290640413761138916e-01
3.323480784893035889e-01
3.438423573970794678e-01
3.477832376956939697e-01
3.615763485431671143e-01
3.697865009307861328e-01
3.760262429714202881e-01
3.779966831207275391e-01
3.822659552097320557e-01
3.881773054599761963e-01
3.977011442184448242e-01
4.213464558124542236e-01
3.957306742668151855e-01
4.229885041713714600e-01
4.174055457115173340e-01
4.243021309375762939e-01
4.354679584503173828e-01
4.259441494941711426e-01
4.433497190475463867e-01
4.374383985996246338e-01
4.479474127292633057e-01
4.607553184032440186e-01
4.607553184032440186e-01
4.627257287502288818e-01
4.699507355690002441e-01
4.709359109401702881e-01
4.765188694000244141e-01
4.768472611904144287e-01
4.926108121871948242e-01
4.886698722839355469e-01
4.761903882026672363e-01
4.991789460182189941e-01
5.011493563652038574e-01
5.027914643287658691e-01
4.952380657196044922e-01
5.139572620391845703e-01
5.113300085067749023e-01
5.139573216438293457e-01
5.270935893058776855e-01
5.155993103981018066e-01
5.293923616409301758e-01
5.247946977615356445e-01
5.464695692062377930e-01
5.277503728866577148e-01
5.303776264190673828e-01
5.405582189559936523e-01
5.530377626419067383e-01
5.359605550765991211e-01
5.527093410491943359e-01
5.474547743797302246e-01
5.497536659240722656e-01
5.665024518966674805e-01
5.553365945816040039e-01
5.513957142829895020e-01
5.592774748802185059e-01
5.661739706993103027e-01
5.701149106025695801e-01
5.605911016464233398e-01
5.582922101020812988e-01
5.671591758728027344e-01
5.756977796554565430e-01
5.724137425422668457e-01
5.904761552810668945e-01
5.747125744819641113e-01
5.839079618453979492e-01
5.862067937850952148e-01
5.881772637367248535e-01
5.809522867202758789e-01
5.848932266235351562e-01
5.931034088134765625e-01
5.977010726928710938e-01
5.993431210517883301e-01
5.812807083129882812e-01
5.898193120956420898e-01
6.052544713020324707e-01
6.032840013504028320e-01
6.078817248344421387e-01
6.075532436370849609e-01
6.308702230453491211e-01
5.960590243339538574e-01
6.059112548828125000e-01
6.068964600563049316e-01
6.045976877212524414e-01
6.193758845329284668e-01
6.285713911056518555e-01
6.213463544845581055e-01
6.269294023513793945e-01
6.249588727951049805e-01
6.295565962791442871e-01
6.098521351814270020e-01
6.190475821495056152e-01
6.216747760772705078e-01
6.302133798599243164e-01
6.206895112991333008e-01
6.259441375732421875e-01
6.295565962791442871e-01
6.298849582672119141e-01
6.318554282188415527e-01
6.403939723968505859e-01
6.295565366744995117e-01
6.407223939895629883e-01
6.436781287193298340e-01
6.302134394645690918e-01
6.420360207557678223e-01
6.436780691146850586e-01
6.472905874252319336e-01
6.367815136909484863e-01
6.400656700134277344e-01
6.430212855339050293e-01
6.430212855339050293e-01
6.433497071266174316e-01
6.446632742881774902e-01
6.486042141914367676e-01
6.482757925987243652e-01
6.423645019531250000e-01
6.545155048370361328e-01
6.499177813529968262e-01
6.545155644416809082e-01
6.660097837448120117e-01
6.574711799621582031e-01
6.535302996635437012e-01
6.512314677238464355e-01
6.660097837448120117e-01
6.555007696151733398e-01
6.630541086196899414e-01
6.571427583694458008e-01
6.614120602607727051e-01
6.666665673255920410e-01
6.610836386680603027e-01
6.584564447402954102e-01
6.729063987731933594e-01
6.660097241401672363e-01
6.715927124023437500e-01
6.650245785713195801e-01
6.715926527976989746e-01
6.686370968818664551e-01
6.706074476242065430e-01
6.650245785713195801e-01
6.886698603630065918e-01
6.735631227493286133e-01
6.696222424507141113e-01
6.702791452407836914e-01
