1.904761977493762970e-02
2.101806364953517914e-02
1.806239597499370575e-02
1.871921122074127197e-02
1.904761791229248047e-02
1.904761977493762970e-02
2.003283798694610596e-02
1.937602646648883820e-02
1.970443129539489746e-02
1.937602460384368896e-02
1.904761791229248047e-02
2.003284171223640442e-02
1.970443129539489746e-02
1.970443129539489746e-02
1.970443129539489746e-02
1.970443129539489746e-02
1.937602832913398743e-02
1.871921122074127197e-02
2.003284171223640442e-02
1.970443129539489746e-02
2.003284171223640442e-02
1.970443129539489746e-02
1.970443129539489746e-02
1.970443129539489746e-02
1.970443129539489746e-02
1.970443129539489746e-02
1.904761791229248047e-02
1.970443129539489746e-02
2.003284171223640442e-02
1.970443502068519592e-02
1.970443129539489746e-02
1.970443502068519592e-02
2.003284171223640442e-02
1.970443129539489746e-02
1.937602460384368896e-02
1.970443129539489746e-02
2.003283798694610596e-02
1.970443502068519592e-02
2.036124840378761292e-02
1.970443129539489746e-02
1.970443129539489746e-02
2.003284171223640442e-02
1.937602460384368896e-02
1.937602460384368896e-02
1.970443129539489746e-02
1.970443129539489746e-02
1.970443315804004669e-02
1.970443502068519592e-02
1.937602832913398743e-02
1.970443129539489746e-02
1.970443129539489746e-02
2.003284171223640442e-02
1.937602460384368896e-02
1.970443502068519592e-02
1.970443502068519592e-02
1.970443129539489746e-02
1.970443129539489746e-02
1.970443129539489746e-02
1.970443129539489746e-02
1.970443129539489746e-02
1.970443129539489746e-02
1.970443502068519592e-02
1.970443129539489746e-02
1.970443129539489746e-02
1.970443502068519592e-02
1.970443129539489746e-02
1.970443502068519592e-02
1.970443129539489746e-02
1.970443502068519592e-02
1.970443129539489746e-02
2.003283798694610596e-02
1.970443129539489746e-02
1.970443129539489746e-02
1.970443502068519592e-02
1.970443129539489746e-02
1.970443129539489746e-02
1.970443129539489746e-02
1.970443129539489746e-02
1.970443129539489746e-02
1.970443129539489746e-02
1.970443129539489746e-02
1.970443129539489746e-02
1.970443502068519592e-02
1.970443502068519592e-02
1.970443502068519592e-02
1.970443502068519592e-02
1.970443129539489746e-02
1.970443502068519592e-02
1.970443129539489746e-02
1.970443502068519592e-02
1.970443129539489746e-02
1.970443129539489746e-02
1.970443129539489746e-02
2.003284171223640442e-02
1.970443129539489746e-02
1.937602460384368896e-02
1.970443502068519592e-02
1.970443129539489746e-02
1.970443129539489746e-02
1.970443129539489746e-02
1.970443129539489746e-02
1.970443502068519592e-02
1.970443502068519592e-02
1.970443129539489746e-02
1.970443129539489746e-02
1.970443129539489746e-02
1.970443129539489746e-02
1.970443502068519592e-02
1.970443129539489746e-02
1.970443129539489746e-02
1.970443129539489746e-02
1.970443129539489746e-02
1.970443129539489746e-02
1.970443129539489746e-02
1.970443129539489746e-02
1.937602460384368896e-02
2.003284171223640442e-02
1.970443502068519592e-02
1.970443502068519592e-02
1.970443129539489746e-02
1.970443129539489746e-02
1.970443129539489746e-02
1.970443129539489746e-02
1.970443502068519592e-02
1.970443129539489746e-02
2.003283798694610596e-02
1.970443129539489746e-02
1.970443129539489746e-02
2.003284171223640442e-02
1.970443502068519592e-02
1.970443502068519592e-02
1.970443502068519592e-02
1.970443502068519592e-02
1.970443129539489746e-02
2.003284171223640442e-02
1.970443129539489746e-02
1.970443502068519592e-02
1.970443502068519592e-02
1.970443129539489746e-02
1.970443129539489746e-02
2.003284171223640442e-02
1.970443129539489746e-02
1.937602460384368896e-02
1.970443129539489746e-02
1.937602832913398743e-02
1.970443129539489746e-02
1.970443502068519592e-02
1.937602460384368896e-02
1.970443129539489746e-02
1.970443502068519592e-02
1.970443129539489746e-02
2.003283984959125519e-02
1.904761791229248047e-02
1.970443129539489746e-02
1.970443502068519592e-02
1.970443502068519592e-02
1.970443129539489746e-02
1.970443129539489746e-02
1.970443129539489746e-02
1.970443502068519592e-02
1.970443129539489746e-02
1.970443129539489746e-02
1.970443129539489746e-02
1.970443129539489746e-02
1.970443129539489746e-02
1.970443502068519592e-02
1.937602460384368896e-02
1.970443129539489746e-02
1.970443129539489746e-02
2.003283798694610596e-02
1.937602460384368896e-02
2.003283798694610596e-02
1.970443129539489746e-02
1.970443129539489746e-02
1.970443129539489746e-02
1.970443502068519592e-02
1.937602460384368896e-02
2.003283798694610596e-02
1.970443502068519592e-02
1.970443129539489746e-02
1.970443129539489746e-02
2.003284171223640442e-02
2.036124840378761292e-02
1.871921122074127197e-02
2.003284171223640442e-02
2.003284171223640442e-02
1.904761977493762970e-02
1.970443129539489746e-02
1.937602460384368896e-02
1.937602646648883820e-02
1.904761791229248047e-02
1.970443129539489746e-02
1.970443502068519592e-02
1.970443502068519592e-02
1.937602460384368896e-02
1.970443129539489746e-02
1.970443502068519592e-02
1.970443129539489746e-02
2.003284171223640442e-02
1.970443129539489746e-02
