1.740558259189128876e-02
1.707717776298522949e-02
1.773398928344249725e-02
1.937602460384368896e-02
1.773399114608764648e-02
1.740558259189128876e-02
1.839080452919006348e-02
1.970443315804004669e-02
1.839080266654491425e-02
1.937602646648883820e-02
1.839080266654491425e-02
1.871921122074127197e-02
1.871921122074127197e-02
1.970443129539489746e-02
1.871921308338642120e-02
1.871921122074127197e-02
1.904761791229248047e-02
1.871921122074127197e-02
1.839080452919006348e-02
1.871921122074127197e-02
1.871921308338642120e-02
1.871921308338642120e-02
1.904761791229248047e-02
1.871921122074127197e-02
1.871920935809612274e-02
1.839080266654491425e-02
1.839080266654491425e-02
1.871920935809612274e-02
1.839080452919006348e-02
1.904761977493762970e-02
1.839080266654491425e-02
1.871921308338642120e-02
1.871920935809612274e-02
1.839080452919006348e-02
1.871921122074127197e-02
1.806239783763885498e-02
1.871920935809612274e-02
1.839080452919006348e-02
1.871921308338642120e-02
1.871921122074127197e-02
1.871921122074127197e-02
1.871921122074127197e-02
1.871921122074127197e-02
1.871921122074127197e-02
1.904761977493762970e-02
1.871921308338642120e-02
1.871921122074127197e-02
1.871921122074127197e-02
1.871921122074127197e-02
1.871921122074127197e-02
1.871921308338642120e-02
1.871921308338642120e-02
1.871921122074127197e-02
1.871921122074127197e-02
1.871921122074127197e-02
1.871921122074127197e-02
1.904761791229248047e-02
1.871921122074127197e-02
1.871921122074127197e-02
1.871921122074127197e-02
1.871921122074127197e-02
1.871920935809612274e-02
1.871921122074127197e-02
1.871921122074127197e-02
1.839080452919006348e-02
1.871921122074127197e-02
1.871921122074127197e-02
1.871921122074127197e-02
1.904761791229248047e-02
1.871921122074127197e-02
1.871921308338642120e-02
1.871921308338642120e-02
1.871921122074127197e-02
1.871921122074127197e-02
1.871921122074127197e-02
1.871921122074127197e-02
1.871921122074127197e-02
1.871921122074127197e-02
1.871921122074127197e-02
1.871921308338642120e-02
1.871921308338642120e-02
1.871921122074127197e-02
1.871921308338642120e-02
1.871921308338642120e-02
1.871921122074127197e-02
1.871921308338642120e-02
1.871921308338642120e-02
1.871921308338642120e-02
1.871921122074127197e-02
1.871921122074127197e-02
1.871921122074127197e-02
1.871921122074127197e-02
1.871921122074127197e-02
1.871921122074127197e-02
1.871920935809612274e-02
1.871920935809612274e-02
1.839080266654491425e-02
1.871921122074127197e-02
1.871921308338642120e-02
1.871921308338642120e-02
1.871921122074127197e-02
1.871921122074127197e-02
1.871921122074127197e-02
1.871921308338642120e-02
1.871921308338642120e-02
1.839080266654491425e-02
1.839080266654491425e-02
1.871921308338642120e-02
1.871921308338642120e-02
1.871921122074127197e-02
1.871921308338642120e-02
1.871920935809612274e-02
1.871921122074127197e-02
1.871921122074127197e-02
1.871921122074127197e-02
1.871921122074127197e-02
1.871921122074127197e-02
1.871921308338642120e-02
1.871921122074127197e-02
1.871921122074127197e-02
1.871921122074127197e-02
1.871921308338642120e-02
1.871921308338642120e-02
1.871921122074127197e-02
1.871921122074127197e-02
1.871921122074127197e-02
1.871921122074127197e-02
1.871921122074127197e-02
1.871921122074127197e-02
1.871921122074127197e-02
1.871921122074127197e-02
1.871920935809612274e-02
1.871920935809612274e-02
1.904761977493762970e-02
1.871921122074127197e-02
1.871921122074127197e-02
1.871921308338642120e-02
1.871921308338642120e-02
1.871921122074127197e-02
1.871921122074127197e-02
1.871921122074127197e-02
1.871921308338642120e-02
1.871921122074127197e-02
1.871921122074127197e-02
1.871921122074127197e-02
1.871921122074127197e-02
1.871921122074127197e-02
1.871920935809612274e-02
1.871921122074127197e-02
1.871921122074127197e-02
1.871921122074127197e-02
1.871921122074127197e-02
1.871921122074127197e-02
1.839080452919006348e-02
1.871921308338642120e-02
1.871920935809612274e-02
1.871921122074127197e-02
1.871921122074127197e-02
1.871921122074127197e-02
1.871921122074127197e-02
1.871921122074127197e-02
1.871921122074127197e-02
1.871921122074127197e-02
1.806239597499370575e-02
1.871921122074127197e-02
1.871921122074127197e-02
1.904761977493762970e-02
1.871921122074127197e-02
1.839080452919006348e-02
1.871921122074127197e-02
1.871921122074127197e-02
1.839080452919006348e-02
1.871921122074127197e-02
1.871921122074127197e-02
1.871921308338642120e-02
1.904761791229248047e-02
1.839080452919006348e-02
1.871921122074127197e-02
1.871920935809612274e-02
1.871921122074127197e-02
1.871921308338642120e-02
1.871921122074127197e-02
1.871921122074127197e-02
1.871921122074127197e-02
1.871921122074127197e-02
1.871921122074127197e-02
1.871921122074127197e-02
1.904761791229248047e-02
1.871921122074127197e-02
1.871921308338642120e-02
1.871921122074127197e-02
1.871920935809612274e-02
1.871920935809612274e-02
1.871921122074127197e-02
1.871921122074127197e-02
1.871921122074127197e-02
1.904761977493762970e-02
1.871921122074127197e-02
1.871921122074127197e-02
1.806239783763885498e-02
