3.767757654190063477e+00
6.968073606491088867e+00
1.014000320434570312e+01
1.329445171356201172e+01
1.646999192237854004e+01
1.963143372535705566e+01
2.279797363281250000e+01
2.600987052917480469e+01
2.915349769592285156e+01
3.232106351852416992e+01
3.549493455886840820e+01
3.867793560028076172e+01
4.183286738395690918e+01
4.501729965209960938e+01
4.815501451492309570e+01
5.136792898178100586e+01
5.451324009895324707e+01
5.810330104827880859e+01
6.144646263122558594e+01
6.469949626922607422e+01
6.795941448211669922e+01
7.131533479690551758e+01
7.455170869827270508e+01
7.772395372390747070e+01
8.114953303337097168e+01
8.437562370300292969e+01
8.756354188919067383e+01
9.079026246070861816e+01
9.398997974395751953e+01
9.722088575363159180e+01
1.004192125797271729e+02
1.037549989223480225e+02
1.069335470199584961e+02
1.100889978408813477e+02
1.132338249683380127e+02
1.164305808544158936e+02
1.195640776157379150e+02
1.227738480567932129e+02
1.259328813552856445e+02
1.291379528045654297e+02
1.323764605522155762e+02
1.355643973350524902e+02
1.388755259513854980e+02
1.420629634857177734e+02
1.452409846782684326e+02
1.484182000160217285e+02
1.516368165016174316e+02
1.548019688129425049e+02
1.580101840496063232e+02
1.611559925079345703e+02
1.643351132869720459e+02
1.675320372581481934e+02
1.707089996337890625e+02
1.739019138813018799e+02
1.771269474029541016e+02
1.802960739135742188e+02
1.834833276271820068e+02
1.866879141330718994e+02
1.898924727439880371e+02
1.930539467334747314e+02
1.962530121803283691e+02
1.994840362071990967e+02
2.026834030151367188e+02
2.058583953380584717e+02
2.091384172439575195e+02
2.123807864189147949e+02
2.156004202365875244e+02
2.188920176029205322e+02
2.221266777515411377e+02
2.253145616054534912e+02
2.285675599575042725e+02
2.317835333347320557e+02
2.351325745582580566e+02
2.383204538822174072e+02
2.415214436054229736e+02
2.448172826766967773e+02
2.480386331081390381e+02
2.513751020431518555e+02
2.546134958267211914e+02
2.578684892654418945e+02
2.610888569355010986e+02
2.643208894729614258e+02
2.675225431919097900e+02
2.706983931064605713e+02
2.738585586547851562e+02
2.770442786216735840e+02
2.802364909648895264e+02
2.834333169460296631e+02
2.866235666275024414e+02
2.897998790740966797e+02
2.930110876560211182e+02
2.962927207946777344e+02
2.995610773563385010e+02
3.028296024799346924e+02
3.060340201854705811e+02
3.092504208087921143e+02
3.124480338096618652e+02
3.156615760326385498e+02
3.189490909576416016e+02
3.221345221996307373e+02
3.253440716266632080e+02
3.285295431613922119e+02
3.317316596508026123e+02
3.349315636157989502e+02
3.381445395946502686e+02
3.413805456161499023e+02
3.445963571071624756e+02
3.477829365730285645e+02
3.510133645534515381e+02
3.542014212608337402e+02
3.573767614364624023e+02
3.606250832080841064e+02
3.638074555397033691e+02
3.670199613571166992e+02
3.703009061813354492e+02
3.735034596920013428e+02
3.766965553760528564e+02
3.799355607032775879e+02
3.831622381210327148e+02
3.864145655632019043e+02
3.895804557800292969e+02
3.927979946136474609e+02
3.960074520111083984e+02
3.992745058536529541e+02
4.025420601367950439e+02
4.057703163623809814e+02
4.089719042778015137e+02
4.122345657348632812e+02
4.154938988685607910e+02
4.187663376331329346e+02
4.219989829063415527e+02
4.252596297264099121e+02
4.284731876850128174e+02
4.316936001777648926e+02
4.349660868644714355e+02
4.381735641956329346e+02
4.413806591033935547e+02
4.445940666198730469e+02
4.478339102268218994e+02
4.510750188827514648e+02
4.542917251586914062e+02
4.574975152015686035e+02
4.607047934532165527e+02
4.638955607414245605e+02
4.672459654808044434e+02
4.704990642070770264e+02
4.737147169113159180e+02
4.770060436725616455e+02
4.802419569492340088e+02
4.834775395393371582e+02
4.866613008975982666e+02
4.898725824356079102e+02
4.931018764972686768e+02
4.963035051822662354e+02
4.994831607341766357e+02
5.026603000164031982e+02
5.058650770187377930e+02
5.091619188785552979e+02
5.124902832508087158e+02
5.157180769443511963e+02
5.189797141551971436e+02
5.221914961338043213e+02
5.254327986240386963e+02
5.287611637115478516e+02
5.319824514389038086e+02
5.352267563343048096e+02
5.385253934860229492e+02
5.418892834186553955e+02
5.451010651588439941e+02
5.482828254699707031e+02
5.514780950546264648e+02
5.547058885097503662e+02
5.579345643520355225e+02
5.612314133644104004e+02
5.644176912307739258e+02
5.676484868526458740e+02
5.708482596874237061e+02
5.740535368919372559e+02
5.772738251686096191e+02
5.805381433963775635e+02
5.838063132762908936e+02
5.870215976238250732e+02
5.902108631134033203e+02
5.934341530799865723e+02
5.966484365463256836e+02
5.998587169647216797e+02
6.031855807304382324e+02
6.063903598785400391e+02
6.095751199722290039e+02
6.128109185695648193e+02
6.161833140850067139e+02
6.194076046943664551e+02
6.225913667678833008e+02
6.258231625556945801e+02
6.290389468669891357e+02
6.323277835845947266e+02
6.355780923366546631e+02
6.390520856380462646e+02
6.423194062709808350e+02
6.456357619762420654e+02
