3.608899354934692383e+00
7.019322395324707031e+00
1.045976638793945312e+01
1.380864524841308594e+01
1.726309943199157715e+01
2.067952632904052734e+01
2.408894848823547363e+01
2.749692869186401367e+01
3.084886217117309570e+01
3.423726868629455566e+01
3.767721271514892578e+01
4.104060173034667969e+01
4.446753692626953125e+01
4.783693122863769531e+01
5.126136279106140137e+01
5.472582435607910156e+01
5.823231601715087891e+01
6.166625452041625977e+01
6.515573430061340332e+01
6.857115983963012695e+01
7.196607160568237305e+01
7.543353509902954102e+01
7.886847543716430664e+01
8.226889133453369141e+01
8.566430377960205078e+01
8.930238771438598633e+01
9.283689832687377930e+01
9.635890054702758789e+01
9.972629261016845703e+01
1.031537370681762695e+02
1.065741665363311768e+02
1.099865906238555908e+02
1.134475493431091309e+02
1.169025042057037354e+02
1.204595613479614258e+02
1.238199648857116699e+02
1.274425380229949951e+02
1.308304448127746582e+02
1.342253570556640625e+02
1.376983242034912109e+02
1.411797974109649658e+02
1.447854139804840088e+02
1.481603114604949951e+02
1.516487903594970703e+02
1.550717217922210693e+02
1.585241851806640625e+02
1.618990828990936279e+02
1.653390271663665771e+02
1.687569983005523682e+02
1.721879363059997559e+02
1.756619038581848145e+02
1.792184305191040039e+02
1.826984033584594727e+02
1.861043348312377930e+02
1.895527839660644531e+02
1.929737217426300049e+02
1.963506231307983398e+02
1.999271616935729980e+02
2.033025801181793213e+02
2.067074990272521973e+02
2.103024835586547852e+02
2.137774527072906494e+02
2.171634113788604736e+02
2.205683305263519287e+02
2.239452297687530518e+02
2.273416421413421631e+02
2.308369026184082031e+02
2.343033647537231445e+02
2.377107846736907959e+02
2.410956900119781494e+02
2.445091147422790527e+02
2.479420535564422607e+02
2.513839983940124512e+02
2.547809116840362549e+02
2.581493048667907715e+02
2.615557250976562500e+02
2.649491353034973145e+02
2.683470497131347656e+02
2.719601259231567383e+02
2.755411696434020996e+02
2.789931213855743408e+02
2.824270617961883545e+02
2.858384864330291748e+02
2.893915092945098877e+02
2.928174431324005127e+02
2.962613894939422607e+02
2.996182870864868164e+02
3.030152003765106201e+02
3.064321274757385254e+02
3.098675680160522461e+02
3.133515431880950928e+02
3.168335173130035400e+02
3.203425092697143555e+02
3.238199799060821533e+02
3.272789368629455566e+02
3.306998674869537354e+02
3.341553301811218262e+02
3.376077826023101807e+02
3.410752463340759277e+02
3.445587208271026611e+02
3.480111732482910156e+02
3.514836809635162354e+02
3.549461414813995361e+02
3.584501304626464844e+02
3.618985803127288818e+02
3.654185814857482910e+02
3.688585247993469238e+02
3.723900337219238281e+02
3.758490564823150635e+02
3.793780632019042969e+02
3.828515312671661377e+02
3.862684586048126221e+02
3.896829190254211426e+02
3.931849057674407959e+02
3.966488664150238037e+02
4.000933482646942139e+02
4.035548079013824463e+02
4.069972524642944336e+02
4.104562101364135742e+02
4.138721365928649902e+02
4.172715513706207275e+02
4.207245044708251953e+02
4.241759567260742188e+02
4.276349134445190430e+02
4.310493392944335938e+02
4.345168032646179199e+02
4.379007067680358887e+02
4.413091280460357666e+02
4.447045402526855469e+02
4.481419825553894043e+02
4.515624117851257324e+02
4.549933493137359619e+02
4.584267890453338623e+02
4.618542232513427734e+02
4.653076767921447754e+02
4.687366127967834473e+02
4.721565423011779785e+02
4.755985066890716553e+02
4.790614669322967529e+02
4.825869712829589844e+02
4.859803819656372070e+02
4.893817980289459229e+02
4.928092334270477295e+02
4.962186553478240967e+02
4.996651036739349365e+02
5.031080496311187744e+02
5.065199732780456543e+02
5.099298963546752930e+02
5.133973646163940430e+02
5.168723366260528564e+02
5.203297889232635498e+02
5.237187187671661377e+02
5.271201355457305908e+02
5.305490717887878418e+02
5.339424824714660645e+02
5.373904311656951904e+02
5.409829833507537842e+02
5.444579539299011230e+02
5.479609405994415283e+02
5.513678607940673828e+02
5.548233160972595215e+02
5.582727663516998291e+02
5.616956980228424072e+02
5.651581575870513916e+02
5.685590736865997314e+02
5.719719982147216797e+02
5.754394624233245850e+02
5.788914136886596680e+02
5.822813222408294678e+02
5.857102584838867188e+02
5.891857271194458008e+02
5.926081585884094238e+02
5.960280880928039551e+02
5.994540224075317383e+02
6.029034726619720459e+02
6.062918794155120850e+02
6.097248184680938721e+02
6.131602585315704346e+02
6.168433752059936523e+02
6.203798878192901611e+02
6.238633620738983154e+02
6.272867939472198486e+02
6.307262375354766846e+02
6.341346597671508789e+02
6.375565905570983887e+02
6.409855258464813232e+02
6.444034619331359863e+02
6.478434054851531982e+02
6.512503259181976318e+02
6.547022783756256104e+02
6.581377184391021729e+02
6.615696570873260498e+02
6.650124425888061523e+02
6.684423792362213135e+02
6.718362913131713867e+02
6.752437107563018799e+02
6.786461279392242432e+02
6.820690598487854004e+02
6.854524633884429932e+02
6.889129216670989990e+02
