3.959311246871948242e+00
7.658940076828002930e+00
1.127300715446472168e+01
1.498614454269409180e+01
1.872430038452148438e+01
2.245545077323913574e+01
2.607402133941650391e+01
2.971110486984252930e+01
3.334069705009460449e+01
3.713038945198059082e+01
4.080349898338317871e+01
4.442557168006896973e+01
4.807116174697875977e+01
5.169827198982238770e+01
5.533435463905334473e+01
5.893141126632690430e+01
6.265455484390258789e+01
6.629864382743835449e+01
6.995624256134033203e+01
7.363235354423522949e+01
7.728294706344604492e+01
8.090552043914794922e+01
8.457362699508666992e+01
8.829727244377136230e+01
9.191934514045715332e+01
9.556846499443054199e+01
9.918903732299804688e+01
1.028461759090423584e+02
1.064367265701293945e+02
1.100898225307464600e+02
1.137058906555175781e+02
1.173424744606018066e+02
1.209810588359832764e+02
1.246801867485046387e+02
1.283422887325286865e+02
1.320173993110656738e+02
1.357665629386901855e+02
1.393996434211730957e+02
1.430532553195953369e+02
1.467393841743469238e+02
1.503519501686096191e+02
1.539900348186492920e+02
1.576176598072052002e+02
1.612692537307739258e+02
1.649568738937377930e+02
1.685959591865539551e+02
1.722675678730010986e+02
1.759141581058502197e+02
1.795737571716308594e+02
1.832393615245819092e+02
1.868329145908355713e+02
1.905100264549255371e+02
1.941631224155426025e+02
1.978132147789001465e+02
2.014497978687286377e+02
2.055101833343505859e+02
2.092513408660888672e+02
2.129079384803771973e+02
2.165410563945770264e+02
2.201821432113647461e+02
2.238782689571380615e+02
2.274973394870758057e+02
2.311144094467163086e+02
2.347299783229827881e+02
2.383750672340393066e+02
2.420661895275115967e+02
2.457883338928222656e+02
2.494254179000854492e+02
2.531100351810455322e+02
2.567411148548126221e+02
2.603456749916076660e+02
2.639582419395446777e+02
2.676113369464874268e+02
2.712644319534301758e+02
2.749070198535919189e+02
2.785195863246917725e+02
2.821601734161376953e+02
2.857767424583435059e+02
2.893908326625823975e+02
2.930314190387725830e+02
2.966624989509582520e+02
3.003240995407104492e+02
3.039821982383728027e+02
3.076132776737213135e+02
3.112603683471679688e+02
3.149609982967376709e+02
3.186115908622741699e+02
3.222656869888305664e+02
3.259167804718017578e+02
3.295708768367767334e+02
3.332304766178131104e+02
3.368650586605072021e+02
3.405276606082916260e+02
3.441722495555877686e+02
3.478023285865783691e+02
3.514389119148254395e+02
3.551045162677764893e+02
3.588266601562500000e+02
3.625227863788604736e+02
3.661833870410919189e+02
3.698159673213958740e+02
3.734390408992767334e+02
3.770786263942718506e+02
3.807032015323638916e+02
3.843522937297821045e+02
3.880033879280090332e+02
3.916365060806274414e+02
3.952771501541137695e+02
3.989777791500091553e+02
4.026058566570281982e+02
4.062304313182830811e+02
4.098555068969726562e+02
4.135251135826110840e+02
4.171842131614685059e+02
4.208147916793823242e+02
4.245569615364074707e+02
4.282200639247894287e+02
4.318896710872650146e+02
4.355722870826721191e+02
4.392173764705657959e+02
4.428859825134277344e+02
4.465400781631469727e+02
4.502146887779235840e+02
4.538577771186828613e+02
4.574873802661895752e+02
4.611519837379455566e+02
4.648586180210113525e+02
4.685262224674224854e+02
4.721923267841339111e+02
4.759139709472656250e+02
4.795590603351593018e+02
4.832271659374237061e+02
4.868632495403289795e+02
4.905078384876251221e+02
4.941909549236297607e+02
4.978550577163696289e+02
5.015201723575592041e+02
5.052278063297271729e+02
5.088909082412719727e+02
5.125605151653289795e+02
5.162216165065765381e+02
5.198662054538726807e+02
5.235483210086822510e+02
5.272334389686584473e+02
5.308705229759216309e+02
5.345111091136932373e+02
5.381687078475952148e+02
5.418368129730224609e+02
5.455014166831970215e+02
5.491395013332366943e+02
5.527991008758544922e+02
5.564406883716583252e+02
5.600778346061706543e+02
5.637379350662231445e+02
5.674155471324920654e+02
5.710676872730255127e+02
5.747367937564849854e+02
5.784145200252532959e+02
5.820756208896636963e+02
5.857697448730468750e+02
5.894478576183319092e+02
5.930874438285827637e+02
5.967605533599853516e+02
6.003986959457397461e+02
6.040542938709259033e+02
6.077148933410644531e+02
6.113705122470855713e+02
6.150486249923706055e+02
6.187252371311187744e+02
6.223838360309600830e+02
6.260269589424133301e+02
6.296575384140014648e+02
6.333116343021392822e+02
6.369512197971343994e+02
6.406223278045654297e+02
6.443164525032043457e+02
6.479795544147491455e+02
6.516956942081451416e+02
6.553592967987060547e+02
6.590279030799865723e+02
6.626809990406036377e+02
6.663636152744293213e+02
6.700011987686157227e+02
6.736798117160797119e+02
6.773709340095520020e+02
6.810630571842193604e+02
6.847942080497741699e+02
6.884397976398468018e+02
6.920903913974761963e+02
6.957624995708465576e+02
6.994271030426025391e+02
7.030917065143585205e+02
7.067673177719116211e+02
7.104934647083282471e+02
7.141315493583679199e+02
7.177836437225341797e+02
7.214722647666931152e+02
7.251393692493438721e+02
7.288149807453155518e+02
7.324580688476562500e+02
