1.477832533419132233e-02
1.379310339689254761e-02
1.642036065459251404e-02
1.543513964861631393e-02
1.904761977493762970e-02
1.970443315804004669e-02
1.904761791229248047e-02
1.740558259189128876e-02
1.609195396304130554e-02
1.576354727149009705e-02
1.215106807649135590e-02
1.904761977493762970e-02
1.379310339689254761e-02
1.609195396304130554e-02
1.609195396304130554e-02
1.871921122074127197e-02
1.707717590034008026e-02
2.003284171223640442e-02
1.543513871729373932e-02
1.609195396304130554e-02
1.609195396304130554e-02
1.674876734614372253e-02
1.839080452919006348e-02
1.215106807649135590e-02
1.707717590034008026e-02
1.510673202574253082e-02
1.510673202574253082e-02
1.674876920878887177e-02
1.871921122074127197e-02
1.412151195108890533e-02
1.642036065459251404e-02
1.510673202574253082e-02
1.839080452919006348e-02
1.642036065459251404e-02
1.740558259189128876e-02
2.036124840378761292e-02
1.806239783763885498e-02
1.576354727149009705e-02
1.609195396304130554e-02
1.674876734614372253e-02
1.871921122074127197e-02
1.773398928344249725e-02
1.740558259189128876e-02
1.477832440286874771e-02
1.412151101976633072e-02
1.543513964861631393e-02
1.707717590034008026e-02
1.839080452919006348e-02
1.510673295706510544e-02
2.233169227838516235e-02
1.937602646648883820e-02
1.806239783763885498e-02
1.674876920878887177e-02
1.576354727149009705e-02
1.379310339689254761e-02
1.773398928344249725e-02
1.642036251723766327e-02
1.773398928344249725e-02
1.773398928344249725e-02
1.871921122074127197e-02
1.806239783763885498e-02
1.839080452919006348e-02
1.609195396304130554e-02
1.247947569936513901e-02
1.576354727149009705e-02
1.707717590034008026e-02
1.444991771131753922e-02
2.068965509533882141e-02
1.609195582568645477e-02
2.298850566148757935e-02
1.642036065459251404e-02
1.839080452919006348e-02
1.839080452919006348e-02
1.839080452919006348e-02
2.068965509533882141e-02
1.642036251723766327e-02
2.068965509533882141e-02
1.707717590034008026e-02
1.707717403769493103e-02
1.871921122074127197e-02
1.707717590034008026e-02
1.806239783763885498e-02
1.609195396304130554e-02
1.215106714516878128e-02
1.510673109441995621e-02
2.068965323269367218e-02
1.707717590034008026e-02
1.707717590034008026e-02
1.937602460384368896e-02
1.740558445453643799e-02
2.003284171223640442e-02
1.379310432821512222e-02
1.412151008844375610e-02
1.740558259189128876e-02
1.839080266654491425e-02
1.346469670534133911e-02
1.543513871729373932e-02
1.773399114608764648e-02
1.346469670534133911e-02
2.036124840378761292e-02
1.839080452919006348e-02
2.167487516999244690e-02
1.674876920878887177e-02
2.134647034108638763e-02
1.674876920878887177e-02
1.970443315804004669e-02
1.937602646648883820e-02
1.707717403769493103e-02
1.707717403769493103e-02
1.773398928344249725e-02
1.773398928344249725e-02
1.740558259189128876e-02
1.707717590034008026e-02
1.543513871729373932e-02
1.839080452919006348e-02
1.839080452919006348e-02
2.036124840378761292e-02
1.576354540884494781e-02
1.543513871729373932e-02
1.740558259189128876e-02
1.970443502068519592e-02
1.937602646648883820e-02
1.576354727149009705e-02
1.740558072924613953e-02
1.806239597499370575e-02
2.068965509533882141e-02
1.609195396304130554e-02
2.003283984959125519e-02
2.003284171223640442e-02
1.839080452919006348e-02
1.904761791229248047e-02
1.773398928344249725e-02
1.740558259189128876e-02
1.904761791229248047e-02
1.904761977493762970e-02
1.543514057993888855e-02
1.937602646648883820e-02
1.806239597499370575e-02
1.510673295706510544e-02
1.674876920878887177e-02
1.510673202574253082e-02
1.806239783763885498e-02
1.839080266654491425e-02
1.904761791229248047e-02
1.609195396304130554e-02
1.904761791229248047e-02
1.707717590034008026e-02
1.839080452919006348e-02
1.740558072924613953e-02
1.806239597499370575e-02
1.839080452919006348e-02
1.543513871729373932e-02
1.970443502068519592e-02
1.707717590034008026e-02
2.134647034108638763e-02
1.904761791229248047e-02
1.609195396304130554e-02
1.839080452919006348e-02
1.839080452919006348e-02
2.298850566148757935e-02
1.477832440286874771e-02
1.609195396304130554e-02
1.806239783763885498e-02
2.036124654114246368e-02
2.003283984959125519e-02
1.477832440286874771e-02
1.740558445453643799e-02
1.674876920878887177e-02
2.200328372418880463e-02
2.068965509533882141e-02
2.167487703263759613e-02
1.707717590034008026e-02
1.970443315804004669e-02
2.068965509533882141e-02
1.839080639183521271e-02
1.839080452919006348e-02
2.364531904458999634e-02
2.298850566148757935e-02
1.871921308338642120e-02
2.101806178689002991e-02
2.003283984959125519e-02
2.068965137004852295e-02
2.430213429033756256e-02
2.298850566148757935e-02
2.167487516999244690e-02
2.003284171223640442e-02
2.463054284453392029e-02
2.364532090723514557e-02
2.068965323269367218e-02
2.298850566148757935e-02
2.200328558683395386e-02
2.528735622763633728e-02
2.364531904458999634e-02
2.594416961073875427e-02
2.594416961073875427e-02
2.627257630228996277e-02
2.495894953608512878e-02
2.463054284453392029e-02
2.430213429033756256e-02
2.889983542263507843e-02
