1.477832533419132233e-02
1.576354540884494781e-02
1.806239783763885498e-02
1.707717590034008026e-02
1.871921122074127197e-02
1.510673202574253082e-02
1.510673202574253082e-02
1.740558259189128876e-02
1.477832533419132233e-02
1.477832533419132233e-02
1.642036065459251404e-02
1.707717590034008026e-02
1.871921122074127197e-02
1.444991677999496460e-02
1.576354540884494781e-02
1.444991677999496460e-02
1.346469484269618988e-02
2.430213429033756256e-02
1.839080452919006348e-02
1.247947383671998978e-02
1.674876920878887177e-02
1.937602646648883820e-02
1.707717590034008026e-02
1.740558259189128876e-02
1.970443502068519592e-02
1.740558259189128876e-02
1.839080452919006348e-02
1.280788145959377289e-02
1.806239783763885498e-02
1.576354727149009705e-02
1.510673202574253082e-02
1.839080266654491425e-02
2.364532090723514557e-02
1.740558259189128876e-02
1.839080452919006348e-02
1.609195396304130554e-02
1.937602460384368896e-02
1.444991771131753922e-02
1.871921122074127197e-02
1.444991677999496460e-02
1.609195396304130554e-02
1.707717590034008026e-02
1.609195582568645477e-02
1.247947290539741516e-02
1.740558445453643799e-02
1.674876734614372253e-02
1.510673295706510544e-02
1.576354540884494781e-02
1.576354540884494781e-02
1.346469577401876450e-02
1.839080452919006348e-02
1.510673202574253082e-02
1.773398928344249725e-02
1.773398928344249725e-02
1.543513964861631393e-02
1.379310339689254761e-02
2.101806178689002991e-02
1.674876734614372253e-02
1.674876734614372253e-02
1.674876920878887177e-02
2.036124840378761292e-02
2.266009896993637085e-02
1.839080452919006348e-02
1.740558445453643799e-02
1.740558259189128876e-02
1.707717590034008026e-02
1.379310339689254761e-02
1.674876734614372253e-02
1.871921122074127197e-02
1.806239783763885498e-02
1.510673295706510544e-02
1.116584613919258118e-02
1.444991771131753922e-02
1.871921308338642120e-02
2.036124840378761292e-02
1.609195396304130554e-02
1.740558259189128876e-02
1.576354727149009705e-02
1.379310339689254761e-02
1.543513964861631393e-02
1.806239597499370575e-02
1.904761977493762970e-02
1.609195582568645477e-02
1.642036251723766327e-02
1.642036065459251404e-02
1.970443315804004669e-02
1.576354727149009705e-02
1.806239783763885498e-02
1.773398928344249725e-02
1.740558259189128876e-02
2.003284171223640442e-02
1.477832533419132233e-02
1.510673202574253082e-02
2.068965509533882141e-02
1.773398928344249725e-02
1.379310339689254761e-02
1.609195396304130554e-02
2.298850752413272858e-02
1.346469670534133911e-02
2.101806364953517914e-02
1.477832533419132233e-02
1.674876920878887177e-02
1.477832533419132233e-02
1.576354540884494781e-02
1.510673202574253082e-02
1.674876734614372253e-02
1.707717590034008026e-02
1.806239597499370575e-02
1.970443502068519592e-02
2.101806178689002991e-02
1.871921122074127197e-02
1.806239783763885498e-02
2.068965509533882141e-02
1.839080452919006348e-02
1.839080452919006348e-02
1.510673202574253082e-02
1.674876734614372253e-02
1.937602646648883820e-02
1.871920935809612274e-02
1.970443315804004669e-02
1.773398742079734802e-02
1.707717590034008026e-02
1.642036251723766327e-02
1.806239783763885498e-02
1.806239783763885498e-02
1.477832533419132233e-02
2.101806178689002991e-02
2.167487516999244690e-02
1.937602646648883820e-02
1.346469577401876450e-02
1.510673202574253082e-02
1.674876920878887177e-02
1.839080452919006348e-02
1.707717590034008026e-02
1.444991771131753922e-02
1.707717590034008026e-02
2.003284171223640442e-02
1.839080452919006348e-02
1.806239597499370575e-02
1.839080452919006348e-02
2.003283984959125519e-02
1.740558445453643799e-02
1.543514057993888855e-02
2.101806364953517914e-02
2.167487703263759613e-02
2.266009896993637085e-02
1.904761977493762970e-02
1.806239597499370575e-02
1.510673295706510544e-02
1.510673388838768005e-02
2.003284171223640442e-02
1.904761791229248047e-02
2.134646847844123840e-02
2.233168855309486389e-02
2.036124654114246368e-02
1.707717590034008026e-02
1.839080452919006348e-02
2.068965509533882141e-02
1.642036065459251404e-02
1.773398928344249725e-02
1.806239597499370575e-02
1.576354540884494781e-02
2.266009896993637085e-02
2.003284171223640442e-02
1.806239783763885498e-02
2.036124654114246368e-02
1.740558259189128876e-02
1.773398928344249725e-02
2.167487516999244690e-02
2.200328558683395386e-02
2.331691235303878784e-02
2.397372573614120483e-02
1.839080452919006348e-02
2.298850566148757935e-02
2.101805992424488068e-02
2.200328186154365540e-02
1.937602646648883820e-02
2.463054098188877106e-02
2.364532090723514557e-02
2.331691421568393707e-02
2.101806178689002991e-02
2.397372759878635406e-02
2.495894767343997955e-02
2.233169414103031158e-02
2.101806178689002991e-02
2.528735436499118805e-02
2.298850566148757935e-02
2.134646847844123840e-02
2.036124840378761292e-02
2.364531904458999634e-02
2.331691235303878784e-02
2.430213242769241333e-02
2.134647034108638763e-02
2.660098485648632050e-02
2.364532090723514557e-02
2.692939154803752899e-02
2.298850752413272858e-02
2.233169227838516235e-02
2.660098299384117126e-02
2.298850566148757935e-02
