2.498509883880615234e+00
4.658778905868530273e+00
6.806296110153198242e+00
8.759583473205566406e+00
1.087151408195495605e+01
1.287997245788574219e+01
1.489180326461791992e+01
1.700399661064147949e+01
1.921510267257690430e+01
2.140846323966979980e+01
2.345378828048706055e+01
2.571097111701965332e+01
2.776298499107360840e+01
2.987112092971801758e+01
3.209187269210815430e+01
3.421446657180786133e+01
3.648242282867431641e+01
3.854942035675048828e+01
4.093458175659179688e+01
4.313263082504272461e+01
4.563150763511657715e+01
4.797605419158935547e+01
4.993303275108337402e+01
5.227505660057067871e+01
5.444003272056579590e+01
5.646885561943054199e+01
5.840102624893188477e+01
6.068570709228515625e+01
6.286443710327148438e+01
6.492367386817932129e+01
6.714799022674560547e+01
6.905781030654907227e+01
7.096864652633666992e+01
7.306294345855712891e+01
7.504967737197875977e+01
7.701345801353454590e+01
7.907707881927490234e+01
8.155540013313293457e+01
8.377492499351501465e+01
8.579378390312194824e+01
8.837578773498535156e+01
9.106202673912048340e+01
9.324176788330078125e+01
9.561588788032531738e+01
9.819708371162414551e+01
1.004294021129608154e+02
1.024390201568603516e+02
1.044549412727355957e+02
1.072263000011444092e+02
1.096617999076843262e+02
1.119314630031585693e+02
1.141889581680297852e+02
1.169533655643463135e+02
1.195020201206207275e+02
1.225022139549255371e+02
1.247474324703216553e+02
1.267174470424652100e+02
1.288524439334869385e+02
1.311005525588989258e+02
1.337783207893371582e+02
1.358327946662902832e+02
1.386676442623138428e+02
1.407853653430938721e+02
1.437255339622497559e+02
1.457634954452514648e+02
1.480016539096832275e+02
1.500191006660461426e+02
1.523830783367156982e+02
1.542634272575378418e+02
1.565444312095642090e+02
1.591291112899780273e+02
1.616155817508697510e+02
1.638973944187164307e+02
1.664164123535156250e+02
1.683980889320373535e+02
1.706087415218353271e+02
1.726810419559478760e+02
1.754535405635833740e+02
1.775227649211883545e+02
1.800714242458343506e+02
1.820530669689178467e+02
1.843988945484161377e+02
1.869068617820739746e+02
1.891264367103576660e+02
1.915671925544738770e+02
1.944558134078979492e+02
1.971093502044677734e+02
1.996848142147064209e+02
2.021373498439788818e+02
2.045852982997894287e+02
2.065140044689178467e+02
2.088165256977081299e+02
2.110214085578918457e+02
2.132278633117675781e+02
2.152691502571105957e+02
2.175904908180236816e+02
2.204524300098419189e+02
2.224083585739135742e+02
2.251959652900695801e+02
2.282797920703887939e+02
2.304644670486450195e+02
2.333598742485046387e+02
2.358232769966125488e+02
2.385030307769775391e+02
2.407654986381530762e+02
2.431322271823883057e+02
2.458400225639343262e+02
2.483577320575714111e+02
2.510564877986907959e+02
2.548589329719543457e+02
2.581694948673248291e+02
2.605553333759307861e+02
2.626981186866760254e+02
2.652391047477722168e+02
2.680039868354797363e+02
2.702446153163909912e+02
2.726357040405273438e+02
2.752582609653472900e+02
2.775558636188507080e+02
2.798878588676452637e+02
2.820843448638916016e+02
2.845488164424896240e+02
2.870313098430633545e+02
2.894552693367004395e+02
2.917473666667938232e+02
2.942062215805053711e+02
2.965336816310882568e+02
2.995663940906524658e+02
3.018513612747192383e+02
3.038905041217803955e+02
3.061450116634368896e+02
3.093188693523406982e+02
3.114233098030090332e+02
3.135869383811950684e+02
3.158570992946624756e+02
3.180752482414245605e+02
3.206148655414581299e+02
3.229925169944763184e+02
3.259248325824737549e+02
3.283296952247619629e+02
3.307417192459106445e+02
3.334543931484222412e+02
3.362588791847229004e+02
3.399812033176422119e+02
3.423607397079467773e+02
3.448013160228729248e+02
3.472307066917419434e+02
3.494841344356536865e+02
3.518410539627075195e+02
3.539934189319610596e+02
3.563267037868499756e+02
3.585531318187713623e+02
3.614907453060150146e+02
3.639289584159851074e+02
3.664476859569549561e+02
3.685563416481018066e+02
3.709400207996368408e+02
3.740084617137908936e+02
3.805445907115936279e+02
3.840504527091979980e+02
3.869686374664306641e+02
3.893301985263824463e+02
3.915457193851470947e+02
3.939149551391601562e+02
3.963567683696746826e+02
3.990903880596160889e+02
4.015511357784271240e+02
4.039238216876983643e+02
4.064526183605194092e+02
4.089168684482574463e+02
4.113025629520416260e+02
4.138693864345550537e+02
4.162840046882629395e+02
4.185476119518280029e+02
4.208772671222686768e+02
4.234180715084075928e+02
4.258653116226196289e+02
4.281013991832733154e+02
4.305751564502716064e+02
4.331384780406951904e+02
4.356147480010986328e+02
4.378417234420776367e+02
4.403775246143341064e+02
4.425520694255828857e+02
4.448201801776885986e+02
4.484157562255859375e+02
4.505307600498199463e+02
4.530350384712219238e+02
4.553176600933074951e+02
4.577623968124389648e+02
4.601280775070190430e+02
4.625798199176788330e+02
4.647718765735626221e+02
4.669434189796447754e+02
4.693406233787536621e+02
4.718509051799774170e+02
4.743962135314941406e+02
4.768119299411773682e+02
4.790154950618743896e+02
4.814792456626892090e+02
