1.424587965011596680e+00
2.634052038192749023e+00
3.839056015014648438e+00
5.046860694885253906e+00
6.262734889984130859e+00
7.483739376068115234e+00
8.686683177947998047e+00
9.876282453536987305e+00
1.107386803627014160e+01
1.230494093894958496e+01
1.352377605438232422e+01
1.489356422424316406e+01
1.606601929664611816e+01
1.730491590499877930e+01
1.851593542098999023e+01
1.973178124427795410e+01
2.114993214607238770e+01
2.242055940628051758e+01
2.360871767997741699e+01
2.479995250701904297e+01
2.601008415222167969e+01
2.722107243537902832e+01
2.841606426239013672e+01
2.961703562736511230e+01
3.081601619720458984e+01
3.202301669120788574e+01
3.323500370979309082e+01
3.443994450569152832e+01
3.566886115074157715e+01
3.693888902664184570e+01
3.813287448883056641e+01
3.936487030982971191e+01
4.057478833198547363e+01
4.178209233283996582e+01
4.301182866096496582e+01
4.422394490242004395e+01
4.544695448875427246e+01
4.664990615844726562e+01
4.786790227890014648e+01
4.915701150894165039e+01
5.039584612846374512e+01
5.163461756706237793e+01
5.285463619232177734e+01
5.404959225654602051e+01
5.528906893730163574e+01
5.648031353950500488e+01
5.769684648513793945e+01
5.890734243392944336e+01
6.015339207649230957e+01
6.136036014556884766e+01
6.260604453086853027e+01
6.382158803939819336e+01
6.504037737846374512e+01
6.627356266975402832e+01
6.748965883255004883e+01
6.871072578430175781e+01
6.992360877990722656e+01
7.111744070053100586e+01
7.235246086120605469e+01
7.359545207023620605e+01
7.484451270103454590e+01
7.605982708930969238e+01
7.729992198944091797e+01
7.852493834495544434e+01
7.973615908622741699e+01
8.103045415878295898e+01
8.227652573585510254e+01
8.352583694458007812e+01
8.476692485809326172e+01
8.597299551963806152e+01
8.717352414131164551e+01
8.838995265960693359e+01
8.962995004653930664e+01
9.084095954895019531e+01
9.207397341728210449e+01
9.329194235801696777e+01
9.450995206832885742e+01
9.580600285530090332e+01
9.704602265357971191e+01
9.826301145553588867e+01
9.955605649948120117e+01
1.007600460052490234e+02
1.019719309806823730e+02
1.031826715469360352e+02
1.044098560810089111e+02
1.056308670043945312e+02
1.068469634056091309e+02
1.080820040702819824e+02
1.093199801445007324e+02
1.105580418109893799e+02
1.117960438728332520e+02
1.130129818916320801e+02
1.142440140247344971e+02
1.154700069427490234e+02
1.166720135211944580e+02
1.179000236988067627e+02
1.191099758148193359e+02
1.203359451293945312e+02
1.215597052574157715e+02
1.228097000122070312e+02
1.240379602909088135e+02
1.252619955539703369e+02
1.264669673442840576e+02
1.276960084438323975e+02
1.289549970626831055e+02
1.301679708957672119e+02
1.315050396919250488e+02
1.327648594379425049e+02
1.340061101913452148e+02
1.352531564235687256e+02
1.365191903114318848e+02
1.377720239162445068e+02
1.390162186622619629e+02
1.402892589569091797e+02
1.415419111251831055e+02
1.428289437294006348e+02
1.441180446147918701e+02
1.453350183963775635e+02
1.465799980163574219e+02
1.477709496021270752e+02
1.489809033870697021e+02
1.502369496822357178e+02
1.514889686107635498e+02
1.526949279308319092e+02
1.539128789901733398e+02
1.551279230117797852e+02
1.563723969459533691e+02
1.576209347248077393e+02
1.588789405822753906e+02
1.600948801040649414e+02
1.613068828582763672e+02
1.625578734874725342e+02
1.637839679718017578e+02
1.650185329914093018e+02
1.662560267448425293e+02
1.675060057640075684e+02
1.687389683723449707e+02
1.699719572067260742e+02
1.712991223335266113e+02
1.726201710700988770e+02
1.738631513118743896e+02
1.751201593875885010e+02
1.763782398700714111e+02
1.776202321052551270e+02
1.788622369766235352e+02
1.801007132530212402e+02
1.813322110176086426e+02
1.825977687835693359e+02
1.838522977828979492e+02
1.850843183994293213e+02
1.863339211940765381e+02
1.875894269943237305e+02
1.888453998565673828e+02
1.900974497795104980e+02
1.913504519462585449e+02
1.926504960060119629e+02
1.939255826473236084e+02
1.951885635852813721e+02
1.964435968399047852e+02
1.976985886096954346e+02
1.989916672706604004e+02
2.002457084655761719e+02
2.015027046203613281e+02
2.027757105827331543e+02
2.040377624034881592e+02
2.052887430191040039e+02
2.065497901439666748e+02
2.077807440757751465e+02
2.090297710895538330e+02
2.106811244487762451e+02
2.120645143985748291e+02
2.133775413036346436e+02
2.146577203273773193e+02
2.159967648983001709e+02
2.172739737033843994e+02
2.185049197673797607e+02
2.197549114227294922e+02
2.210379037857055664e+02
2.222938964366912842e+02
2.235638582706451416e+02
2.248088135719299316e+02
2.261313691139221191e+02
2.274060616493225098e+02
2.286619205474853516e+02
2.299324171543121338e+02
2.313740625381469727e+02
2.326670918464660645e+02
2.340182201862335205e+02
2.352682242393493652e+02
2.365232083797454834e+02
2.377372136116027832e+02
2.390323503017425537e+02
2.402883293628692627e+02
2.415563375949859619e+02
2.428323993682861328e+02
2.441524713039398193e+02
2.453844327926635742e+02
2.467495350837707520e+02
2.480836775302886963e+02
2.493276596069335938e+02
