1.445151567459106445e+00
2.705116510391235352e+00
3.984125852584838867e+00
5.283185005187988281e+00
6.558234214782714844e+00
7.850317001342773438e+00
9.114310503005981445e+00
1.041735625267028809e+01
1.172246932983398438e+01
1.307958102226257324e+01
1.434557986259460449e+01
1.562165808677673340e+01
1.689164304733276367e+01
1.814664053916931152e+01
1.939865922927856445e+01
2.062670731544494629e+01
2.187820529937744141e+01
2.312969851493835449e+01
2.441570997238159180e+01
2.579486179351806641e+01
2.710398960113525391e+01
2.845706129074096680e+01
2.973058366775512695e+01
3.099211931228637695e+01
3.223263454437255859e+01
3.350535774230957031e+01
3.475454640388488770e+01
3.600569534301757812e+01
3.727067661285400391e+01
3.853568577766418457e+01
3.976370978355407715e+01
4.107578492164611816e+01
4.232580494880676270e+01
4.359780955314636230e+01
4.489736747741699219e+01
4.615791106224060059e+01
4.743281817436218262e+01
4.873774862289428711e+01
5.005686855316162109e+01
5.141066193580627441e+01
5.296496176719665527e+01
5.438810515403747559e+01
5.567022156715393066e+01
5.692722749710083008e+01
5.844848299026489258e+01
5.974057579040527344e+01
6.104162573814392090e+01
6.233069849014282227e+01
6.360067915916442871e+01
6.486972403526306152e+01
6.610674548149108887e+01
6.738522744178771973e+01
6.867525887489318848e+01
6.990719771385192871e+01
7.117013144493103027e+01
7.247415137290954590e+01
7.372114086151123047e+01
7.499598670005798340e+01
7.630030822753906250e+01
7.761026048660278320e+01
7.889426612854003906e+01
8.027536034584045410e+01
8.158038282394409180e+01
8.289142632484436035e+01
8.417748427391052246e+01
8.541348075866699219e+01
8.667048525810241699e+01
8.791854119300842285e+01
8.934018969535827637e+01
9.062273311614990234e+01
9.195279526710510254e+01
9.324186134338378906e+01
9.450887179374694824e+01
9.575186109542846680e+01
9.703647828102111816e+01
9.832698583602905273e+01
9.964308357238769531e+01
1.009496657848358154e+02
1.022595167160034180e+02
1.035362849235534668e+02
1.048173120021820068e+02
1.061024463176727295e+02
1.073784551620483398e+02
1.086515495777130127e+02
1.099745941162109375e+02
1.112926447391510010e+02
1.125766777992248535e+02
1.139582800865173340e+02
1.152317759990692139e+02
1.165628716945648193e+02
1.178674240112304688e+02
1.191784832477569580e+02
1.204561955928802490e+02
1.217160341739654541e+02
1.230381505489349365e+02
1.243487148284912109e+02
1.256312222480773926e+02
1.269373338222503662e+02
1.282423467636108398e+02
1.295604448318481445e+02
1.308600132465362549e+02
1.321690883636474609e+02
1.335308225154876709e+02
1.348909008502960205e+02
1.362039170265197754e+02
1.375549795627593994e+02
1.388380048274993896e+02
1.400995786190032959e+02
1.413810873031616211e+02
1.426690964698791504e+02
1.439701988697052002e+02
1.452762424945831299e+02
1.466103119850158691e+02
1.478853144645690918e+02
1.491964578628540039e+02
1.505024871826171875e+02
1.518906371593475342e+02
1.532842996120452881e+02
1.545889141559600830e+02
1.558529038429260254e+02
1.571639497280120850e+02
1.584490253925323486e+02
1.597260203361511230e+02
1.610450780391693115e+02
1.623651936054229736e+02
1.637613067626953125e+02
1.650723590850830078e+02
1.664175066947937012e+02
1.678071238994598389e+02
1.691337203979492188e+02
1.704719460010528564e+02
1.718104979991912842e+02
1.732320857048034668e+02
1.745601658821105957e+02
1.759172446727752686e+02
1.772157871723175049e+02
1.786059076786041260e+02
1.799424920082092285e+02
1.812566192150115967e+02
1.825416421890258789e+02
1.838437333106994629e+02
1.851728472709655762e+02
1.864588658809661865e+02
1.877830176353454590e+02
1.890910332202911377e+02
1.904581208229064941e+02
1.918081777095794678e+02
1.931846027374267578e+02
1.945166580677032471e+02
1.957936539649963379e+02
1.971387085914611816e+02
1.985553643703460693e+02
1.998554794788360596e+02
2.011833209991455078e+02
2.024833819866180420e+02
2.038339393138885498e+02
2.051506752967834473e+02
2.064157209396362305e+02
2.077155044078826904e+02
2.090127227306365967e+02
2.103046960830688477e+02
2.116007142066955566e+02
2.129324376583099365e+02
2.142549812793731689e+02
2.155620560646057129e+02
2.169111435413360596e+02
2.182031605243682861e+02
2.195132102966308594e+02
2.207920374870300293e+02
2.221260898113250732e+02
2.234501378536224365e+02
2.247981712818145752e+02
2.261081926822662354e+02
2.274211916923522949e+02
2.287342510223388672e+02
2.301042988300323486e+02
2.314734344482421875e+02
2.328244941234588623e+02
2.341546740531921387e+02
2.354708104133605957e+02
2.367958633899688721e+02
2.381319031715393066e+02
2.394249722957611084e+02
2.407510173320770264e+02
2.420821342468261719e+02
2.433821656703948975e+02
2.447292921543121338e+02
2.460248312950134277e+02
2.473504076004028320e+02
2.486554803848266602e+02
2.499916090965270996e+02
2.513326706886291504e+02
2.526548275947570801e+02
2.539969084262847900e+02
2.553229575157165527e+02
2.566805415153503418e+02
2.580022299289703369e+02
2.593041737079620361e+02
2.606472380161285400e+02
2.619632682800292969e+02
