1.253889560699462891e+00
2.407373189926147461e+00
3.484704256057739258e+00
4.604627132415771484e+00
5.740545272827148438e+00
6.866464853286743164e+00
8.016426086425781250e+00
9.150362968444824219e+00
1.021819806098937988e+01
1.132823204994201660e+01
1.242908692359924316e+01
1.355998349189758301e+01
1.464683675765991211e+01
1.577271676063537598e+01
1.686560559272766113e+01
1.795047545433044434e+01
1.901937460899353027e+01
2.011523437500000000e+01
2.120460486412048340e+01
2.229506921768188477e+01
2.340755033493041992e+01
2.448391366004943848e+01
2.556876659393310547e+01
2.667872524261474609e+01
2.776154971122741699e+01
2.882860231399536133e+01
3.006858658790588379e+01
3.117144155502319336e+01
3.226931762695312500e+01
3.338520789146423340e+01
3.450308799743652344e+01
3.559995436668395996e+01
3.670380568504333496e+01
3.777071094512939453e+01
3.887459063529968262e+01
3.995338368415832520e+01
4.104797577857971191e+01
4.216837477684020996e+01
4.328224563598632812e+01
4.446736097335815430e+01
4.557821869850158691e+01
4.667713451385498047e+01
4.787001752853393555e+01
4.893885231018066406e+01
5.003161787986755371e+01
5.111547350883483887e+01
5.220242881774902344e+01
5.330354118347167969e+01
5.440540099143981934e+01
5.551727366447448730e+01
5.660513305664062500e+01
5.775005316734313965e+01
5.883702087402343750e+01
5.995892715454101562e+01
6.106281900405883789e+01
6.215967082977294922e+01
6.329658126831054688e+01
6.440443372726440430e+01
6.549430179595947266e+01
6.655134510993957520e+01
6.763968729972839355e+01
6.873405170440673828e+01
6.984393119812011719e+01
7.097783398628234863e+01
7.206869888305664062e+01
7.317856717109680176e+01
7.425640940666198730e+01
7.541335058212280273e+01
7.650018978118896484e+01
7.762407970428466797e+01
7.870497012138366699e+01
7.985795497894287109e+01
8.096785569190979004e+01
8.211425232887268066e+01
8.323763513565063477e+01
8.435355687141418457e+01
8.548258161544799805e+01
8.658344674110412598e+01
8.769134688377380371e+01
8.880625748634338379e+01
8.993717336654663086e+01
9.104710197448730469e+01
9.224404978752136230e+01
9.336698794364929199e+01
9.447036457061767578e+01
9.559576272964477539e+01
9.670527958869934082e+01
9.784468102455139160e+01
9.903278708457946777e+01
1.001446692943572998e+02
1.012525873184204102e+02
1.023803076744079590e+02
1.034911961555480957e+02
1.045998425483703613e+02
1.057500121593475342e+02
1.069520673751831055e+02
1.080439281463623047e+02
1.091618216037750244e+02
1.102549266815185547e+02
1.113958394527435303e+02
1.125277142524719238e+02
1.139478566646575928e+02
1.153499794006347656e+02
1.168601903915405273e+02
1.184164698123931885e+02
1.195503649711608887e+02
1.207613470554351807e+02
1.218592050075531006e+02
1.229580690860748291e+02
1.240720405578613281e+02
1.251689090728759766e+02
1.263448996543884277e+02
1.274332444667816162e+02
1.285741379261016846e+02
1.296830110549926758e+02
1.308109152317047119e+02
1.319247806072235107e+02
1.330616838932037354e+02
1.341625614166259766e+02
1.352834620475769043e+02
1.364093577861785889e+02
1.375482597351074219e+02
1.386721441745758057e+02
1.398380773067474365e+02
1.409569613933563232e+02
1.421869299411773682e+02
1.433032169342041016e+02
1.444436268806457520e+02
1.459177985191345215e+02
1.470667965412139893e+02
1.482096943855285645e+02
1.493496136665344238e+02
1.504954454898834229e+02
1.516254842281341553e+02
1.527523987293243408e+02
1.538813033103942871e+02
1.550031757354736328e+02
1.561526143550872803e+02
1.572916133403778076e+02
1.584195029735565186e+02
1.595238816738128662e+02
1.607519090175628662e+02
1.618527843952178955e+02
1.629826636314392090e+02
1.641116371154785156e+02
1.652595329284667969e+02
1.663964679241180420e+02
1.675904228687286377e+02
1.687114381790161133e+02
1.698273329734802246e+02
1.709422085285186768e+02
1.720601367950439453e+02
1.732327592372894287e+02
1.743501772880554199e+02
1.754560759067535400e+02
1.766119806766510010e+02
1.777379710674285889e+02
1.788528358936309814e+02
1.799717283248901367e+02
1.810965418815612793e+02
1.822444477081298828e+02
1.833953828811645508e+02
1.845103130340576172e+02
1.856457269191741943e+02
1.867590811252593994e+02
1.878850231170654297e+02
1.889809384346008301e+02
1.901449167728424072e+02
1.913488681316375732e+02
1.924618017673492432e+02
1.936307172775268555e+02
1.947626185417175293e+02
1.958584916591644287e+02
1.969953734874725342e+02
1.981292655467987061e+02
1.992852349281311035e+02
2.004472146034240723e+02
2.016741948127746582e+02
2.028141179084777832e+02
2.039421162605285645e+02
2.050710058212280273e+02
2.062249865531921387e+02
2.075250670909881592e+02
2.086449429988861084e+02
2.097908713817596436e+02
2.109459190368652344e+02
2.120748329162597656e+02
2.132237205505371094e+02
2.143446652889251709e+02
2.154725704193115234e+02
2.165954656600952148e+02
2.177293760776519775e+02
2.188752813339233398e+02
2.200162260532379150e+02
2.211491186618804932e+02
2.223071284294128418e+02
2.234910781383514404e+02
2.246420106887817383e+02
2.257889769077301025e+02
2.269298541545867920e+02
