1.951219514012336731e-02
1.951219514012336731e-02
1.219512149691581726e-02
9.756097570061683655e-03
1.463414542376995087e-02
1.951219514012336731e-02
2.439024299383163452e-02
1.219512149691581726e-02
2.195122092962265015e-02
9.756097570061683655e-03
2.195121906697750092e-02
1.951219327747821808e-02
1.707316935062408447e-02
1.463414542376995087e-02
9.756097570061683655e-03
2.682926878333091736e-02
1.463414542376995087e-02
2.195121720433235168e-02
1.463414542376995087e-02
2.682926505804061890e-02
1.951219514012336731e-02
1.463414542376995087e-02
4.878048785030841827e-03
9.756097570061683655e-03
1.219512149691581726e-02
1.219512149691581726e-02
3.414634242653846741e-02
1.707316935062408447e-02
2.195121720433235168e-02
9.756097570061683655e-03
1.707316935062408447e-02
1.463414542376995087e-02
4.878048785030841827e-03
2.195121906697750092e-02
2.195121720433235168e-02
1.219512149691581726e-02
1.463414635509252548e-02
2.195121906697750092e-02
1.463414542376995087e-02
2.195121906697750092e-02
9.756097570061683655e-03
2.195121906697750092e-02
1.951219514012336731e-02
9.756097570061683655e-03
1.707316935062408447e-02
2.439024299383163452e-02
1.951219514012336731e-02
1.707316935062408447e-02
2.439024299383163452e-02
1.219512149691581726e-02
1.707316935062408447e-02
1.707316935062408447e-02
1.463414542376995087e-02
2.195121906697750092e-02
1.951219514012336731e-02
9.756097570061683655e-03
3.170731663703918457e-02
1.219512149691581726e-02
1.707316935062408447e-02
4.878048785030841827e-03
1.463414635509252548e-02
1.951219514012336731e-02
1.463414635509252548e-02
2.439024299383163452e-02
1.707317121326923370e-02
1.707316935062408447e-02
9.756097570061683655e-03
1.951219514012336731e-02
2.439024299383163452e-02
1.951219514012336731e-02
2.439024299383163452e-02
9.756097570061683655e-03
1.463414542376995087e-02
1.219512149691581726e-02
2.195121720433235168e-02
1.463414635509252548e-02
1.219512149691581726e-02
2.195121906697750092e-02
1.463414542376995087e-02
1.707316935062408447e-02
4.878048785030841827e-03
9.756097570061683655e-03
2.195121720433235168e-02
2.682926692068576813e-02
1.951219514012336731e-02
7.317073177546262741e-03
1.951219327747821808e-02
1.463414635509252548e-02
1.463414542376995087e-02
4.878048785030841827e-03
1.707317121326923370e-02
9.756097570061683655e-03
2.439024299383163452e-02
1.707317121326923370e-02
1.219512149691581726e-02
1.707316935062408447e-02
9.756097570061683655e-03
2.439024299383163452e-02
1.951219327747821808e-02
7.317073177546262741e-03
1.951219514012336731e-02
1.463414542376995087e-02
1.707316935062408447e-02
2.195121720433235168e-02
1.463414542376995087e-02
2.195121906697750092e-02
1.219512149691581726e-02
9.756097570061683655e-03
1.707317121326923370e-02
1.951219514012336731e-02
9.756097570061683655e-03
9.756097570061683655e-03
3.414634242653846741e-02
1.707316935062408447e-02
1.219512149691581726e-02
2.682926878333091736e-02
2.439024299383163452e-02
1.463414542376995087e-02
1.219512149691581726e-02
7.317073177546262741e-03
1.951219514012336731e-02
1.707316935062408447e-02
2.195121906697750092e-02
1.463414542376995087e-02
1.707316935062408447e-02
7.317073177546262741e-03
2.195122092962265015e-02
9.756097570061683655e-03
9.756097570061683655e-03
1.219512149691581726e-02
2.195121720433235168e-02
2.195121906697750092e-02
1.219512149691581726e-02
1.463414542376995087e-02
1.219512149691581726e-02
3.414634242653846741e-02
1.707316935062408447e-02
2.195121906697750092e-02
2.439024299383163452e-02
1.463414635509252548e-02
1.951219327747821808e-02
1.219512149691581726e-02
1.219512149691581726e-02
1.219512149691581726e-02
1.219512149691581726e-02
1.219512149691581726e-02
1.463414635509252548e-02
1.707316935062408447e-02
2.195121906697750092e-02
1.707316935062408447e-02
2.439024299383163452e-02
2.439024392515420914e-03
9.756097570061683655e-03
9.756097570061683655e-03
7.317073177546262741e-03
1.707316935062408447e-02
2.926829271018505096e-02
2.682926505804061890e-02
2.682926692068576813e-02
2.439024299383163452e-02
2.439024299383163452e-02
3.170731291174888611e-02
2.439024299383163452e-02
1.707317121326923370e-02
1.219512149691581726e-02
7.317073177546262741e-03
1.219512149691581726e-02
1.219512149691581726e-02
1.463414542376995087e-02
9.756097570061683655e-03
2.195121720433235168e-02
1.219512149691581726e-02
2.439024299383163452e-02
1.707316935062408447e-02
2.439024299383163452e-02
1.707316935062408447e-02
1.707316935062408447e-02
1.707316935062408447e-02
1.707316935062408447e-02
2.439024485647678375e-02
1.707317121326923370e-02
2.195121720433235168e-02
1.707316935062408447e-02
1.707316935062408447e-02
1.219512149691581726e-02
1.707316935062408447e-02
1.951219327747821808e-02
1.219512149691581726e-02
1.707316935062408447e-02
3.170731663703918457e-02
1.463414542376995087e-02
1.219512149691581726e-02
2.439024299383163452e-02
9.756097570061683655e-03
3.414633870124816895e-02
1.463414542376995087e-02
2.195121906697750092e-02
7.317073177546262741e-03
2.439024299383163452e-02
1.219512149691581726e-02
