1.356464385986328125e+00
2.355174303054809570e+00
3.273827552795410156e+00
4.205990076065063477e+00
5.127145051956176758e+00
6.063989162445068359e+00
7.018667936325073242e+00
7.964340686798095703e+00
8.896003007888793945e+00
9.848680973052978516e+00
1.078134346008300781e+01
1.172651576995849609e+01
1.270321011543273926e+01
1.365989041328430176e+01
1.460005879402160645e+01
1.555326294898986816e+01
1.651494646072387695e+01
1.741660785675048828e+01
1.837729096412658691e+01
1.935448575019836426e+01
2.033068013191223145e+01
2.129736733436584473e+01
2.224253988265991211e+01
2.321122813224792480e+01
2.419142484664916992e+01
2.514415717124938965e+01
2.610734200477600098e+01
2.709404301643371582e+01
2.809075212478637695e+01
2.905643868446350098e+01
3.002312636375427246e+01
3.096479558944702148e+01
3.188445019721984863e+01
3.291318154335021973e+01
3.405101323127746582e+01
3.504271793365478516e+01
3.601140737533569336e+01
3.701562118530273438e+01
3.798931336402893066e+01
3.897901701927185059e+01
3.994820570945739746e+01
4.098194146156311035e+01
4.188908553123474121e+01
4.290080547332763672e+01
4.383847212791442871e+01
4.479365134239196777e+01
4.611609172821044922e+01
4.780529260635375977e+01
4.911722517013549805e+01
5.085896420478820801e+01
5.233301138877868652e+01
5.404172658920288086e+01
5.598411130905151367e+01
5.754671907424926758e+01
5.936301040649414062e+01
6.080903911590576172e+01
6.177578687667846680e+01
6.272099757194519043e+01
6.376874256134033203e+01
6.471020436286926270e+01
6.566138076782226562e+01
6.665959024429321289e+01
6.762177419662475586e+01
6.856494474411010742e+01
6.957116103172302246e+01
7.048380923271179199e+01
7.155857348442077637e+01
7.249824166297912598e+01
7.343690991401672363e+01
7.444712805747985840e+01
7.540681004524230957e+01
7.637049508094787598e+01
7.737120628356933594e+01
7.828685736656188965e+01
7.929357385635375977e+01
8.022023248672485352e+01
8.118141555786132812e+01
8.215861034393310547e+01
8.346256232261657715e+01
8.439073610305786133e+01
8.538292717933654785e+01
8.632259583473205566e+01
8.727427291870117188e+01
8.832401847839355469e+01
8.926768994331359863e+01
9.020635724067687988e+01
9.124509787559509277e+01
9.223229718208312988e+01
9.320348834991455078e+01
9.417169046401977539e+01
9.511337041854858398e+01
9.608606147766113281e+01
9.707376408576965332e+01
9.799341797828674316e+01
9.892959833145141602e+01
9.990978026390075684e+01
1.008484477996826172e+02
1.018746776580810547e+02
1.028283555507659912e+02
1.038480803966522217e+02
1.048087632656097412e+02
1.058084743022918701e+02
1.067501442432403564e+02
1.077913842201232910e+02
1.087580723762512207e+02
1.097963104248046875e+02
1.108315460681915283e+02
1.118342585563659668e+02
1.127909569740295410e+02
1.137686536312103271e+02
1.147788705825805664e+02
1.157980952262878418e+02
1.167392642498016357e+02
1.177249653339385986e+02
1.186736404895782471e+02
1.197479038238525391e+02
1.207436115741729736e+02
1.217133538722991943e+02
1.226745364665985107e+02
1.236197085380554199e+02
1.246234369277954102e+02
1.256091287136077881e+02
1.265658030509948730e+02
1.275129768848419189e+02
1.285742316246032715e+02
1.295329129695892334e+02
1.305321235656738281e+02
1.314928355216979980e+02
1.324955477714538574e+02
1.334807479381561279e+02
1.344199161529541016e+02
1.354766678810119629e+02
1.364643695354461670e+02
1.375316286087036133e+02
1.384963142871856689e+02
1.394494919776916504e+02
1.404607110023498535e+02
1.423280391693115234e+02
1.443975102901458740e+02
1.454172351360321045e+02
1.472285232543945312e+02
1.484794137477874756e+02
1.494931333065032959e+02
1.505133585929870605e+02
1.515921263694763184e+02
1.533543794155120850e+02
1.545462267398834229e+02
1.555164163112640381e+02
1.565471487045288086e+02
1.575353648662567139e+02
1.585100445747375488e+02
1.595512845516204834e+02
1.605605022907257080e+02
1.615942375659942627e+02
1.626204664707183838e+02
1.636156747341156006e+02
1.646013760566711426e+02
1.656090922355651855e+02
1.666183092594146729e+02
1.676675560474395752e+02
1.687293100357055664e+02
1.696814870834350586e+02
1.706676888465881348e+02
1.716418812274932861e+02
1.726611061096191406e+02
1.736393017768859863e+02
1.746124935150146484e+02
1.756707458496093750e+02
1.766724584102630615e+02
1.776136271953582764e+02
1.786043317317962646e+02
1.796475739479064941e+02
1.806177630424499512e+02
1.815939571857452393e+02
1.826166844367980957e+02
1.835978822708129883e+02
1.845725750923156738e+02
1.855817925930023193e+02
1.865800025463104248e+02
1.875892198085784912e+02
1.885979373455047607e+02
1.895581195354461670e+02
1.905398175716400146e+02
1.915805580615997314e+02
1.926207976341247559e+02
1.935864841938018799e+02
1.946207191944122314e+02
1.956219317913055420e+02
1.966086325645446777e+02
1.976088440418243408e+02
1.986746015548706055e+02
1.997458629608154297e+02
2.007435865402221680e+02
2.017342774868011475e+02
2.027695138454437256e+02
2.037587170600891113e+02
2.047299072742462158e+02
2.057716526985168457e+02
2.067678616046905518e+02
2.078025968074798584e+02
