1.952387571334838867e+00
3.603061437606811523e+00
4.880469083786010742e+00
5.940723657608032227e+00
7.066524982452392578e+00
8.534067630767822266e+00
9.402184247970581055e+00
1.044042277336120605e+01
1.174635124206542969e+01
1.268902158737182617e+01
1.353539323806762695e+01
1.449791622161865234e+01
1.532150149345397949e+01
1.628954148292541504e+01
1.721274137496948242e+01
1.811564731597900391e+01
1.900999283790588379e+01
2.001883101463317871e+01
2.086243081092834473e+01
2.173955774307250977e+01
2.266671681404113770e+01
2.377146506309509277e+01
2.518246793746948242e+01
2.628925466537475586e+01
2.714301824569702148e+01
2.809155273437500000e+01
2.897272849082946777e+01
2.985185408592224121e+01
3.077899479866027832e+01
3.165942478179931641e+01
3.256412315368652344e+01
3.349328804016113281e+01
3.446345186233520508e+01
3.542220139503479004e+01
3.629693698883056641e+01
3.751833057403564453e+01
3.865177369117736816e+01
3.995328760147094727e+01
4.140832209587097168e+01
4.241153478622436523e+01
4.351487302780151367e+01
4.443695211410522461e+01
4.534055948257446289e+01
4.635992360115051270e+01
4.733780884742736816e+01
4.827899026870727539e+01
4.924412417411804199e+01
5.019063067436218262e+01
5.103165507316589355e+01
5.196964120864868164e+01
5.309644889831542969e+01
5.401115274429321289e+01
5.491731548309326172e+01
5.577567791938781738e+01
5.670042562484741211e+01
5.757233572006225586e+01
5.861057448387145996e+01
5.997886538505554199e+01
6.122822165489196777e+01
6.226105022430419922e+01
6.321596050262451172e+01
6.414567637443542480e+01
6.511493897438049316e+01
6.631066584587097168e+01
6.727389407157897949e+01
6.824204277992248535e+01
6.930099368095397949e+01
7.024266982078552246e+01
7.129341673851013184e+01
7.225586104393005371e+01
7.329135870933532715e+01
7.475840234756469727e+01
7.578939890861511230e+01
7.673727846145629883e+01
7.768351292610168457e+01
7.923097681999206543e+01
8.058594036102294922e+01
8.142553687095642090e+01
8.232173490524291992e+01
8.321587038040161133e+01
8.446325755119323730e+01
8.537441229820251465e+01
8.720820975303649902e+01
8.824944996833801270e+01
8.920562958717346191e+01
9.035944986343383789e+01
9.144472146034240723e+01
9.232334661483764648e+01
9.316249203681945801e+01
9.416320347785949707e+01
9.502681827545166016e+01
9.589193272590637207e+01
9.674503946304321289e+01
9.759514355659484863e+01
9.848927950859069824e+01
9.939142060279846191e+01
1.002845752239227295e+02
1.011772103309631348e+02
1.020948624610900879e+02
1.029794912338256836e+02
1.038325977325439453e+02
1.047442464828491211e+02
1.056088612079620361e+02
1.064649693965911865e+02
1.074311699867248535e+02
1.085199434757232666e+02
1.094591119289398193e+02
1.108320877552032471e+02
1.117792608737945557e+02
1.127374422550201416e+02
1.137811841964721680e+02
1.149395079612731934e+02
1.168278512954711914e+02
1.185971083641052246e+02
1.197794613838195801e+02
1.211899640560150146e+02
1.223778088092803955e+02
1.233305141925811768e+02
1.242696826457977295e+02
1.252198579311370850e+02
1.263216416835784912e+02
1.278192059993743896e+02
1.290205605030059814e+02
1.299267041683197021e+02
1.308283455371856689e+02
1.317229812145233154e+02
1.326346294879913330e+02
1.334912385940551758e+02
1.350893912315368652e+02
1.361791651248931885e+02
1.374110412597656250e+02
1.385563554763793945e+02
1.395150887966156006e+02
1.406804163455963135e+02
1.416370971202850342e+02
1.426478161811828613e+02
1.436205072402954102e+02
1.445866942405700684e+02
1.455693933963775635e+02
1.469503755569458008e+02
1.481051957607269287e+02
1.490813901424407959e+02
1.499785785675048828e+02
1.508802192211151123e+02
1.518224883079528809e+02
1.528425343036651611e+02
1.537132143974304199e+02
1.546113522052764893e+02
1.555670328140258789e+02
1.565001957416534424e+02
1.574208512306213379e+02
1.584015471935272217e+02
1.593066909313201904e+02
1.602308478355407715e+02
1.611606001853942871e+02
1.620427267551422119e+02
1.629268550872802734e+02
1.638179893493652344e+02
1.648462207317352295e+02
1.659304907321929932e+02
1.667961442470550537e+02
1.679204437732696533e+02
1.688896327018737793e+02
1.698448410034179688e+02
1.707206010818481445e+02
1.716112349033355713e+02
1.724838545322418213e+02
1.733859958648681641e+02
1.743081524372100830e+02
1.752263596057891846e+02
1.760839874744415283e+02
1.769811239242553711e+02
1.778623015880584717e+02
1.787019283771514893e+02
1.796666147708892822e+02
1.805762612819671631e+02
1.814764015674591064e+02
1.823595585823059082e+02
1.832441875934600830e+02
1.841558361053466797e+02
1.850349607467651367e+02
1.859270951747894287e+02
1.867686934471130371e+02
1.877243733406066895e+02
1.886320185661315918e+02
1.895481700897216797e+02
1.904753739833831787e+02
1.913340132236480713e+02
1.922016298770904541e+02
1.930702476501464844e+02
1.939979069232940674e+02
1.948400893211364746e+02
1.957672488689422607e+02
1.966849012374877930e+02
1.975575218200683594e+02
1.984516730308532715e+02
1.993538610935211182e+02
2.002179839611053467e+02
2.011366820335388184e+02
2.020393230915069580e+02
