1.161826610565185547e+00
2.155597686767578125e+00
3.112277746200561523e+00
4.101981639862060547e+00
5.071171045303344727e+00
6.073383331298828125e+00
7.125631332397460938e+00
8.123341083526611328e+00
9.114045858383178711e+00
1.010725164413452148e+01
1.119002151489257812e+01
1.216821670532226562e+01
1.315191602706909180e+01
1.415162682533264160e+01
1.515483999252319336e+01
1.613053369522094727e+01
1.714025187492370605e+01
1.818199276924133301e+01
1.922973752021789551e+01
2.022846126556396484e+01
2.124467062950134277e+01
2.220585417747497559e+01
2.319005513191223145e+01
2.419026446342468262e+01
2.520798826217651367e+01
2.621720623970031738e+01
2.721491479873657227e+01
2.820261788368225098e+01
2.921533751487731934e+01
3.021454811096191406e+01
3.122526645660400391e+01
3.224513053894042969e+01
3.319380521774291992e+01
3.418000626564025879e+01
3.519422721862792969e+01
3.620244693756103516e+01
3.739579319953918457e+01
3.837248659133911133e+01
3.938220477104187012e+01
4.055203700065612793e+01
4.152924513816833496e+01
4.257847785949707031e+01
4.357822561264038086e+01
4.460395455360412598e+01
4.557064199447631836e+01
4.656885170936584473e+01
4.756756234169006348e+01
4.865183281898498535e+01
4.970157909393310547e+01
5.073231220245361328e+01
5.178456044197082520e+01
5.282279801368713379e+01
5.383251619338989258e+01
5.485654377937316895e+01
5.584724736213684082e+01
5.689399170875549316e+01
5.792472481727600098e+01
5.889091157913208008e+01
5.996767711639404297e+01
6.097839570045471191e+01
6.197960805892944336e+01
6.300033307075500488e+01
6.396201729774475098e+01
6.497124004364013672e+01
6.599496293067932129e+01
6.700167870521545410e+01
6.804842209815979004e+01
6.905363726615905762e+01
7.005585074424743652e+01
7.118215084075927734e+01
7.229844641685485840e+01
7.334573054313659668e+01
7.441148805618286133e+01
7.546173548698425293e+01
7.652699327468872070e+01
7.752371525764465332e+01
7.864800095558166504e+01
7.968373727798461914e+01
8.092111706733703613e+01
8.197087717056274414e+01
8.303862309455871582e+01
8.416142058372497559e+01
8.517814350128173828e+01
8.616334390640258789e+01
8.725011754035949707e+01
8.840543842315673828e+01
8.961329817771911621e+01
9.072358703613281250e+01
9.179434752464294434e+01
9.280356550216674805e+01
9.424759197235107422e+01
9.549154329299926758e+01
9.684301090240478516e+01
9.811926269531250000e+01
9.926064205169677734e+01
1.003990032672882080e+02
1.016066904067993164e+02
1.033118407726287842e+02
1.051130516529083252e+02
1.062607586383819580e+02
1.074080410003662109e+02
1.085260226726531982e+02
1.096888263225555420e+02
1.113683850765228271e+02
1.126344988346099854e+02
1.144618837833404541e+02
1.158287396430969238e+02
1.170213346481323242e+02
1.184812166690826416e+02
1.198860163688659668e+02
1.211786417961120605e+02
1.223337287902832031e+02
1.235153496265411377e+02
1.250156149864196777e+02
1.265060253143310547e+02
1.277981488704681396e+02
1.290105237960815430e+02
1.301179523468017578e+02
1.312683141231536865e+02
1.323710241317749023e+02
1.334630243778228760e+02
1.345921201705932617e+02
1.357354726791381836e+02
1.369207634925842285e+02
1.379705278873443604e+02
1.391442074775695801e+02
1.407745497226715088e+02
1.422036550045013428e+02
1.434023568630218506e+02
1.445136883258819580e+02
1.456019170284271240e+02
1.467251396179199219e+02
1.478741736412048340e+02
1.489732017517089844e+02
1.500994451045989990e+02
1.513291676044464111e+02
1.524822776317596436e+02
1.535952196121215820e+02
1.547149479389190674e+02
1.558484377861022949e+02
1.569794123172760010e+02
1.580999166965484619e+02
1.592401854991912842e+02
1.603681185245513916e+02
1.614446685314178467e+02
1.625941722393035889e+02
1.637380802631378174e+02
1.648500907421112061e+02
1.660030832290649414e+02
1.670591249465942383e+02
1.682366006374359131e+02
1.693912754058837891e+02
1.705268335342407227e+02
1.716423311233520508e+02
1.727915337085723877e+02
1.739112141132354736e+02
1.750024702548980713e+02
1.761276988983154297e+02
1.772895460128784180e+02
1.784239869117736816e+02
1.795720803737640381e+02
1.806915037631988525e+02
1.818820390701293945e+02
1.829685690402984619e+02
1.841994693279266357e+02
1.852565748691558838e+02
1.864110164642333984e+02
1.875477988719940186e+02
1.887571380138397217e+02
1.898238420486450195e+02
1.910686268806457520e+02
1.921458797454833984e+02
1.933286788463592529e+02
1.944700689315795898e+02
1.957430775165557861e+02
1.973889918327331543e+02
1.991037101745605469e+02
2.004066362380981445e+02
2.017475898265838623e+02
2.029114184379577637e+02
2.039842410087585449e+02
2.054343667030334473e+02
2.067688155174255371e+02
2.080702412128448486e+02
2.093021166324615479e+02
2.104859588146209717e+02
2.115892426967620850e+02
2.127880947589874268e+02
2.138803715705871582e+02
2.150622403621673584e+02
2.161495132446289062e+02
2.175120048522949219e+02
2.188640201091766357e+02
2.200243449211120605e+02
2.211582312583923340e+02
2.222720232009887695e+02
2.234198942184448242e+02
2.245682110786437988e+02
2.257050197124481201e+02
2.268018000125885010e+02
