1.012383222579956055e+00
1.900514841079711914e+00
2.751119613647460938e+00
3.644759893417358398e+00
4.560406446456909180e+00
5.487064599990844727e+00
6.359184980392456055e+00
7.256344079971313477e+00
8.177011251449584961e+00
9.065643548965454102e+00
1.000781345367431641e+01
1.090945410728454590e+01
1.177259087562561035e+01
1.269224429130554199e+01
1.359089827537536621e+01
1.448902225494384766e+01
1.538465929031372070e+01
1.636490154266357422e+01
1.725040721893310547e+01
1.817012977600097656e+01
1.907579469680786133e+01
1.997843670845031738e+01
2.087457346916198730e+01
2.171772456169128418e+01
2.264992880821228027e+01
2.365765237808227539e+01
2.457630491256713867e+01
2.547644519805908203e+01
2.642011570930480957e+01
2.732225751876831055e+01
2.828944516181945801e+01
2.923061466217041016e+01
3.013868570327758789e+01
3.104783129692077637e+01
3.191094493865966797e+01
3.289164257049560547e+01
3.378777956962585449e+01
3.468241548538208008e+01
3.556053972244262695e+01
3.641514730453491211e+01
3.737182807922363281e+01
3.835255074501037598e+01
3.924668717384338379e+01
4.015285158157348633e+01
4.104648756980895996e+01
4.197364616394042969e+01
4.288683700561523438e+01
4.383501148223876953e+01
4.474015474319458008e+01
4.566981601715087891e+01
4.656295108795166016e+01
4.750812292098999023e+01
4.847130799293518066e+01
4.935643672943115234e+01
5.024957203865051270e+01
5.117623066902160645e+01
5.207787227630615234e+01
5.304206609725952148e+01
5.394272041320800781e+01
5.485585618019104004e+01
5.575649619102478027e+01
5.662511444091796875e+01
5.754376745223999023e+01
5.844690918922424316e+01
5.937606978416442871e+01
6.026069855690002441e+01
6.115836620330810547e+01
6.206250882148742676e+01
6.302520370483398438e+01
6.395136189460754395e+01
6.489255595207214355e+01
6.583872890472412109e+01
6.671335053443908691e+01
6.768854379653930664e+01
6.858769679069519043e+01
6.949532866477966309e+01
7.042200350761413574e+01
7.134314227104187012e+01
7.225729203224182129e+01
7.321647405624389648e+01
7.417515587806701660e+01
7.508130073547363281e+01
7.599494981765747070e+01
7.691410279273986816e+01
7.781524395942687988e+01
7.872364926338195801e+01
7.969138669967651367e+01
8.061354351043701172e+01
8.153870081901550293e+01
8.246836137771606445e+01
8.336800122261047363e+01
8.429015636444091797e+01
8.519630098342895508e+01
8.619150829315185547e+01
8.710715961456298828e+01
8.803081607818603516e+01
8.895797538757324219e+01
8.988763642311096191e+01
9.078977775573730469e+01
9.174345588684082031e+01
9.266861391067504883e+01
9.361128449440002441e+01
9.455145263671875000e+01
9.549012088775634766e+01
9.637927842140197754e+01
9.733249402046203613e+01
9.827516436576843262e+01
9.917103505134582520e+01
1.000781803131103516e+02
1.010458688735961914e+02
1.019730274677276611e+02
1.029337108135223389e+02
1.038493611812591553e+02
1.048295581340789795e+02
1.057281975746154785e+02
1.066368436813354492e+02
1.076205427646636963e+02
1.085712189674377441e+02
1.094803647994995117e+02
1.104255373477935791e+02
1.113396871089935303e+02
1.122423293590545654e+02
1.132135198116302490e+02
1.141606929302215576e+02
1.150893533229827881e+02
1.160020022392272949e+02
1.169992115497589111e+02
1.179243688583374023e+02
1.188310134410858154e+02
1.197636921405792236e+02
1.207088487148284912e+02
1.216620268821716309e+02
1.225656688213348389e+02
1.234698126316070557e+02
1.244194869995117188e+02
1.253251311779022217e+02
1.262853715419769287e+02
1.271815237998962402e+02
1.281056804656982422e+02
1.290143270492553711e+02
1.299895684719085693e+02
1.309502522945404053e+02
1.318439364433288574e+02
1.328256983757019043e+02
1.337303414344787598e+02
1.346910245418548584e+02
1.356477043628692627e+02
1.365814151763916016e+02
1.374895606040954590e+02
1.383831961154937744e+02
1.393263669013977051e+02
1.402460210323333740e+02
1.411551671028137207e+02
1.420538058280944824e+02
1.429929740428924561e+02
1.439261372089385986e+02
1.448578002452850342e+02
1.457754518985748291e+02
1.467106173038482666e+02
1.476347882747650146e+02
1.486009609699249268e+02
1.495476341247558594e+02
1.505548505783081055e+02
1.514935176372528076e+02
1.524071679115295410e+02
1.533843617439270020e+02
1.543075196743011475e+02
1.552516899108886719e+02
1.561683938503265381e+02
1.571691625118255615e+02
1.581118323802947998e+02
1.590424940586090088e+02
1.599406361579895020e+02
1.608302659988403320e+02
1.617749371528625488e+02
1.626985938549041748e+02
1.636213111877441406e+02
1.645529727935791016e+02
1.655031483173370361e+02
1.664648318290710449e+02
1.673795025348663330e+02
1.683882188796997070e+02
1.693078725337982178e+02
1.702065112590789795e+02
1.711726982593536377e+02
1.721263849735260010e+02
1.730785617828369141e+02
1.740032191276550293e+02
1.749408867359161377e+02
1.758875591754913330e+02
1.768272266387939453e+02
1.777759013175964355e+02
1.786930537223815918e+02
1.796157095432281494e+02
1.805158493518829346e+02
1.815016102790832520e+02
1.824292833805084229e+02
1.833840091228485107e+02
1.843717133998870850e+02
1.853103792667388916e+02
