2.848785638809204102e+00
4.256316900253295898e+00
5.695238828659057617e+00
7.122481822967529297e+00
8.504400968551635742e+00
9.976944208145141602e+00
1.136078643798828125e+01
1.274886560440063477e+01
1.413038754463195801e+01
1.551093864440917969e+01
1.690841841697692871e+01
1.836784648895263672e+01
1.975976777076721191e+01
2.114728331565856934e+01
2.254347610473632812e+01
2.394538903236389160e+01
2.531576919555664062e+01
2.670725893974304199e+01
2.818342375755310059e+01
2.959292411804199219e+01
3.101409626007080078e+01
3.240979576110839844e+01
3.380038237571716309e+01
3.518140792846679688e+01
3.658085584640502930e+01
3.798016643524169922e+01
3.938628101348876953e+01
4.080339694023132324e+01
4.219636511802673340e+01
4.381690287590026855e+01
4.523720645904541016e+01
4.673437643051147461e+01
4.814145016670227051e+01
4.954223918914794922e+01
5.094013309478759766e+01
5.239449143409729004e+01
5.383680939674377441e+01
5.522122430801391602e+01
5.661109161376953125e+01
5.803477144241333008e+01
5.941830039024353027e+01
6.085513806343078613e+01
6.228715729713439941e+01
6.373568749427795410e+01
6.515369582176208496e+01
6.657370662689208984e+01
6.799671840667724609e+01
6.943803238868713379e+01
7.086715269088745117e+01
7.229346299171447754e+01
7.373444271087646484e+01
7.516736412048339844e+01
7.657397127151489258e+01
7.797221517562866211e+01
7.939981365203857422e+01
8.080237412452697754e+01
8.228118753433227539e+01
8.366379785537719727e+01
8.505436587333679199e+01
8.644186711311340332e+01
8.783338284492492676e+01
8.923214268684387207e+01
9.062839245796203613e+01
9.201678943634033203e+01
9.340527939796447754e+01
9.479676032066345215e+01
9.619243144989013672e+01
9.759346604347229004e+01
9.901797938346862793e+01
1.004069468975067139e+02
1.018229486942291260e+02
1.032334148883819580e+02
1.046624758243560791e+02
1.061093163490295410e+02
1.076105809211730957e+02
1.091662104129791260e+02
1.107065417766571045e+02
1.121772918701171875e+02
1.135749158859252930e+02
1.150042972564697266e+02
1.164364039897918701e+02
1.179403927326202393e+02
1.194079556465148926e+02
1.208814697265625000e+02
1.223557527065277100e+02
1.239088385105133057e+02
1.253819675445556641e+02
1.268188698291778564e+02
1.284707889556884766e+02
1.299784750938415527e+02
1.314047718048095703e+02
1.328214087486267090e+02
1.343016667366027832e+02
1.358067612648010254e+02
1.373389976024627686e+02
1.388094577789306641e+02
1.402254717350006104e+02
1.417309474945068359e+02
1.433251533508300781e+02
1.447464060783386230e+02
1.462834098339080811e+02
1.477883868217468262e+02
1.493660881519317627e+02
1.508178524971008301e+02
1.522447795867919922e+02
1.536838014125823975e+02
1.552046914100646973e+02
1.566203348636627197e+02
1.580245876312255859e+02
1.594836685657501221e+02
1.608906736373901367e+02
1.622901694774627686e+02
1.637235612869262695e+02
1.651509594917297363e+02
1.666810061931610107e+02
1.680958249568939209e+02
1.695023949146270752e+02
1.709104878902435303e+02
1.723214595317840576e+02
1.737358090877532959e+02
1.751706948280334473e+02
1.766227738857269287e+02
1.780799984931945801e+02
1.796689357757568359e+02
1.814814627170562744e+02
1.832792737483978271e+02
1.847669451236724854e+02
1.861593103408813477e+02
1.875455749034881592e+02
1.889485309123992920e+02
1.903487968444824219e+02
1.918671417236328125e+02
1.932373929023742676e+02
1.946308836936950684e+02
1.960989129543304443e+02
1.974826962947845459e+02
1.988866949081420898e+02
2.002888541221618652e+02
2.017025339603424072e+02
2.031095063686370850e+02
2.045067687034606934e+02
2.059002485275268555e+02
2.073828077316284180e+02
2.090060122013092041e+02
2.104418222904205322e+02
2.119689085483551025e+02
2.135259630680084229e+02
2.150860049724578857e+02
2.165284364223480225e+02
2.179200019836425781e+02
2.193270089626312256e+02
2.207082479000091553e+02
2.221358628273010254e+02
2.235566618442535400e+02
2.249898445606231689e+02
2.264577035903930664e+02
2.278749577999114990e+02
2.293861432075500488e+02
2.307964086532592773e+02
2.322114152908325195e+02
2.337005450725555420e+02
2.351310033798217773e+02
2.365488686561584473e+02
2.379726753234863281e+02
2.394290378093719482e+02
2.408728649616241455e+02
2.422986459732055664e+02
2.437266633510589600e+02
2.451476728916168213e+02
2.465850095748901367e+02
2.480149791240692139e+02
2.494532191753387451e+02
2.508957455158233643e+02
2.525179781913757324e+02
2.539802222251892090e+02
2.554573397636413574e+02
2.570364310741424561e+02
2.584671113491058350e+02
2.599406595230102539e+02
2.613634314537048340e+02
2.629862883090972900e+02
2.644118020534515381e+02
2.659709112644195557e+02
2.673914260864257812e+02
2.688206748962402344e+02
2.703330202102661133e+02
2.717799756526947021e+02
2.733037254810333252e+02
2.747546601295471191e+02
2.763165400028228760e+02
2.778622314929962158e+02
2.792976255416870117e+02
2.808212082386016846e+02
2.822487649917602539e+02
2.836800293922424316e+02
2.851208524703979492e+02
2.866537141799926758e+02
2.881062474250793457e+02
2.895348021984100342e+02
2.909906203746795654e+02
