1.477832533419132233e-02
2.101805992424488068e-02
1.674876734614372253e-02
1.412151101976633072e-02
1.576354727149009705e-02
1.773398928344249725e-02
1.806239597499370575e-02
1.740558259189128876e-02
1.740558072924613953e-02
1.346469670534133911e-02
1.904761791229248047e-02
1.642036251723766327e-02
1.970443315804004669e-02
1.740558445453643799e-02
1.543513964861631393e-02
1.773399114608764648e-02
1.642036065459251404e-02
1.642036065459251404e-02
1.871921122074127197e-02
1.970443315804004669e-02
2.101806178689002991e-02
2.036124840378761292e-02
2.266009710729122162e-02
1.871921122074127197e-02
1.839080266654491425e-02
2.692939154803752899e-02
2.430213242769241333e-02
2.922824397683143616e-02
3.678160905838012695e-02
4.400656372308731079e-02
5.353038012981414795e-02
6.305418908596038818e-02
6.272578239440917969e-02
7.487684488296508789e-02
8.243021368980407715e-02
9.556650370359420776e-02
1.031198650598526001e-01
1.123152673244476318e-01
1.287356317043304443e-01
1.464696228504180908e-01
1.648604273796081543e-01
1.671592593193054199e-01
1.848932653665542603e-01
2.075533717870712280e-01
2.141215205192565918e-01
2.305418699979782104e-01
2.315270900726318359e-01
2.577996850013732910e-01
2.768473029136657715e-01
2.784893214702606201e-01
3.014777898788452148e-01
3.201970160007476807e-01
3.119868338108062744e-01
3.270935416221618652e-01
3.293924629688262939e-01
3.467980623245239258e-01
3.536945283412933350e-01
3.622331619262695312e-01
3.707717359066009521e-01
3.793103396892547607e-01
3.839080035686492920e-01
4.006567597389221191e-01
4.036124348640441895e-01
4.098522067070007324e-01
4.233168959617614746e-01
4.233168959617614746e-01
4.334974884986877441e-01
4.453201889991760254e-01
4.361247420310974121e-01
4.426929056644439697e-01
4.607552886009216309e-01
4.689654409885406494e-01
4.564859867095947266e-01
4.637109637260437012e-01
4.738916158676147461e-01
4.801313281059265137e-01
4.834153950214385986e-01
4.929391741752624512e-01
4.916255772113800049e-01
4.981937408447265625e-01
5.014777779579162598e-01
5.123152136802673340e-01
5.047618150711059570e-01
5.080459713935852051e-01
5.218390226364135742e-01
5.261083245277404785e-01
5.116584300994873047e-01
5.372741818428039551e-01
5.369457602500915527e-01
5.297208428382873535e-01
5.307060480117797852e-01
5.382593870162963867e-01
5.412151217460632324e-01
5.369457602500915527e-01
5.523809194564819336e-01
5.448275208473205566e-01
5.490968227386474609e-01
5.504104495048522949e-01
5.645319223403930664e-01
5.638751983642578125e-01
5.546797513961791992e-01
5.638751983642578125e-01
5.691296458244323730e-01
5.701148509979248047e-01
5.776682496070861816e-01
5.684728622436523438e-01
5.825943350791931152e-01
5.796387195587158203e-01
5.904760956764221191e-01
5.885056853294372559e-01
5.996715426445007324e-01
5.855500102043151855e-01
5.868636369705200195e-01
6.032839417457580566e-01
6.016419529914855957e-01
6.114941835403442383e-01
6.059112548828125000e-01
5.871920585632324219e-01
6.118226051330566406e-01
6.032840013504028320e-01
6.009851694107055664e-01
5.963875055313110352e-01
6.068965196609497070e-01
6.144498586654663086e-01
6.128078103065490723e-01
6.262724995613098145e-01
6.039408445358276367e-01
6.200327277183532715e-01
6.203612089157104492e-01
6.216747760772705078e-01
6.105089783668518066e-01
6.223316192626953125e-01
6.203611493110656738e-01
6.223315596580505371e-01
6.223316192626953125e-01
6.371099352836608887e-01
6.292281746864318848e-01
6.302133798599243164e-01
6.272577047348022461e-01
6.367815136909484863e-01
6.302134394645690918e-01
6.305418014526367188e-01
6.410508155822753906e-01
6.403940320014953613e-01
6.426928043365478516e-01
6.482757329940795898e-01
6.302134394645690918e-01
6.380952000617980957e-01
6.384235620498657227e-01
6.430212855339050293e-01
6.469621658325195312e-01
6.377667188644409180e-01
6.637109518051147461e-01
6.522166728973388672e-01
6.413792371749877930e-01
6.443349123001098633e-01
6.430213451385498047e-01
6.499179005622863770e-01
6.555007696151733398e-01
6.532019376754760742e-01
6.456485390663146973e-01
6.571427583694458008e-01
6.607552766799926758e-01
6.548439264297485352e-01
6.666665673255920410e-01
6.548439264297485352e-01
6.594416499137878418e-01
6.515598297119140625e-01
6.758619546890258789e-01
6.656813621520996094e-01
6.686370372772216797e-01
6.620689034461975098e-01
6.811165809631347656e-01
6.604268550872802734e-01
6.742199063301086426e-01
6.709358692169189453e-01
6.699506640434265137e-01
6.755335330963134766e-01
6.663382053375244141e-01
6.699506044387817383e-01
6.758620142936706543e-01
6.587848067283630371e-01
6.748767495155334473e-01
6.784892082214355469e-01
6.771756410598754883e-01
6.837437748908996582e-01
6.837437748908996582e-01
6.752051711082458496e-01
6.725779175758361816e-01
6.781608462333679199e-01
6.768472194671630859e-01
6.853857636451721191e-01
6.847289800643920898e-01
6.811164617538452148e-01
6.768472194671630859e-01
6.706074476242065430e-01
6.853858232498168945e-01
6.804596781730651855e-01
6.765187382698059082e-01
6.863710284233093262e-01
