3.242302894592285156e+00
6.035820960998535156e+00
8.764259576797485352e+00
1.149419903755187988e+01
1.423264455795288086e+01
1.695707964897155762e+01
1.983062171936035156e+01
2.255555725097656250e+01
2.528149318695068359e+01
2.810700058937072754e+01
3.092300128936767578e+01
3.373650026321411133e+01
3.644542455673217773e+01
3.917686533927917480e+01
4.189679694175720215e+01
4.463924527168273926e+01
4.754781150817871094e+01
5.034652113914489746e+01
5.324107718467712402e+01
5.600554943084716797e+01
5.878602457046508789e+01
6.155849432945251465e+01
6.426291561126708984e+01
6.715547037124633789e+01
6.996346521377563477e+01
7.273743653297424316e+01
7.564850378036499023e+01
7.839345479011535645e+01
8.145713043212890625e+01
8.426462507247924805e+01
8.731879520416259766e+01
9.011177849769592285e+01
9.296680736541748047e+01
9.571425890922546387e+01
9.872089624404907227e+01
1.015138788223266602e+02
1.043242664337158203e+02
1.071842381954193115e+02
1.100752167701721191e+02
1.128997859954833984e+02
1.156526484489440918e+02
1.184741532802581787e+02
1.214462885856628418e+02
1.243663628101348877e+02
1.271998755931854248e+02
1.299958508014678955e+02
1.327515606880187988e+02
1.357464880943298340e+02
1.385487062931060791e+02
1.414740622043609619e+02
1.442908859252929688e+02
1.471650290489196777e+02
1.499548251628875732e+02
1.527866060733795166e+02
1.556787111759185791e+02
1.588441095352172852e+02
1.617215263843536377e+02
1.645004842281341553e+02
1.674761264324188232e+02
1.702742075920104980e+02
1.731804308891296387e+02
1.760260567665100098e+02
1.788285853862762451e+02
1.816230664253234863e+02
1.844507503509521484e+02
1.872567443847656250e+02
1.901162748336791992e+02
1.929187660217285156e+02
1.957217576503753662e+02
1.985565147399902344e+02
2.015161178112030029e+02
2.042735755443572998e+02
2.070675606727600098e+02
2.098395297527313232e+02
2.126360168457031250e+02
2.154208786487579346e+02
2.183624680042266846e+02
2.211334371566772461e+02
2.242276446819305420e+02
2.270223746299743652e+02
2.298383753299713135e+02
2.325768239498138428e+02
2.354013304710388184e+02
2.382468523979187012e+02
2.410448396205902100e+02
2.438313195705413818e+02
2.466518306732177734e+02
2.495438852310180664e+02
2.523333673477172852e+02
2.551328554153442383e+02
2.579378492832183838e+02
2.607538485527038574e+02
2.635583407878875732e+02
2.663428192138671875e+02
2.691147885322570801e+02
2.719002671241760254e+02
2.747152671813964844e+02
2.775322682857513428e+02
2.803282542228698730e+02
2.830992238521575928e+02
2.862119350433349609e+02
2.892275767326354980e+02
2.919925408363342285e+02
2.947800395488739014e+02
2.977261331081390381e+02
3.006682229042053223e+02
3.034812214374542236e+02
3.063417534828186035e+02
3.091282329559326172e+02
3.119197309017181396e+02
3.147342152595520020e+02
3.175256981849670410e+02
3.202781538963317871e+02
3.230713624954223633e+02
3.258817462921142578e+02
3.287171788215637207e+02
3.315041482448577881e+02
3.342981917858123779e+02
3.370956468582153320e+02
3.399191517829895020e+02
3.427696769237518311e+02
3.455781714916229248e+02
3.483736577033996582e+02
3.512062506675720215e+02
3.540362608432769775e+02
3.568337478637695312e+02
3.595822005271911621e+02
3.623661782741546631e+02
3.652352168560028076e+02
3.680289435386657715e+02
3.709059875011444092e+02
3.737049758434295654e+02
3.765680098533630371e+02
3.793910393714904785e+02
3.822775890827178955e+02
3.851060981750488281e+02
3.879396116733551025e+02
3.907070775032043457e+02
3.935856227874755859e+02
3.964221374988555908e+02
3.993191955089569092e+02
4.022342669963836670e+02
4.050332753658294678e+02
4.078502759933471680e+02
4.106467628479003906e+02
4.134627633094787598e+02
4.162582497596740723e+02
4.191082742214202881e+02
4.219167697429656982e+02
4.246902396678924561e+02
4.275152466297149658e+02
4.303292458057403564e+02
4.331767897605895996e+02
4.359902882575988770e+02
4.387877759933471680e+02
4.415822608470916748e+02
4.443652381896972656e+02
4.472097594738006592e+02
4.500162520408630371e+02
4.528477640151977539e+02
4.556867806911468506e+02
4.584962770938873291e+02
4.614192318916320801e+02
4.642243592739105225e+02
4.670291609764099121e+02
4.698202414512634277e+02
4.726026101112365723e+02
4.754218482971191406e+02
4.782258403301239014e+02
4.810138206481933594e+02
4.838238172531127930e+02
4.866633348464965820e+02
4.895197584629058838e+02
4.923167796134948730e+02
4.951434481143951416e+02
4.979458043575286865e+02
5.007562506198883057e+02
5.035737519264221191e+02
5.064392879009246826e+02
5.092202641963958740e+02
5.120607814788818359e+02
5.148721168041229248e+02
5.177516617774963379e+02
5.205376505851745605e+02
5.233401410579681396e+02
5.261656482219696045e+02
5.289511272907257080e+02
5.317931551933288574e+02
5.346326727867126465e+02
5.374491736888885498e+02
5.402321503162384033e+02
5.431283705234527588e+02
5.459719696044921875e+02
5.488033642768859863e+02
5.518059315681457520e+02
5.546218485832214355e+02
5.574605641365051270e+02
5.602790668010711670e+02
5.631255886554718018e+02
5.659876217842102051e+02
