3.753166913986206055e+00
6.839359283447265625e+00
1.012569475173950195e+01
1.333297348022460938e+01
1.653686976432800293e+01
1.986873769760131836e+01
2.310967373847961426e+01
2.633996868133544922e+01
2.971986985206604004e+01
3.308225822448730469e+01
3.627029705047607422e+01
3.944455933570861816e+01
4.278343152999877930e+01
4.605525636672973633e+01
4.956474924087524414e+01
5.302170467376708984e+01
5.657122635841369629e+01
6.003218483924865723e+01
6.357019901275634766e+01
6.681150150299072266e+01
6.992971706390380859e+01
7.320054006576538086e+01
7.635227918624877930e+01
7.949401092529296875e+01
8.263023853302001953e+01
8.579648828506469727e+01
8.894722795486450195e+01
9.216652941703796387e+01
9.544786024093627930e+01
9.859359598159790039e+01
1.019074499607086182e+02
1.051947429180145264e+02
1.083870630264282227e+02
1.117002918720245361e+02
1.151502778530120850e+02
1.183484680652618408e+02
1.216077828407287598e+02
1.247445111274719238e+02
1.279568042755126953e+02
1.312911732196807861e+02
1.345254704952239990e+02
1.377157368659973145e+02
1.410916352272033691e+02
1.444455182552337646e+02
1.476798164844512939e+02
1.509331271648406982e+02
1.542950150966644287e+02
1.574232368469238281e+02
1.608361718654632568e+02
1.643431859016418457e+02
1.675664529800415039e+02
1.709653670787811279e+02
1.741466274261474609e+02
1.772978658676147461e+02
1.806282322406768799e+02
1.838600277900695801e+02
1.870332818031311035e+02
1.902570717334747314e+02
1.935208911895751953e+02
1.967401781082153320e+02
2.001596069335937500e+02
2.032923324108123779e+02
2.064575810432434082e+02
2.096473467350006104e+02
2.128701367378234863e+02
2.162910668849945068e+02
2.196614615917205811e+02
2.231834633350372314e+02
2.265928854942321777e+02
2.299507713317871094e+02
2.331185214519500732e+02
2.363278017044067383e+02
2.398247854709625244e+02
2.431781873703002930e+02
2.463109130859375000e+02
2.495552175045013428e+02
2.527309734821319580e+02
2.559357683658599854e+02
2.591190295219421387e+02
2.623288102149963379e+02
2.655776178836822510e+02
2.689224936962127686e+02
2.727775852680206299e+02
2.767745532989501953e+02
2.802485208511352539e+02
2.837770278453826904e+02
2.876007440090179443e+02
2.913594141006469727e+02
2.948138685226440430e+02
2.980171439647674561e+02
3.011553726196289062e+02
3.043886697292327881e+02
3.076765062808990479e+02
3.108802821636199951e+02
3.140955653190612793e+02
3.173278622627258301e+02
3.205126247406005859e+02
3.238985297679901123e+02
3.272364010810852051e+02
3.307404112815856934e+02
3.338876471519470215e+02
3.370759115219116211e+02
3.402046341896057129e+02
3.434494395256042480e+02
3.466011786460876465e+02
3.498935177326202393e+02
3.532529036998748779e+02
3.564096467494964600e+02
3.596729645729064941e+02
3.628071913719177246e+02
3.660179722309112549e+02
3.692252507209777832e+02
3.725386042594909668e+02
3.757764048576354980e+02
3.789971930980682373e+02
3.823290600776672363e+02
3.856494193077087402e+02
3.889512646198272705e+02
3.921015031337738037e+02
3.953953418731689453e+02
3.985380747318267822e+02
4.017038662433624268e+02
4.053929874897003174e+02
4.089356334209442139e+02
4.122900166511535645e+02
4.156659357547760010e+02
4.191078810691833496e+02
4.225163023471832275e+02
4.259307279586791992e+02
4.294472262859344482e+02
4.326394944190979004e+02
4.358725626468658447e+02
4.390618276596069336e+02
4.424862744808197021e+02
4.456109933853149414e+02
4.488073396682739258e+02
4.521077196598052979e+02
4.555205070972442627e+02
4.588976836204528809e+02
4.622689483165740967e+02
4.655372705459594727e+02
4.687895808219909668e+02
4.721054365634918213e+02
4.753077116012573242e+02
4.784674563407897949e+02
4.816462142467498779e+02
4.849750876426696777e+02
4.881918869018554688e+02
4.913436260223388672e+02
4.945544068813323975e+02
4.978792700767517090e+02
5.012661750316619873e+02
5.044539394378662109e+02
5.076577153205871582e+02
5.108164696693420410e+02
5.140762846469879150e+02
5.172783074378967285e+02
5.204505610466003418e+02
5.236038005352020264e+02
5.267455332279205322e+02
5.299202883243560791e+02
5.331085536479949951e+02
5.362798063755035400e+02
5.395020956993103027e+02
5.426688451766967773e+02
5.458035719394683838e+02
5.489287924766540527e+02
5.520770289897918701e+02
5.552242646217346191e+02
5.584775760173797607e+02
5.616228103637695312e+02
5.649347083568572998e+02
5.681059610843658447e+02
5.712462117671966553e+02
5.744459850788116455e+02
5.775937221050262451e+02
5.807934944629669189e+02
5.839912660121917725e+02
5.871470081806182861e+02
5.902947437763214111e+02
5.934414799213409424e+02
5.965641980171203613e+02
5.997984962463378906e+02
6.029547379016876221e+02
6.060714519023895264e+02
6.092427048683166504e+02
6.124940145015716553e+02
6.156307432651519775e+02
6.187834835052490234e+02
6.218736779689788818e+02
6.250434305667877197e+02
6.282485775947570801e+02
6.314043188095092773e+02
6.345285379886627197e+02
6.376582617759704590e+02
6.408315160274505615e+02
6.439842560291290283e+02
6.471960370540618896e+02
6.505729360580444336e+02
6.537346827983856201e+02
