3.827572345733642578e+00
7.088428258895874023e+00
1.027882122993469238e+01
1.354564237594604492e+01
1.690302729606628418e+01
2.025090575218200684e+01
2.360378742218017578e+01
2.713379549980163574e+01
3.041862916946411133e+01
3.392662143707275391e+01
3.723641633987426758e+01
4.051774787902832031e+01
4.381108713150024414e+01
4.714895844459533691e+01
5.040176916122436523e+01
5.370561647415161133e+01
5.698244452476501465e+01
6.029029440879821777e+01
6.361015319824218750e+01
6.695026731491088867e+01
7.023965048789978027e+01
7.351724147796630859e+01
7.687181615829467773e+01
8.019801402091979980e+01
8.352437686920166016e+01
8.702986764907836914e+01
9.041627383232116699e+01
9.378016328811645508e+01
9.707201647758483887e+01
1.003813529014587402e+02
1.036716899871826172e+02
1.070445859432220459e+02
1.103719496726989746e+02
1.136986887454986572e+02
1.170030360221862793e+02
1.203443167209625244e+02
1.236678223609924316e+02
1.270261564254760742e+02
1.303112618923187256e+02
1.336449792385101318e+02
1.369258105754852295e+02
1.402416653633117676e+02
1.435194942951202393e+02
1.468563642501831055e+02
1.501987392902374268e+02
1.534885761737823486e+02
1.567729094028472900e+02
1.600877640247344971e+02
1.634881806373596191e+02
1.667960302829742432e+02
1.701869390010833740e+02
1.735188059806823730e+02
1.768506729602813721e+02
1.801500165462493896e+02
1.835049002170562744e+02
1.868277602195739746e+02
1.901931631565093994e+02
1.935326259136199951e+02
1.969276757240295410e+02
2.002211959362030029e+02
2.035273921489715576e+02
2.068762714862823486e+02
2.103937699794769287e+02
2.136735999584197998e+02
2.170014860630035400e+02
2.203223443031311035e+02
2.238063197135925293e+02
2.271737117767333984e+02
2.305053744316101074e+02
2.338047173023223877e+02
2.371205725669860840e+02
2.404379293918609619e+02
2.437552871704101562e+02
2.471236793994903564e+02
2.504190204143524170e+02
2.537378780841827393e+02
2.570272152423858643e+02
2.606547923088073730e+02
2.641012403964996338e+02
2.674801411628723145e+02
2.712788391113281250e+02
2.762853963375091553e+02
2.806860222816467285e+02
2.844657070636749268e+02
2.878521127700805664e+02
2.911764743328094482e+02
2.949277350902557373e+02
2.984672501087188721e+02
3.019667356014251709e+02
3.057954554557800293e+02
3.099784269332885742e+02
3.132992928028106689e+02
3.166761918067932129e+02
3.200380797386169434e+02
3.234039716720581055e+02
3.266898052692413330e+02
3.300131657123565674e+02
3.333575420379638672e+02
3.366904098987579346e+02
3.400142707824707031e+02
3.434480218887329102e+02
3.468434340953826904e+02
3.501993176937103271e+02
3.535196771621704102e+02
3.568375334739685059e+02
3.601563911437988281e+02
3.634762501716613770e+02
3.668531491756439209e+02
3.702775816917419434e+02
3.736995129585266113e+02
3.773195850849151611e+02
3.808651027679443359e+02
3.844006147384643555e+02
3.878260486125946045e+02
3.913035500049591064e+02
3.950131845474243164e+02
3.986562731266021729e+02
4.021827785968780518e+02
4.056922717094421387e+02
4.092958500385284424e+02
4.128533778190612793e+02
4.164744501113891602e+02
4.198158237934112549e+02
4.231291778087615967e+02
4.264495360851287842e+02
4.298239336013793945e+02
4.331793172359466553e+02
4.366305212974548340e+02
4.399421823024749756e+02
4.433665378093719482e+02
4.468313355445861816e+02
4.501991012096405029e+02
4.536855773925781250e+02
4.570184452533721924e+02
4.604488823413848877e+02
4.638347876071929932e+02
4.672171905040740967e+02
4.705170342922210693e+02
4.738458991050720215e+02
4.772348077297210693e+02
4.805646727085113525e+02
4.840946807861328125e+02
4.874840881824493408e+02
4.908354687690734863e+02
4.941593301296234131e+02
4.974841923713684082e+02
5.010086963176727295e+02
5.043780899047851562e+02
5.077279872894287109e+02
5.110873742103576660e+02
5.145143084526062012e+02
5.178391704559326172e+02
5.212891211509704590e+02
5.246269931793212891e+02
5.280078949928283691e+02
5.314583461284637451e+02
5.348372459411621094e+02
5.382546732425689697e+02
5.416731023788452148e+02
5.451200516223907471e+02
5.486130323410034180e+02
5.519098742008209229e+02
5.552842719554901123e+02
5.585230729579925537e+02
5.618719518184661865e+02
5.652436649799346924e+02
5.688252091407775879e+02
5.721420769691467285e+02
5.754829499721527100e+02
5.793256802558898926e+02
5.827305996417999268e+02
5.860914874076843262e+02
5.894189360141754150e+02
5.927758219242095947e+02
5.961397106647491455e+02
5.994645729064941406e+02
6.027654178142547607e+02
6.060572557449340820e+02
6.094301521778106689e+02
6.127239923477172852e+02
6.160818781852722168e+02
6.194377620220184326e+02
6.227788991928100586e+02
6.260767428874969482e+02
6.293525693416595459e+02
6.326238930225372314e+02
6.359827792644500732e+02
6.393334045410156250e+02
6.427168490886688232e+02
6.463389227390289307e+02
6.496252570152282715e+02
6.530301756858825684e+02
6.564135794639587402e+02
6.597849743366241455e+02
6.630833177566528320e+02
6.664377005100250244e+02
6.699181730747222900e+02
6.732440359592437744e+02
6.765213642120361328e+02
6.798252108097076416e+02
