1.878836393356323242e+00
3.646093368530273438e+00
5.407846689224243164e+00
7.198281764984130859e+00
8.976045370101928711e+00
1.072378802299499512e+01
1.252506995201110840e+01
1.430783796310424805e+01
1.607359433174133301e+01
1.788188028335571289e+01
1.967265415191650391e+01
2.145892453193664551e+01
2.329022717475891113e+01
2.506398963928222656e+01
2.683274698257446289e+01
2.861151218414306641e+01
3.037876987457275391e+01
3.217404627799987793e+01
3.395981669425964355e+01
3.575259208679199219e+01
3.754386615753173828e+01
3.931462574005126953e+01
4.109739351272583008e+01
4.294770979881286621e+01
4.473097801208496094e+01
4.655827832221984863e+01
4.831802988052368164e+01
5.009279227256774902e+01
5.186855554580688477e+01
5.363080883026123047e+01
5.540807461738586426e+01
5.720735287666320801e+01
5.896760535240173340e+01
6.076739335060119629e+01
6.259119057655334473e+01
6.436395096778869629e+01
6.614922118186950684e+01
6.792348337173461914e+01
6.967873167991638184e+01
7.149352312088012695e+01
7.325327467918395996e+01
7.501602792739868164e+01
7.684734249114990234e+01
7.864384293556213379e+01
8.044562458992004395e+01
8.221138048171997070e+01
8.400915980339050293e+01
8.578563380241394043e+01
8.759141826629638672e+01
8.940370798110961914e+01
9.117146539688110352e+01
9.300026631355285645e+01
9.484762573242187500e+01
9.662939238548278809e+01
9.838864469528198242e+01
1.001904261112213135e+02
1.019766957759857178e+02
1.037419517040252686e+02
1.055372290611267090e+02
1.073500182628631592e+02
1.091232802867889404e+02
1.109330673217773438e+02
1.127273437976837158e+02
1.145406334400177002e+02
1.163489196300506592e+02
1.181832244396209717e+02
1.199569859504699707e+02
1.217397835254669189e+02
1.235340600013732910e+02
1.253453485965728760e+02
1.271183507442474365e+02
1.289011192321777344e+02
1.307415671348571777e+02
1.325453503131866455e+02
1.343256163597106934e+02
1.361354036331176758e+02
1.379747121334075928e+02
1.397709901332855225e+02
1.415867838859558105e+02
1.434090778827667236e+02
1.451938493251800537e+02
1.470461645126342773e+02
1.488634588718414307e+02
1.506622369289398193e+02
1.524490077495574951e+02
1.542602972984313965e+02
1.560740864276885986e+02
1.578543529510498047e+02
1.596138262748718262e+02
1.613795828819274902e+02
1.631661567687988281e+02
1.649929563999176025e+02
1.668167531490325928e+02
1.686480560302734375e+02
1.704768569469451904e+02
1.722941503524780273e+02
1.740734157562255859e+02
1.758962123394012451e+02
1.777115037441253662e+02
1.795057797431945801e+02
1.813135657310485840e+02
1.831128449440002441e+02
1.849356417655944824e+02
1.867224128246307373e+02
1.885251953601837158e+02
1.903434886932373047e+02
1.921437697410583496e+02
1.939340426921844482e+02
1.957283189296722412e+02
1.975130879878997803e+02
1.993203744888305664e+02
2.011251575946807861e+02
2.029379472732543945e+02
2.047682495117187500e+02
2.065740418434143066e+02
2.084503765106201172e+02
2.102576620578765869e+02
2.120764558315277100e+02
2.138727333545684814e+02
2.156685116291046143e+02
2.174823009967803955e+02
2.192910876274108887e+02
2.211023762226104736e+02
2.230807836055755615e+02
2.248995771408081055e+02
2.267218735218048096e+02
2.285146489143371582e+02
2.304365153312683105e+02
2.322673182487487793e+02
2.341006219387054443e+02
2.359074072837829590e+02
2.376996815204620361e+02
2.395465087890625000e+02
2.413427729606628418e+02
2.431760773658752441e+02
2.449733557701110840e+02
2.468076603412628174e+02
2.486599776744842529e+02
2.505653336048126221e+02
2.524526758193969727e+02
2.542524564266204834e+02
2.561192836761474609e+02
2.579140603542327881e+02
2.597088377475738525e+02
2.615516476631164551e+02
2.633469247817993164e+02
2.651817300319671631e+02
2.669935185909271240e+02
2.688503396511077881e+02
2.706656312942504883e+02
2.724949321746826172e+02
2.742942116260528564e+02
2.761540350914001465e+02
2.780283679962158203e+02
2.802979829311370850e+02
2.821117725372314453e+02
2.839510819911956787e+02
2.857983949184417725e+02
2.876326994895935059e+02
2.894394850730895996e+02
2.912557768821716309e+02
2.930760781764984131e+02
2.948903703689575195e+02
2.967301774024963379e+02
2.985804939270019531e+02
3.005614030361175537e+02
3.024082162380218506e+02
3.042415204048156738e+02
3.060853316783905029e+02
3.079491577148437500e+02
3.097684519290924072e+02
3.116387820243835449e+02
3.134470684528350830e+02
3.153148970603942871e+02
3.171612100601196289e+02
3.190135283470153809e+02
3.210644869804382324e+02
3.229388198852539062e+02
3.247996685504913330e+02
3.266224651336669922e+02
3.285058195590972900e+02
3.303486154079437256e+02
3.321914262771606445e+02
3.340262973308563232e+02
3.358591010570526123e+02
3.376783947944641113e+02
3.395147013664245605e+02
3.414010429382324219e+02
3.432513589859008789e+02
3.451397020816802979e+02
3.469870162010192871e+02
3.487797946929931641e+02
3.506791429519653320e+02
3.525377392768859863e+02
3.544310326576232910e+02
3.563068664073944092e+02
3.581396708488464355e+02
3.599584636688232422e+02
3.617622473239898682e+02
3.635955512523651123e+02
