1.844813346862792969e+00
3.564036130905151367e+00
5.294266223907470703e+00
7.074032068252563477e+00
8.795256376266479492e+00
1.052898979187011719e+01
1.228924155235290527e+01
1.405549860000610352e+01
1.579123306274414062e+01
1.755649065971374512e+01
1.933675527572631836e+01
2.118857192993164062e+01
2.293209433555603027e+01
2.468634223937988281e+01
2.642557907104492188e+01
2.814780426025390625e+01
2.990869331359863281e+01
3.166294145584106445e+01
3.338716769218444824e+01
3.513090777397155762e+01
3.688865828514099121e+01
3.862339210510253906e+01
4.037043738365173340e+01
4.213419270515441895e+01
4.385691785812377930e+01
4.560416054725646973e+01
4.738792967796325684e+01
4.912816071510314941e+01
5.091042804718017578e+01
5.263265228271484375e+01
5.438890171051025391e+01
5.617617297172546387e+01
5.791791152954101562e+01
5.967216014862060547e+01
6.141640067100524902e+01
6.322868990898132324e+01
6.496742630004882812e+01
6.672267508506774902e+01
6.847768974304199219e+01
7.020241713523864746e+01
7.193565011024475098e+01
7.370140576362609863e+01
7.546315932273864746e+01
7.719288921356201172e+01
7.893500947952270508e+01
8.068625497817993164e+01
8.242148971557617188e+01
8.427430748939514160e+01
8.603405880928039551e+01
8.776879286766052246e+01
8.952954530715942383e+01
9.127557849884033203e+01
9.301181364059448242e+01
9.474554705619812012e+01
9.650229644775390625e+01
9.827205538749694824e+01
1.000077900886535645e+02
1.017530317306518555e+02
1.035277936458587646e+02
1.052740356922149658e+02
1.070252819061279297e+02
1.088688008785247803e+02
1.106107602119445801e+02
1.123620057106018066e+02
1.141187558174133301e+02
1.158715023994445801e+02
1.176182446479797363e+02
1.193829998970031738e+02
1.211266939640045166e+02
1.229094619750976562e+02
1.246677129268646240e+02
1.264379718303680420e+02
1.281842143535614014e+02
1.299314568042755127e+02
1.316751971244812012e+02
1.334264571666717529e+02
1.351481673717498779e+02
1.368792817592620850e+02
1.386520428657531738e+02
1.403917939662933350e+02
1.421454660892486572e+02
1.438952107429504395e+02
1.456397504806518555e+02
1.473619754314422607e+02
1.490997116565704346e+02
1.508394494056701660e+02
1.525506663322448730e+02
1.543249409198760986e+02
1.560771868228912354e+02
1.578344376087188721e+02
1.596147031784057617e+02
1.613689517974853516e+02
1.631467156410217285e+02
1.648664476871490479e+02
1.666151835918426514e+02
1.683704319000244141e+02
1.701196758747100830e+02
1.718754248619079590e+02
1.736266727447509766e+02
1.753954291343688965e+02
1.771962096691131592e+02
1.789664685726165771e+02
1.807077078819274902e+02
1.824764654636383057e+02
1.842137017250061035e+02
1.859374275207519531e+02
1.877161924839019775e+02
1.894824488162994385e+02
1.912303807735443115e+02
1.929656152725219727e+02
1.947713992595672607e+02
1.965811872482299805e+02
1.983239266872406006e+02
2.000896847248077393e+02
2.018099060058593750e+02
2.035901727676391602e+02
2.053514251708984375e+02
2.070991685390472412e+02
2.088774337768554688e+02
2.106361846923828125e+02
2.123684165477752686e+02
2.141611919403076172e+02
2.159579703807830811e+02
2.177647550106048584e+02
2.195310113430023193e+02
2.213067743778228760e+02
2.230747454166412354e+02
2.248210027217864990e+02
2.265927476882934570e+02
2.283479962348937988e+02
2.301117680072784424e+02
2.318805260658264160e+02
2.336527867317199707e+02
2.354235460758209229e+02
2.372133200168609619e+02
2.389547920227050781e+02
2.407545721530914307e+02
2.425083208084106445e+02
2.442890863418579102e+02
2.460273227691650391e+02
2.478021550178527832e+02
2.495713989734649658e+02
2.513351540565490723e+02
2.531074140071868896e+02
2.549011902809143066e+02
2.566784589290618896e+02
2.584632284641265869e+02
2.602214789390563965e+02
2.619717240333557129e+02
2.637194676399230957e+02
2.654807202816009521e+02
2.672880055904388428e+02
2.691005363464355469e+02
2.708627896308898926e+02
2.726670730113983154e+02
2.744428362846374512e+02
2.762175986766815186e+02
2.779818537235260010e+02
2.797581174373626709e+02
2.815442099571228027e+02
2.833139686584472656e+02
2.851227552890777588e+02
2.868820068836212158e+02
2.886285614967346191e+02
2.904208366870880127e+02
2.921735835075378418e+02
2.939948787689208984e+02
2.958096694946289062e+02
2.975904462337493896e+02
2.993362023830413818e+02
3.011284773349761963e+02
3.029302444458007812e+02
3.046939990520477295e+02
3.064902765750885010e+02
3.082845532894134521e+02
3.101103515625000000e+02
3.118530912399291992e+02
3.136488695144653320e+02
3.154791703224182129e+02
3.172814526557922363e+02
3.190427055358886719e+02
3.209325499534606934e+02
3.227723584175109863e+02
3.245556275844573975e+02
3.263564076423645020e+02
3.281566884517669678e+02
3.299179410934448242e+02
3.316766917705535889e+02
3.334859786033630371e+02
3.352972679138183594e+02
3.370950465202331543e+02
3.388560457229614258e+02
3.406458189487457275e+02
3.423760499954223633e+02
3.441876175403594971e+02
3.459708862304687500e+02
3.477141263484954834e+02
3.495013976097106934e+02
3.513026788234710693e+02
3.531019589900970459e+02
