1.839080452919006348e-02
1.280788239091634750e-02
1.609195396304130554e-02
1.674876734614372253e-02
1.674876734614372253e-02
1.313628908246755600e-02
1.609195396304130554e-02
1.707717590034008026e-02
2.200328372418880463e-02
1.871921308338642120e-02
1.871921308338642120e-02
1.904762163758277893e-02
2.397372573614120483e-02
1.904761977493762970e-02
2.627258002758026123e-02
2.266009896993637085e-02
2.003284171223640442e-02
2.594417147338390350e-02
2.692939341068267822e-02
2.528735436499118805e-02
2.922824397683143616e-02
3.218390792608261108e-02
3.218390792608261108e-02
4.039409011602401733e-02
3.809523954987525940e-02
5.090311914682388306e-02
5.254515260457992554e-02
5.714286118745803833e-02
6.600985676050186157e-02
7.520525157451629639e-02
9.195402264595031738e-02
8.965516835451126099e-02
1.027914583683013916e-01
1.201970353722572327e-01
1.382594406604766846e-01
1.556650251150131226e-01
1.651888340711593628e-01
1.812807768583297729e-01
1.911329925060272217e-01
2.131362855434417725e-01
2.262725830078125000e-01
2.266009896993637085e-01
2.325123250484466553e-01
2.555008232593536377e-01
2.712643742561340332e-01
2.696222960948944092e-01
2.850574851036071777e-01
3.008210062980651855e-01
3.008210062980651855e-01
3.172413706779479980e-01
3.346469402313232422e-01
3.290640413761138916e-01
3.257799446582794189e-01
3.441707789897918701e-01
3.625615537166595459e-01
3.806239664554595947e-01
3.733989894390106201e-01
3.944170475006103516e-01
4.016420245170593262e-01
4.032840728759765625e-01
4.068965017795562744e-01
4.101806282997131348e-01
4.068965315818786621e-01
4.348111450672149658e-01
4.311986565589904785e-01
4.236452877521514893e-01
4.387520253658294678e-01
4.436781704425811768e-01
4.509031176567077637e-01
4.630541503429412842e-01
4.692938923835754395e-01
4.604268968105316162e-01
4.811165332794189453e-01
4.821017384529113770e-01
4.752052128314971924e-01
4.899835586547851562e-01
4.968801140785217285e-01
5.054187178611755371e-01
4.958948791027069092e-01
5.110016465187072754e-01
5.083743333816528320e-01
5.208538770675659180e-01
5.198686122894287109e-01
5.264367461204528809e-01
5.103447437286376953e-01
5.257799625396728516e-01
5.162561535835266113e-01
5.254515409469604492e-01
5.333333015441894531e-01
5.435138940811157227e-01
5.392446517944335938e-01
5.402297973632812500e-01
5.418719053268432617e-01
5.569785833358764648e-01
5.559934377670288086e-01
5.523809194564819336e-01
5.471263527870178223e-01
5.504104495048522949e-01
5.527092814445495605e-01
5.724137425422668457e-01
5.688012838363647461e-01
5.737273693084716797e-01
5.724137425422668457e-01
5.596058964729309082e-01
5.855500698089599609e-01
5.796386599540710449e-01
5.786534547805786133e-01
5.868636369705200195e-01
5.924465656280517578e-01
5.901476740837097168e-01
5.763546228408813477e-01
5.852215886116027832e-01
6.019704341888427734e-01
6.022987961769104004e-01
6.101805567741394043e-01
5.977010726928710938e-01
6.075532436370849609e-01
5.927749872207641602e-01
6.026271581649780273e-01
6.013135313987731934e-01
5.999999046325683594e-01
6.147782802581787109e-01
6.118226051330566406e-01
6.121510267257690430e-01
6.095237731933593750e-01
6.026272177696228027e-01
6.256157159805297852e-01
6.128078103065490723e-01
6.190475225448608398e-01
6.131361722946166992e-01
6.318554282188415527e-01
6.325122117996215820e-01
6.426928639411926270e-01
6.220031380653381348e-01
6.252872943878173828e-01
6.282429695129394531e-01
6.200327873229980469e-01
6.334974765777587891e-01
6.436780691146850586e-01
6.279146075248718262e-01
6.374383568763732910e-01
6.394087672233581543e-01
6.403940320014953613e-01
6.344826817512512207e-01
6.351394653320312500e-01
6.410508155822753906e-01
6.397372484207153320e-01
6.430212855339050293e-01
6.430212855339050293e-01
6.453201770782470703e-01
6.555007100105285645e-01
6.403940320014953613e-01
6.574711799621582031e-01
6.430212259292602539e-01
6.594416499137878418e-01
6.469621658325195312e-01
6.541870832443237305e-01
6.541870832443237305e-01
6.568143963813781738e-01
6.604267954826354980e-01
6.610836386680603027e-01
6.453201174736022949e-01
6.696223020553588867e-01
6.666666269302368164e-01
6.594415903091430664e-01
6.666666269302368164e-01
6.666665673255920410e-01
6.683086156845092773e-01
6.591132879257202148e-01
6.604269146919250488e-01
6.689654588699340820e-01
6.669949889183044434e-01
6.673234105110168457e-01
6.735631227493286133e-01
6.742199659347534180e-01
6.821017265319824219e-01
6.840721368789672852e-01
6.791461110115051270e-01
6.656813621520996094e-01
6.791460514068603516e-01
6.729063391685485840e-01
6.748767495155334473e-01
6.824301481246948242e-01
6.824301481246948242e-01
6.771755814552307129e-01
6.798028945922851562e-01
6.811164617538452148e-01
6.729062795639038086e-01
6.824301481246948242e-01
6.738916039466857910e-01
6.817733049392700195e-01
6.844005584716796875e-01
6.834153532981872559e-01
6.775040030479431152e-01
6.801313161849975586e-01
6.844006776809692383e-01
6.817733049392700195e-01
6.702790260314941406e-01
6.860426068305969238e-01
6.834154129028320312e-01
