9.770442724227905273e+00
1.612595605850219727e+01
2.913669943809509277e+01
4.391369676589965820e+01
4.838337254524230957e+01
5.253332042694091797e+01
5.743530273437500000e+01
6.223821473121643066e+01
6.685599517822265625e+01
7.255854630470275879e+01
7.837068986892700195e+01
8.523656749725341797e+01
9.015255975723266602e+01
9.725110268592834473e+01
1.032928948402404785e+02
1.094322559833526611e+02
1.171532404422760010e+02
1.250593574047088623e+02
1.327493278980255127e+02
1.398543763160705566e+02
1.461443438529968262e+02
1.543296587467193604e+02
1.613542084693908691e+02
1.663432526588439941e+02
1.709265081882476807e+02
1.768016886711120605e+02
1.830887057781219482e+02
1.892540853023529053e+02
1.953819391727447510e+02
1.998971467018127441e+02
2.039380176067352295e+02
2.079683802127838135e+02
2.124915933609008789e+02
2.177758476734161377e+02
2.227698960304260254e+02
2.283483583927154541e+02
2.327845101356506348e+02
2.378766272068023682e+02
2.436762475967407227e+02
2.488934540748596191e+02
2.544333891868591309e+02
2.589911272525787354e+02
2.636659481525421143e+02
2.689662156105041504e+02
2.745696949958801270e+02
2.801496596336364746e+02
2.871811540126800537e+02
2.930198023319244385e+02
3.022273430824279785e+02
3.116690509319305420e+02
3.190948257446289062e+02
3.297184903621673584e+02
3.356201815605163574e+02
3.423459599018096924e+02
3.508094720840454102e+02
3.576443283557891846e+02
3.666772446632385254e+02
3.773693401813507080e+02
3.845174183845520020e+02
3.928073072433471680e+02
4.041063346862792969e+02
4.134879992008209229e+02
4.199475891590118408e+02
4.247535023689270020e+02
4.290960874557495117e+02
4.336373133659362793e+02
4.407578721046447754e+02
4.474891541004180908e+02
4.533503174781799316e+02
4.587176306247711182e+02
4.643411259651184082e+02
4.694132287502288818e+02
4.738558847904205322e+02
4.782289917469024658e+02
4.824189682006835938e+02
4.874595496654510498e+02
4.919176120758056641e+02
4.960470561981201172e+02
5.005717604160308838e+02
5.049733872413635254e+02
5.094155666828155518e+02
5.144692003726959229e+02
5.186436529159545898e+02
5.233725123405456543e+02
5.277026011943817139e+02
5.321177380084991455e+02
5.365899152755737305e+02
5.408564460277557373e+02
5.452455635070800781e+02
5.494540596008300781e+02
5.536735508441925049e+02
5.578244998455047607e+02
5.630727286338806152e+02
5.682759251594543457e+02
5.736882696151733398e+02
5.787873921394348145e+02
5.834421994686126709e+02
5.879829246997833252e+02
5.923100664615631104e+02
5.964865334033966064e+02
6.006660029888153076e+02
6.049705610275268555e+02
6.091255116462707520e+02
6.138808906078338623e+02
6.185692207813262939e+02
6.224804997444152832e+02
6.265588970184326172e+02
6.308269290924072266e+02
6.351515021324157715e+02
6.393865096569061279e+02
6.435864937305450439e+02
6.484239301681518555e+02
6.540078976154327393e+02
6.581368298530578613e+02
6.622242341041564941e+02
6.663871912956237793e+02
6.705326361656188965e+02
6.744839437007904053e+02
6.788150203227996826e+02
6.835844233036041260e+02
6.883743331432342529e+02
6.936926112174987793e+02
6.978400578498840332e+02
7.027610533237457275e+02
7.069500293731689453e+02
7.117314264774322510e+02
7.167449884414672852e+02
7.213242409229278564e+02
7.253260836601257324e+02
7.294995481967926025e+02
7.335048940181732178e+02
7.383383276462554932e+02
7.431137201786041260e+02
7.471445839405059814e+02
7.516197636127471924e+02
7.560764296054840088e+02
7.606576838493347168e+02
7.646340079307556152e+02
7.690111181735992432e+02
7.730149617195129395e+02
7.772995061874389648e+02
7.823926243782043457e+02
7.864229872226715088e+02
7.918043098449707031e+02
7.975308792591094971e+02
8.030302855968475342e+02
8.081184003353118896e+02
8.131004393100738525e+02
8.188058772087097168e+02
8.244003503322601318e+02
8.305832438468933105e+02
8.362192471027374268e+02
8.415445303916931152e+02
8.467207069396972656e+02
8.520409870147705078e+02
8.568589107990264893e+02
8.609833397865295410e+02
8.649951906204223633e+02
8.692512128353118896e+02
8.735302526950836182e+02
8.776877062320709229e+02
8.831330752372741699e+02
8.882031767368316650e+02
8.928184552192687988e+02
9.027615196704864502e+02
9.120636272430419922e+02
9.198867075443267822e+02
9.280800278186798096e+02
9.386580429077148438e+02
9.476069259643554688e+02
9.615908603668212891e+02
9.664943439960479736e+02
9.713017594814300537e+02
9.837541055679321289e+02
9.975845575332641602e+02
1.002477032899856567e+03
1.009124283552169800e+03
1.017167496681213379e+03
1.025395842552185059e+03
1.034212605714797974e+03
1.042651600837707520e+03
1.050690311908721924e+03
1.061292844057083130e+03
1.073749192953109741e+03
1.079876045227050781e+03
1.084613912105560303e+03
1.089001528263092041e+03
1.093854976177215576e+03
1.098627366781234741e+03
1.105676374197006226e+03
1.114086849212646484e+03
1.125876724958419800e+03
1.138591257095336914e+03
1.149552544116973877e+03
1.158572952508926392e+03
1.169318586587905884e+03
1.181679368257522583e+03
1.192150306940078735e+03
1.197443067550659180e+03
1.206406934738159180e+03
