1.096053695678710938e+01
1.951421451568603516e+01
2.808376383781433105e+01
3.659753513336181641e+01
4.495247435569763184e+01
5.344760727882385254e+01
6.187487053871154785e+01
7.034159374237060547e+01
7.881866502761840820e+01
8.732961750030517578e+01
9.583572745323181152e+01
1.043184974193572998e+02
1.127762401103973389e+02
1.212684674263000488e+02
1.305003881454467773e+02
1.391232488155364990e+02
1.477451274394989014e+02
1.561684958934783936e+02
1.645678145885467529e+02
1.732808678150177002e+02
1.817639465332031250e+02
1.902624392509460449e+02
1.987584350109100342e+02
2.071940855979919434e+02
2.156914281845092773e+02
2.241960802078247070e+02
2.326309945583343506e+02
2.411506001949310303e+02
2.497335584163665771e+02
2.582427861690521240e+02
2.685217111110687256e+02
2.770289647579193115e+02
2.856485452651977539e+02
2.942529032230377197e+02
3.028795065879821777e+02
3.116006841659545898e+02
3.208007178306579590e+02
3.298365638256072998e+02
3.385450429916381836e+02
3.471197633743286133e+02
3.562754259109497070e+02
3.651983170509338379e+02
3.739451041221618652e+02
3.827000370025634766e+02
3.915867075920104980e+02
4.008530294895172119e+02
4.093157796859741211e+02
4.177367610931396484e+02
4.261037051677703857e+02
4.345557103157043457e+02
4.429618363380432129e+02
4.513607058525085449e+02
4.597546691894531250e+02
4.681248512268066406e+02
4.766436388492584229e+02
4.850922753810882568e+02
4.934942438602447510e+02
5.019912798404693604e+02
5.103873543739318848e+02
5.188603737354278564e+02
5.272489230632781982e+02
5.357916316986083984e+02
5.442106122970581055e+02
5.526726233959197998e+02
5.610725908279418945e+02
5.694933900833129883e+02
5.780544714927673340e+02
5.865275051593780518e+02
5.949344475269317627e+02
6.033914561271667480e+02
6.117820909023284912e+02
6.201478500366210938e+02
6.285271570682525635e+02
6.369286117553710938e+02
6.453405876159667969e+02
6.537725770473480225e+02
6.621947886943817139e+02
6.706277790069580078e+02
6.790437581539154053e+02
6.874211139678955078e+02
6.958583745956420898e+02
7.042823593616485596e+02
7.126473050117492676e+02
7.210747337341308594e+02
7.294446797370910645e+02
7.378046338558197021e+02
7.462289824485778809e+02
7.546529664993286133e+02
7.630497717857360840e+02
7.714446101188659668e+02
7.798155570030212402e+02
7.882192864418029785e+02
7.965952365398406982e+02
8.050042107105255127e+02
8.133621487617492676e+02
8.217344515323638916e+02
8.301544311046600342e+02
8.385473747253417969e+02
8.469426853656768799e+02
8.552844977378845215e+02
8.637001821994781494e+02
8.721227543354034424e+02
8.805420567989349365e+02
8.889243347644805908e+02
8.973411383628845215e+02
9.057791330814361572e+02
9.141873223781585693e+02
9.225947647094726562e+02
9.310131368637084961e+02
9.394141378402709961e+02
9.478092226982116699e+02
9.561988494396209717e+02
9.645768966674804688e+02
9.729208238124847412e+02
9.812759521007537842e+02
9.897739760875701904e+02
9.981453773975372314e+02
1.006524487257003784e+03
1.014968571662902832e+03
1.023330512046813965e+03
1.031690467119216919e+03
1.040089416980743408e+03
1.048505396842956543e+03
1.056837305784225464e+03
1.065221055030822754e+03
1.073535582065582275e+03
1.081931309938430786e+03
1.090265236377716064e+03
1.098714754581451416e+03
1.107124728679656982e+03
1.115531421661376953e+03
1.123947628736495972e+03
1.132326581478118896e+03
1.140732552766799927e+03
1.149114972591400146e+03
1.157518791913986206e+03
1.165897625207901001e+03
1.174287170171737671e+03
1.182782132148742676e+03
1.191124858856201172e+03
1.199556309938430786e+03
1.207989632844924927e+03
1.216344152450561523e+03
1.224709095478057861e+03
1.233114503860473633e+03
1.241455428123474121e+03
1.249884635925292969e+03
1.258210280179977417e+03
1.266607246398925781e+03
1.275122295379638672e+03
1.283495110034942627e+03
1.291987142562866211e+03
1.300391112565994263e+03
1.309051264762878418e+03
1.317571317434310913e+03
1.325947267770767212e+03
1.334331223487854004e+03
1.342721184015274048e+03
1.351075118303298950e+03
1.359413041830062866e+03
1.367814010143280029e+03
1.376114907026290894e+03
1.384461836338043213e+03
1.392814770936965942e+03
1.401167704582214355e+03
1.409465599298477173e+03
1.418118746995925903e+03
1.426469679594039917e+03
1.435042769908905029e+03
1.443560821294784546e+03
1.451889738321304321e+03
1.460252679109573364e+03
1.468607614994049072e+03
1.476897504091262817e+03
1.485273453712463379e+03
1.493754479169845581e+03
1.502116419076919556e+03
1.510435329437255859e+03
1.518741230249404907e+03
1.527253276586532593e+03
1.535726296186447144e+03
1.544059216022491455e+03
1.552449175596237183e+03
1.560792103528976440e+03
1.569102006196975708e+03
1.577505976915359497e+03
1.585826887607574463e+03
1.594131788253784180e+03
1.602503735542297363e+03
1.610811637163162231e+03
1.619193591594696045e+03
1.627484481334686279e+03
1.635841418504714966e+03
1.644168333530426025e+03
1.652506257772445679e+03
1.660801150083541870e+03
1.669130067586898804e+03
1.677493008375167847e+03
1.685789902687072754e+03
1.694128826856613159e+03
