1.824523694813251495e-02
1.556211430579423904e-02
1.717198826372623444e-02
1.609873957931995392e-02
2.012342400848865509e-02
1.502548996359109879e-02
1.824523881077766418e-02
1.717198826372623444e-02
1.636705175042152405e-02
1.824523694813251495e-02
1.690367609262466431e-02
1.878186315298080444e-02
1.744030043482780457e-02
1.502548903226852417e-02
1.583042740821838379e-02
1.556211523711681366e-02
1.905017532408237457e-02
1.529380213469266891e-02
1.905017532408237457e-02
1.583042740821838379e-02
1.583042740821838379e-02
1.744030043482780457e-02
1.824523694813251495e-02
1.851354911923408508e-02
1.690367609262466431e-02
1.905017532408237457e-02
1.905017532408237457e-02
2.012342587113380432e-02
1.851355098187923431e-02
1.744030043482780457e-02
2.119667455554008484e-02
2.066004835069179535e-02
1.717199012637138367e-02
1.744030043482780457e-02
1.985511183738708496e-02
2.092836052179336548e-02
1.636705175042152405e-02
1.583042740821838379e-02
2.039173617959022522e-02
1.905017532408237457e-02
1.958679780364036560e-02
2.253823354840278625e-02
1.958680152893066406e-02
2.414811030030250549e-02
2.361148409545421600e-02
2.602629736065864563e-02
3.219747915863990784e-02
4.641803354024887085e-02
5.446739867329597473e-02
6.519989669322967529e-02
7.485913485288619995e-02
8.773812651634216309e-02
1.059833765029907227e-01
1.172524914145469666e-01
1.293265372514724731e-01
1.435470879077911377e-01
1.588408946990966797e-01
1.693050861358642578e-01
1.851354986429214478e-01
2.049905955791473389e-01
2.063321769237518311e-01
2.398712337017059326e-01
2.396029084920883179e-01
2.602629661560058594e-01
2.857525944709777832e-01
2.903139293193817139e-01
3.125838339328765869e-01
3.171451687812805176e-01
3.305608034133911133e-01
3.353903591632843018e-01
3.482693731784820557e-01
3.530990183353424072e-01
3.836866021156311035e-01
3.691977560520172119e-01
3.836866319179534912e-01
3.740273416042327881e-01
4.008585810661315918e-01
3.992487192153930664e-01
4.166890382766723633e-01
4.268848896026611328e-01
4.244700670242309570e-01
4.325194656848907471e-01
4.360075592994689941e-01
4.574724733829498291e-01
4.620338082313537598e-01
4.539844393730163574e-01
4.620338082313537598e-01
4.494231045246124268e-01
4.765226840972900391e-01
4.848403334617614746e-01
4.733029603958129883e-01
4.824255406856536865e-01
4.877918064594268799e-01
4.875234961509704590e-01
5.036222338676452637e-01
5.063053369522094727e-01
4.883284270763397217e-01
5.052320957183837891e-01
5.084518194198608398e-01
5.138181447982788086e-01
5.328682661056518555e-01
5.199892520904541016e-01
5.315266847610473633e-01
5.320633053779602051e-01
5.360880494117736816e-01
5.470888018608093262e-01
5.299168229103088379e-01
5.495036244392395020e-01
5.409176349639892578e-01
5.532600283622741699e-01
5.556747913360595703e-01
5.580896139144897461e-01
5.572847127914428711e-01
5.602361559867858887e-01
5.637242197990417480e-01
5.757982134819030762e-01
5.661389827728271484e-01
5.811644792556762695e-01
5.787496566772460938e-01
5.696270465850830078e-01
5.715052485466003418e-01
5.747249722480773926e-01
5.763348937034606934e-01
5.819693803787231445e-01
5.833109617233276367e-01
5.873357057571411133e-01
5.876039862632751465e-01
5.910920500755310059e-01
5.843842029571533203e-01
6.010196208953857422e-01
6.020928621292114258e-01
6.071907877922058105e-01
5.905554890632629395e-01
5.988731384277343750e-01
6.106788516044616699e-01
5.956532955169677734e-01
6.098738908767700195e-01
6.195331811904907227e-01
6.090689301490783691e-01
6.112155318260192871e-01
6.171183586120605469e-01
6.254360079765319824e-01
6.109471321105957031e-01
6.267775893211364746e-01
6.101422309875488281e-01
6.192648410797119141e-01
6.189965605735778809e-01
6.248994469642639160e-01
6.238261461257934570e-01
6.262409687042236328e-01
6.275824904441833496e-01
6.302656531333923340e-01
6.289240717887878418e-01
6.270459294319152832e-01
6.254360675811767578e-01
6.372417807579040527e-01
6.375100612640380859e-01
6.391199231147766113e-01
6.388516426086425781e-01
6.313389539718627930e-01
6.361685991287231445e-01
6.412664651870727539e-01
6.353636384010314941e-01
6.434130072593688965e-01
6.442179083824157715e-01
6.538771390914916992e-01
6.536088585853576660e-01
6.477059721946716309e-01
6.393882632255554199e-01
6.450228691101074219e-01
6.503890752792358398e-01
6.528038382530212402e-01
6.506574153900146484e-01
6.444861888885498047e-01
6.450228691101074219e-01
6.506574153900146484e-01
6.490474939346313477e-01
6.576335430145263672e-01
6.573652029037475586e-01
6.597800254821777344e-01
6.597800254821777344e-01
6.592433452606201172e-01
6.554870009422302246e-01
6.680977344512939453e-01
6.466326713562011719e-01
6.680977344512939453e-01
6.672927141189575195e-01
6.557553410530090332e-01
6.624631285667419434e-01
6.710491180419921875e-01
6.670244932174682617e-01
6.731956005096435547e-01
6.659512519836425781e-01
6.734639406204223633e-01
6.640730500221252441e-01
6.756104230880737305e-01
6.777569055557250977e-01
6.793667674064636230e-01
6.691709160804748535e-01
6.662195324897766113e-01
