1.368392910808324814e-02
1.636705175042152405e-02
1.502548996359109879e-02
1.770861446857452393e-02
1.797692663967609406e-02
1.690367609262466431e-02
2.039173804223537445e-02
1.744030043482780457e-02
1.985511183738708496e-02
1.422055345028638840e-02
1.824523881077766418e-02
1.878186129033565521e-02
1.851355098187923431e-02
2.468473277986049652e-02
2.200161106884479523e-02
2.361148409545421600e-02
3.192916512489318848e-02
3.756372258067131042e-02
4.561309516429901123e-02
5.715052410960197449e-02
6.359001994132995605e-02
7.942044734954833984e-02
8.988462388515472412e-02
9.927555918693542480e-02
1.242286115884780884e-01
1.320096552371978760e-01
1.497182846069335938e-01
1.781593710184097290e-01
1.921116113662719727e-01
1.966729313135147095e-01
2.216259986162185669e-01
2.328950911760330200e-01
2.599946260452270508e-01
2.554333209991455078e-01
2.830694913864135742e-01
2.956801652908325195e-01
3.077542185783386230e-01
3.327072262763977051e-01
3.396834135055541992e-01
3.477327525615692139e-01
3.598068356513977051e-01
3.673195838928222656e-01
3.791252970695495605e-01
3.917359709739685059e-01
3.866380155086517334e-01
3.906626999378204346e-01
4.019318819046020508e-01
4.070298075675964355e-01
4.140058755874633789e-01
4.247384071350097656e-01
4.263482689857482910e-01
4.370807707309722900e-01
4.459350705146789551e-01
4.478132426738739014e-01
4.574725031852722168e-01
4.641802906990051270e-01
4.765226542949676514e-01
4.652535617351531982e-01
4.864502549171447754e-01
4.899382889270782471e-01
4.969144463539123535e-01
4.990609288215637207e-01
4.840354025363922119e-01
5.006707906723022461e-01
5.057687163352966309e-01
5.100617408752441406e-01
5.151596069335937500e-01
5.105983614921569824e-01
5.175744891166687012e-01
5.226724147796630859e-01
5.189160108566284180e-01
5.355513691902160645e-01
5.344781279563903809e-01
5.299168229103088379e-01
5.478937625885009766e-01
5.465521812438964844e-01
5.452105998992919922e-01
5.594311952590942383e-01
5.516501665115356445e-01
5.602360963821411133e-01
5.575529932975769043e-01
5.516501069068908691e-01
5.613093972206115723e-01
5.645291209220886230e-01
5.672122836112976074e-01
5.725784897804260254e-01
5.712368488311767578e-01
5.792863368988037109e-01
5.757982730865478516e-01
5.808961987495422363e-01
5.784813165664672852e-01
5.814328193664550781e-01
5.867990255355834961e-01
5.929701924324035645e-01
5.988731384277343750e-01
5.983364582061767578e-01
6.034344434738159180e-01
5.932385325431823730e-01
5.867990255355834961e-01
6.079957485198974609e-01
5.996780395507812500e-01
6.071907877922058105e-01
6.165816783905029297e-01
6.096056103706359863e-01
6.152402162551879883e-01
6.125570535659790039e-01
6.020928621292114258e-01
6.141669750213623047e-01
6.211429834365844727e-01
6.238261461257934570e-01
6.138986349105834961e-01
6.206064224243164062e-01
6.353635787963867188e-01
6.278508901596069336e-01
6.321437954902648926e-01
6.275825500488281250e-01
6.240944862365722656e-01
6.302655935287475586e-01
6.316071748733520508e-01
6.364368796348571777e-01
6.286557912826538086e-01
6.372418403625488281e-01
6.367051601409912109e-01
6.348270177841186523e-01
6.409981250762939453e-01
6.450228691101074219e-01
6.450228691101074219e-01
6.418031454086303711e-01
6.364368200302124023e-01
6.369735002517700195e-01
6.477059721946716309e-01
6.597800254821777344e-01
6.436812877655029297e-01
6.487792134284973145e-01
6.552186608314514160e-01
6.431446671485900879e-01
6.388516426086425781e-01
6.501207351684570312e-01
6.678293943405151367e-01
6.519989967346191406e-01
6.621947884559631348e-01
6.573652029037475586e-01
6.560236811637878418e-01
6.697075366973876953e-01
6.560236811637878418e-01
6.624631881713867188e-01
6.565602421760559082e-01
6.766837239265441895e-01
6.635364294052124023e-01
6.761471033096313477e-01
6.705124974250793457e-01
6.629997491836547852e-01
6.683660149574279785e-01
6.707808971405029297e-01
6.833915114402770996e-01
6.836597919464111328e-01
6.793667674064636230e-01
6.710491180419921875e-01
6.707808375358581543e-01
6.820499300956726074e-01
6.804401278495788574e-01
6.689026355743408203e-01
6.624631881713867188e-01
6.718540787696838379e-01
6.777569055557250977e-01
6.841964721679687500e-01
6.780252456665039062e-01
6.796351671218872070e-01
6.825866103172302246e-01
6.807084083557128906e-01
6.764154434204101562e-01
6.879528760910034180e-01
6.860746741294860840e-01
6.750738024711608887e-01
6.817816495895385742e-01
6.850013732910156250e-01
6.777569055557250977e-01
6.785618662834167480e-01
6.935873627662658691e-01
6.753421425819396973e-01
6.914409399032592773e-01
6.887577772140502930e-01
6.911725997924804688e-01
6.898310184478759766e-01
6.895627379417419434e-01
6.914409399032592773e-01
6.951972842216491699e-01
6.981486678123474121e-01
6.960021853446960449e-01
6.927824616432189941e-01
6.968071460723876953e-01
6.925141215324401855e-01
6.900992989540100098e-01
6.957339048385620117e-01
6.960021853446960449e-01
6.946606040000915527e-01
6.919775605201721191e-01
7.029783129692077637e-01
7.045881748199462891e-01
6.951972842216491699e-01
