1.579123497009277344e+00
2.934087038040161133e+00
4.278049230575561523e+00
5.646516561508178711e+00
7.064532279968261719e+00
8.443506240844726562e+00
9.950078010559082031e+00
1.136436057090759277e+01
1.280238389968872070e+01
1.430597996711730957e+01
1.563492441177368164e+01
1.701840853691101074e+01
1.853148508071899414e+01
1.992897891998291016e+01
2.190688562393188477e+01
2.329987668991088867e+01
2.482746386528015137e+01
2.626148319244384766e+01
2.764746928215026855e+01
2.901294016838073730e+01
3.031836867332458496e+01
3.159277558326721191e+01
3.290670990943908691e+01
3.416660594940185547e+01
3.543751072883605957e+01
3.671291780471801758e+01
3.800984072685241699e+01
3.929725575447082520e+01
4.061519408226013184e+01
4.203270149230957031e+01
4.328410673141479492e+01
4.458301639556884766e+01
4.590300297737121582e+01
4.726697325706481934e+01
4.858791327476501465e+01
5.001542830467224121e+01
5.135738444328308105e+01
5.262578535079956055e+01
5.390419435501098633e+01
5.518710684776306152e+01
5.648653125762939453e+01
5.775943660736083984e+01
5.912090516090393066e+01
6.053441119194030762e+01
6.187836623191833496e+01
6.315277338027954102e+01
6.446120405197143555e+01
6.587320780754089355e+01
6.717313289642333984e+01
6.854510855674743652e+01
6.984453320503234863e+01
7.111043334007263184e+01
7.240635538101196289e+01
7.371328473091125488e+01
7.496067166328430176e+01
7.624408435821533203e+01
7.749897742271423340e+01
7.874686503410339355e+01
8.003227925300598145e+01
8.134121084213256836e+01
8.263863372802734375e+01
8.394857978820800781e+01
8.521596693992614746e+01
8.649087405204772949e+01
8.777987504005432129e+01
8.905529618263244629e+01
9.047165799140930176e+01
9.183262562751770020e+01
9.314355778694152832e+01
9.446599912643432617e+01
9.584247756004333496e+01
9.715090894699096680e+01
9.841881012916564941e+01
9.975876379013061523e+01
1.010626909732818604e+02
1.023491060733795166e+02
1.037220907211303711e+02
1.050215156078338623e+02
1.063249421119689941e+02
1.076088552474975586e+02
1.088882651329040527e+02
1.103347942829132080e+02
1.116066989898681641e+02
1.128956589698791504e+02
1.142015874385833740e+02
1.155505471229553223e+02
1.168756673336029053e+02
1.183156914710998535e+02
1.196036074161529541e+02
1.208745114803314209e+02
1.221329066753387451e+02
1.234113173484802246e+02
1.247427628040313721e+02
1.260326805114746094e+02
1.273140916824340820e+02
1.285794920921325684e+02
1.298478944301605225e+02
1.311693341732025146e+02
1.324947774410247803e+02
1.337814655303955078e+02
1.350668797492980957e+02
1.363968260288238525e+02
1.377007536888122559e+02
1.390266964435577393e+02
1.403511385917663574e+02
1.416965961456298828e+02
1.430235397815704346e+02
1.443664951324462891e+02
1.456819312572479248e+02
1.471734914779663086e+02
1.484959325790405273e+02
1.498378868103027344e+02
1.512028577327728271e+02
1.525408227443695068e+02
1.539818482398986816e+02
1.557801263332366943e+02
1.572401647567749023e+02
1.585520987510681152e+02
1.598975553512573242e+02
1.612184951305389404e+02
1.625874688625335693e+02
1.639294235706329346e+02
1.652723786830902100e+02
1.666143333911895752e+02
1.679477815628051758e+02
1.692447040081024170e+02
1.705806543827056885e+02
1.718865833282470703e+02
1.731820051670074463e+02
1.745214574337005615e+02
1.758484013080596924e+02
1.771533298492431641e+02
1.784612600803375244e+02
1.797616846561431885e+02
1.810706160068511963e+02
1.823870522975921631e+02
1.837169983386993408e+02
1.850484452247619629e+02
1.863638813495635986e+02
1.876933269500732422e+02
1.892149093151092529e+02
1.905578646659851074e+02
1.918838074207305908e+02
1.932032461166381836e+02
1.945497038364410400e+02
1.958861544132232666e+02
1.971980879306793213e+02
1.985420441627502441e+02
1.999735617637634277e+02
2.013020205497741699e+02
2.026134397983551025e+02
2.039298760890960693e+02
2.052222959995269775e+02
2.065677528381347656e+02
2.079002003669738770e+02
2.092301478385925293e+02
2.106056251525878906e+02
2.119395735263824463e+02
2.132455022335052490e+02
2.146034684181213379e+02
2.159689400196075439e+02
2.173234033584594727e+02
2.186593542098999023e+02
2.199723014831542969e+02
2.213557715415954590e+02
2.226682054996490479e+02
2.240141620635986328e+02
2.253586189746856689e+02
2.267496082782745361e+02
2.281806261539459229e+02
2.295300855636596680e+02
2.308620331287384033e+02
2.321749672889709473e+02
2.334919173717498779e+02
2.348023362159729004e+02
2.361307814121246338e+02
2.375397837162017822e+02
2.389162621498107910e+02
2.403302686214447021e+02
2.416562108993530273e+02
2.429446284770965576e+02
2.442635660171508789e+02
2.455995163917541504e+02
2.469274609088897705e+02
2.482303876876831055e+02
2.495628356933593750e+02
2.509067919254302979e+02
2.522242286205291748e+02
2.535821945667266846e+02
2.549376587867736816e+02
2.562666039466857910e+02
2.575950489044189453e+02
2.589350023269653320e+02
2.602684502601623535e+02
2.615833866596221924e+02
2.629123313426971436e+02
2.642778022289276123e+02
2.656813006401062012e+02
2.670948066711425781e+02
2.685243239402770996e+02
