1.707317121326923370e-02
1.951219514012336731e-02
2.195121720433235168e-02
1.951219514012336731e-02
9.756097570061683655e-03
1.219512149691581726e-02
1.951219327747821808e-02
2.682926878333091736e-02
1.951219514012336731e-02
1.219512149691581726e-02
2.439024113118648529e-02
1.707316935062408447e-02
9.756097570061683655e-03
1.219512149691581726e-02
1.951219514012336731e-02
1.463414542376995087e-02
1.463414542376995087e-02
2.195121906697750092e-02
2.195121720433235168e-02
2.195121720433235168e-02
1.463414635509252548e-02
2.195121906697750092e-02
1.463414542376995087e-02
1.951219514012336731e-02
2.195121720433235168e-02
1.463414542376995087e-02
1.707316935062408447e-02
9.756097570061683655e-03
1.707316935062408447e-02
2.195121906697750092e-02
1.707316935062408447e-02
1.951219514012336731e-02
7.317073177546262741e-03
1.463414542376995087e-02
3.414634242653846741e-02
7.317073177546262741e-03
3.414634242653846741e-02
1.463414635509252548e-02
3.658536449074745178e-02
1.463414542376995087e-02
3.170731291174888611e-02
2.195122092962265015e-02
1.951219514012336731e-02
9.756097570061683655e-03
2.926829084753990173e-02
1.463414635509252548e-02
1.219512149691581726e-02
9.756097570061683655e-03
2.682926692068576813e-02
9.756097570061683655e-03
1.219512149691581726e-02
1.707316935062408447e-02
1.219512149691581726e-02
1.707316935062408447e-02
2.195121720433235168e-02
9.756097570061683655e-03
3.170731663703918457e-02
3.658536449074745178e-02
1.707316935062408447e-02
1.951219327747821808e-02
1.219512149691581726e-02
1.219512149691581726e-02
1.951219514012336731e-02
2.682926878333091736e-02
2.926829084753990173e-02
3.414633870124816895e-02
1.463414542376995087e-02
2.439024299383163452e-02
3.414634242653846741e-02
2.195121720433235168e-02
2.439024299383163452e-02
1.219512149691581726e-02
2.195121720433235168e-02
2.682926505804061890e-02
3.902439400553703308e-02
2.926829084753990173e-02
3.902439028024673462e-02
3.414634242653846741e-02
3.902439028024673462e-02
3.170731663703918457e-02
3.414633870124816895e-02
4.146341606974601746e-02
4.634146392345428467e-02
3.414634242653846741e-02
3.902439028024673462e-02
4.634146392345428467e-02
4.878048598766326904e-02
2.439024299383163452e-02
4.390243813395500183e-02
4.146341606974601746e-02
7.804878056049346924e-02
4.878048971295356750e-02
4.878048598766326904e-02
5.365853756666183472e-02
4.146341234445571899e-02
7.073170691728591919e-02
7.073170691728591919e-02
6.341463327407836914e-02
6.097560375928878784e-02
7.317072898149490356e-02
7.804878056049346924e-02
7.804878056049346924e-02
7.073170691728591919e-02
9.756097942590713501e-02
7.804878056049346924e-02
9.756097942590713501e-02
7.317073643207550049e-02
8.780488371849060059e-02
1.024390310049057007e-01
1.170731708407402039e-01
9.756097942590713501e-02
1.073170751333236694e-01
8.780487626791000366e-02
9.268292784690856934e-02
9.024390578269958496e-02
1.170731708407402039e-01
1.048780456185340881e-01
1.292682886123657227e-01
1.317073106765747070e-01
1.097560971975326538e-01
1.341463327407836914e-01
1.317073106765747070e-01
1.341463327407836914e-01
1.609756052494049072e-01
1.268292665481567383e-01
1.243902444839477539e-01
1.536585241556167603e-01
1.292682886123657227e-01
1.512195020914077759e-01
1.463414430618286133e-01
1.731707453727722168e-01
1.634146273136138916e-01
1.560975611209869385e-01
1.585365831851959229e-01
1.756097376346588135e-01
1.731707304716110229e-01
1.658536642789840698e-01
1.878048777580261230e-01
1.707317084074020386e-01
1.780487895011901855e-01
1.853658407926559448e-01
1.804877966642379761e-01
1.975609809160232544e-01
2.048780620098114014e-01
1.902438998222351074e-01
2.121951133012771606e-01
2.048780620098114014e-01
2.048780322074890137e-01
2.195121794939041138e-01
2.560975551605224609e-01
2.414634227752685547e-01
2.219511866569519043e-01
2.243902385234832764e-01
2.341463267803192139e-01
2.121951282024383545e-01
2.512194812297821045e-01
2.512195110321044922e-01
2.292682826519012451e-01
2.390244007110595703e-01
2.536585330963134766e-01
2.536585628986358643e-01
2.390243858098983765e-01
2.390243709087371826e-01
2.243902385234832764e-01
2.560975551605224609e-01
2.731707394123077393e-01
2.365853786468505859e-01
2.804877758026123047e-01
3.073170781135559082e-01
2.585365772247314453e-01
2.804878056049346924e-01
2.902438938617706299e-01
2.414633929729461670e-01
2.560975551605224609e-01
2.609755992889404297e-01
2.756097614765167236e-01
2.682926952838897705e-01
3.121951222419738770e-01
2.902438938617706299e-01
2.926829457283020020e-01
3.365853726863861084e-01
2.585365772247314453e-01
2.878048717975616455e-01
3.195121884346008301e-01
3.121951222419738770e-01
3.024390339851379395e-01
2.756097614765167236e-01
2.999999821186065674e-01
2.878048717975616455e-01
3.097561001777648926e-01
2.902439236640930176e-01
2.878048717975616455e-01
2.780487537384033203e-01
3.414634168148040771e-01
3.292682766914367676e-01
3.219512104988098145e-01
3.219512104988098145e-01
3.390243947505950928e-01
3.365853726863861084e-01
3.219512104988098145e-01
