1.463414542376995087e-02
2.195121720433235168e-02
1.219512149691581726e-02
1.463414635509252548e-02
1.463414635509252548e-02
1.707316935062408447e-02
1.707317121326923370e-02
1.707316935062408447e-02
1.707316935062408447e-02
2.926829084753990173e-02
1.707316935062408447e-02
1.463414542376995087e-02
9.756097570061683655e-03
9.756097570061683655e-03
2.195121906697750092e-02
1.219512149691581726e-02
1.463414635509252548e-02
9.756097570061683655e-03
1.951219514012336731e-02
2.439024299383163452e-02
2.195121720433235168e-02
1.463414635509252548e-02
1.951219514012336731e-02
1.463414635509252548e-02
1.951219514012336731e-02
2.439024299383163452e-02
1.463414542376995087e-02
2.439024299383163452e-02
2.195121906697750092e-02
1.951219514012336731e-02
1.463414542376995087e-02
1.951219327747821808e-02
3.414634242653846741e-02
1.463414542376995087e-02
7.317073177546262741e-03
2.926829084753990173e-02
1.463414542376995087e-02
1.219512149691581726e-02
3.414633870124816895e-02
2.195121906697750092e-02
1.951219514012336731e-02
1.951219514012336731e-02
1.219512149691581726e-02
1.951219514012336731e-02
9.756097570061683655e-03
4.390243813395500183e-02
1.707316935062408447e-02
2.439024299383163452e-02
1.951219327747821808e-02
2.926829084753990173e-02
1.463414635509252548e-02
2.926829084753990173e-02
2.682926692068576813e-02
1.951219514012336731e-02
3.658536449074745178e-02
1.463414542376995087e-02
2.682926692068576813e-02
1.463414542376995087e-02
3.414633870124816895e-02
2.926829084753990173e-02
2.926829084753990173e-02
3.414634242653846741e-02
3.414634242653846741e-02
2.926829271018505096e-02
5.365853756666183472e-02
3.170731663703918457e-02
6.097560375928878784e-02
3.902439400553703308e-02
5.365853756666183472e-02
4.634146392345428467e-02
5.853658542037010193e-02
3.414634242653846741e-02
4.878048971295356750e-02
3.902439028024673462e-02
3.658536449074745178e-02
6.097561120986938477e-02
6.829268485307693481e-02
5.121951177716255188e-02
7.560975849628448486e-02
6.585366278886795044e-02
7.073170691728591919e-02
5.121951177716255188e-02
8.536586165428161621e-02
8.048780262470245361e-02
9.024390578269958496e-02
7.560975849628448486e-02
7.317073643207550049e-02
1.073170751333236694e-01
8.780487626791000366e-02
1.097560971975326538e-01
8.292682468891143799e-02
9.512194991111755371e-02
8.536584675312042236e-02
1.170731633901596069e-01
1.048780530691146851e-01
1.048780381679534912e-01
1.121951192617416382e-01
1.243902295827865601e-01
1.414634138345718384e-01
1.097560971975326538e-01
1.292683035135269165e-01
1.292683035135269165e-01
1.463414579629898071e-01
1.219512224197387695e-01
1.536585390567779541e-01
1.682926863431930542e-01
1.317073106765747070e-01
1.658536642789840698e-01
1.560975760221481323e-01
1.756097525358200073e-01
1.829268187284469604e-01
1.731707453727722168e-01
1.731707155704498291e-01
1.975609809160232544e-01
2.317073196172714233e-01
1.780487746000289917e-01
1.829268187284469604e-01
1.780487895011901855e-01
2.097561061382293701e-01
1.853658556938171387e-01
1.951219290494918823e-01
1.853658556938171387e-01
2.097560912370681763e-01
2.048780471086502075e-01
2.195121943950653076e-01
1.951219588518142700e-01
2.341463416814804077e-01
2.390243858098983765e-01
2.121951282024383545e-01
2.292682826519012451e-01
2.243902534246444702e-01
2.512195110321044922e-01
2.219512164592742920e-01
2.317073196172714233e-01
2.414634078741073608e-01
2.414634078741073608e-01
2.390243858098983765e-01
2.707316875457763672e-01
2.512195110321044922e-01
2.536585330963134766e-01
2.682926654815673828e-01
2.975609600543975830e-01
2.731707096099853516e-01
2.487804740667343140e-01
2.560975551605224609e-01
2.707316875457763672e-01
2.634146213531494141e-01
2.756097614765167236e-01
2.512195110321044922e-01
3.317073285579681396e-01
3.219512104988098145e-01
3.317072987556457520e-01
2.902439236640930176e-01
3.048780560493469238e-01
2.853658795356750488e-01
3.170731663703918457e-01
3.463414907455444336e-01
3.097561001777648926e-01
3.146341443061828613e-01
3.317073285579681396e-01
3.121951222419738770e-01
3.097561001777648926e-01
3.365853726863861084e-01
3.390244245529174805e-01
3.512195348739624023e-01
2.975609600543975830e-01
3.341463506221771240e-01
3.341463506221771240e-01
3.853658735752105713e-01
3.878048658370971680e-01
3.268292546272277832e-01
3.560975193977355957e-01
3.682926595211029053e-01
3.634146451950073242e-01
3.414634168148040771e-01
3.560975790023803711e-01
4.024390280246734619e-01
3.707317113876342773e-01
3.414634466171264648e-01
3.780487775802612305e-01
3.512195348739624023e-01
3.682926893234252930e-01
3.609755933284759521e-01
3.585366010665893555e-01
3.487804830074310303e-01
3.536585271358489990e-01
3.902439177036285400e-01
3.536585569381713867e-01
3.731707334518432617e-01
3.804877996444702148e-01
3.829268217086791992e-01
3.731707334518432617e-01
4.048780500888824463e-01
3.878048956394195557e-01
3.707317113876342773e-01
4.243902266025543213e-01
4.219512045383453369e-01
4.243902564048767090e-01
3.975609838962554932e-01
3.731707036495208740e-01
