9.756097570061683655e-03
1.707317121326923370e-02
1.707316935062408447e-02
2.439024485647678375e-02
9.756097570061683655e-03
1.951219514012336731e-02
2.682926692068576813e-02
1.707316935062408447e-02
1.707317121326923370e-02
1.951219327747821808e-02
1.219512149691581726e-02
2.195121906697750092e-02
1.707316935062408447e-02
2.439024299383163452e-02
1.707316935062408447e-02
1.707316935062408447e-02
1.951219327747821808e-02
1.707316935062408447e-02
2.195121906697750092e-02
2.439024299383163452e-02
2.682926878333091736e-02
1.707316935062408447e-02
2.439024299383163452e-02
1.219512149691581726e-02
1.951219327747821808e-02
1.707316935062408447e-02
2.682926878333091736e-02
9.756097570061683655e-03
2.926829271018505096e-02
1.951219514012336731e-02
7.317073177546262741e-03
1.219512149691581726e-02
7.317073177546262741e-03
2.195121906697750092e-02
1.951219514012336731e-02
1.219512149691581726e-02
4.878048785030841827e-03
2.439024392515420914e-03
1.219512149691581726e-02
1.707316935062408447e-02
1.951219514012336731e-02
1.951219514012336731e-02
1.951219514012336731e-02
1.219512149691581726e-02
1.707316935062408447e-02
3.170731663703918457e-02
2.439024299383163452e-02
1.219512149691581726e-02
1.463414635509252548e-02
1.707317121326923370e-02
1.219512149691581726e-02
1.707316935062408447e-02
2.682926692068576813e-02
2.926829084753990173e-02
2.682926878333091736e-02
1.951219514012336731e-02
1.219512149691581726e-02
2.195121906697750092e-02
2.926829457283020020e-02
9.756097570061683655e-03
2.926829084753990173e-02
2.195121906697750092e-02
2.926829084753990173e-02
2.439024299383163452e-02
3.170731663703918457e-02
2.439024113118648529e-02
3.902439028024673462e-02
3.170731663703918457e-02
3.170731663703918457e-02
2.926829271018505096e-02
4.878048598766326904e-02
3.170731663703918457e-02
3.902439400553703308e-02
2.926829271018505096e-02
5.365854129195213318e-02
5.365853756666183472e-02
4.146341234445571899e-02
5.853658542037010193e-02
5.365853756666183472e-02
5.609755963087081909e-02
7.560975849628448486e-02
3.658536449074745178e-02
6.829268485307693481e-02
5.609756708145141602e-02
8.292682468891143799e-02
8.292683213949203491e-02
7.804878056049346924e-02
8.780486881732940674e-02
1.048780530691146851e-01
7.804878056049346924e-02
7.804878056049346924e-02
8.536586165428161621e-02
7.317072898149490356e-02
9.024389833211898804e-02
8.780487626791000366e-02
1.073170751333236694e-01
1.048780456185340881e-01
1.097560971975326538e-01
1.219512224197387695e-01
1.048780456185340881e-01
1.219512075185775757e-01
1.024390161037445068e-01
1.121951192617416382e-01
1.243902444839477539e-01
1.292682886123657227e-01
1.317073106765747070e-01
1.634146124124526978e-01
1.585365831851959229e-01
1.487804949283599854e-01
1.414633989334106445e-01
1.707317084074020386e-01
1.658536642789840698e-01
1.560975611209869385e-01
1.487804949283599854e-01
1.829268336296081543e-01
1.731707304716110229e-01
1.341463327407836914e-01
1.634146273136138916e-01
2.097561061382293701e-01
1.634146273136138916e-01
1.878048777580261230e-01
1.731707155704498291e-01
2.097560912370681763e-01
2.024390250444412231e-01
2.048780322074890137e-01
2.024390101432800293e-01
1.975609511137008667e-01
2.024390399456024170e-01
2.073170840740203857e-01
1.999999731779098511e-01
2.073170840740203857e-01
2.048780471086502075e-01
2.170731574296951294e-01
2.195122092962265015e-01
2.243902236223220825e-01
2.000000029802322388e-01
2.536585330963134766e-01
2.439024150371551514e-01
2.414634227752685547e-01
2.560975551605224609e-01
2.097560912370681763e-01
2.317073196172714233e-01
2.512195110321044922e-01
2.682926654815673828e-01
2.292682826519012451e-01
2.268292605876922607e-01
2.463414818048477173e-01
2.707316875457763672e-01
2.682926952838897705e-01
2.439024448394775391e-01
2.658536434173583984e-01
2.634146511554718018e-01
2.780487835407257080e-01
2.560975551605224609e-01
2.756097614765167236e-01
2.756097614765167236e-01
2.731707096099853516e-01
2.878048717975616455e-01
2.829267978668212891e-01
3.024390041828155518e-01
2.951219081878662109e-01
2.829268276691436768e-01
2.731707394123077393e-01
2.975609600543975830e-01
2.902438938617706299e-01
3.048780262470245361e-01
2.682926654815673828e-01
2.926828861236572266e-01
2.634146213531494141e-01
2.682926952838897705e-01
3.268292546272277832e-01
2.926829159259796143e-01
3.097561001777648926e-01
2.853658497333526611e-01
2.731707096099853516e-01
3.219512104988098145e-01
2.853658497333526611e-01
3.048780560493469238e-01
3.195121586322784424e-01
3.536585569381713867e-01
3.121951222419738770e-01
3.317073583602905273e-01
3.463414311408996582e-01
3.609755635261535645e-01
3.219512104988098145e-01
3.146341443061828613e-01
3.073170781135559082e-01
3.268292546272277832e-01
3.024390041828155518e-01
3.560975790023803711e-01
3.390243947505950928e-01
3.170731663703918457e-01
3.414633870124816895e-01
3.439024686813354492e-01
3.439024686813354492e-01
3.682927191257476807e-01
3.121951222419738770e-01
3.609756231307983398e-01
3.560975790023803711e-01
3.463414907455444336e-01
