1.219512149691581726e-02
2.439024299383163452e-02
1.707316935062408447e-02
2.439024299383163452e-02
9.756097570061683655e-03
1.707317121326923370e-02
9.756097570061683655e-03
1.219512149691581726e-02
1.463414635509252548e-02
1.219512149691581726e-02
9.756097570061683655e-03
1.463414635509252548e-02
1.219512149691581726e-02
1.463414635509252548e-02
9.756097570061683655e-03
1.219512149691581726e-02
1.951219514012336731e-02
1.707316935062408447e-02
1.463414542376995087e-02
2.682926878333091736e-02
7.317073177546262741e-03
1.951219514012336731e-02
2.195121720433235168e-02
2.439024299383163452e-02
1.219512149691581726e-02
9.756097570061683655e-03
4.878048785030841827e-03
2.926829084753990173e-02
1.219512149691581726e-02
9.756097570061683655e-03
1.951219327747821808e-02
2.682926878333091736e-02
1.951219514012336731e-02
2.439024485647678375e-02
2.682926692068576813e-02
1.219512149691581726e-02
1.219512149691581726e-02
1.951219327747821808e-02
1.951219514012336731e-02
2.439024299383163452e-02
1.951219327747821808e-02
1.707316935062408447e-02
2.195121906697750092e-02
9.756097570061683655e-03
1.219512149691581726e-02
1.707317121326923370e-02
1.951219514012336731e-02
1.463414542376995087e-02
1.463414542376995087e-02
1.951219514012336731e-02
1.463414542376995087e-02
1.951219514012336731e-02
7.317073177546262741e-03
2.439024299383163452e-02
1.219512149691581726e-02
1.463414635509252548e-02
2.926829271018505096e-02
2.439024299383163452e-02
1.463414542376995087e-02
1.707316935062408447e-02
2.926829084753990173e-02
2.682926878333091736e-02
1.463414542376995087e-02
1.707316935062408447e-02
3.170731663703918457e-02
2.439024299383163452e-02
1.463414542376995087e-02
2.926828898489475250e-02
2.926829084753990173e-02
3.414633870124816895e-02
2.926829271018505096e-02
4.146341606974601746e-02
3.414634242653846741e-02
4.390244185924530029e-02
3.658536449074745178e-02
3.414634242653846741e-02
5.121951177716255188e-02
4.390243813395500183e-02
4.634146764874458313e-02
4.390243813395500183e-02
4.634145647287368774e-02
3.902439028024673462e-02
3.170731663703918457e-02
4.878048598766326904e-02
4.634146392345428467e-02
5.609755963087081909e-02
6.585365533828735352e-02
5.609755963087081909e-02
6.097561120986938477e-02
7.317072898149490356e-02
6.341463327407836914e-02
7.073169946670532227e-02
6.097560375928878784e-02
7.073170691728591919e-02
7.804878056049346924e-02
7.073170691728591919e-02
9.512194991111755371e-02
6.097561120986938477e-02
9.268292784690856934e-02
7.560975104570388794e-02
1.024390161037445068e-01
1.073170676827430725e-01
8.780487626791000366e-02
1.000000014901161194e-01
9.268292039632797241e-02
1.170731708407402039e-01
1.024390310049057007e-01
1.268292665481567383e-01
1.390243768692016602e-01
1.268292665481567383e-01
1.390243917703628540e-01
1.341463476419448853e-01
1.219512149691581726e-01
1.365853548049926758e-01
1.219512224197387695e-01
1.658536493778228760e-01
1.317073106765747070e-01
1.560975760221481323e-01
1.414634138345718384e-01
1.512195169925689697e-01
1.463414579629898071e-01
1.439024358987808228e-01
1.634146422147750854e-01
1.829268187284469604e-01
1.756097674369812012e-01
1.585365831851959229e-01
1.780487895011901855e-01
2.000000029802322388e-01
2.024390250444412231e-01
1.634146273136138916e-01
1.878048777580261230e-01
1.780487895011901855e-01
1.975609511137008667e-01
1.926829218864440918e-01
1.829268187284469604e-01
1.926829218864440918e-01
1.951219588518142700e-01
2.073170542716979980e-01
2.292682677507400513e-01
2.097560912370681763e-01
2.048780471086502075e-01
1.829268336296081543e-01
2.219512164592742920e-01
2.024390250444412231e-01
1.878048777580261230e-01
1.975609660148620605e-01
2.243902385234832764e-01
2.073170542716979980e-01
2.170731574296951294e-01
2.731707096099853516e-01
2.219512313604354858e-01
2.317073047161102295e-01
2.268292605876922607e-01
2.195121943950653076e-01
2.341463267803192139e-01
2.634146511554718018e-01
2.658536732196807861e-01
2.658536434173583984e-01
2.634146213531494141e-01
2.268292754888534546e-01
2.512195110321044922e-01
2.512195110321044922e-01
2.341463267803192139e-01
2.463414520025253296e-01
2.536585330963134766e-01
2.414634078741073608e-01
2.634146213531494141e-01
2.365853637456893921e-01
2.829268574714660645e-01
2.658536434173583984e-01
2.658536434173583984e-01
2.585365772247314453e-01
2.878048717975616455e-01
3.000000119209289551e-01
2.829268276691436768e-01
2.878048717975616455e-01
2.682926654815673828e-01
2.878048717975616455e-01
3.097560703754425049e-01
3.024390339851379395e-01
2.902438938617706299e-01
2.902438938617706299e-01
3.048780560493469238e-01
3.170731663703918457e-01
2.975609600543975830e-01
3.365853726863861084e-01
3.097561001777648926e-01
2.951219379901885986e-01
2.804878056049346924e-01
3.219512104988098145e-01
3.243902623653411865e-01
3.268292844295501709e-01
3.414634466171264648e-01
3.146341443061828613e-01
3.048780560493469238e-01
3.146341443061828613e-01
3.341463208198547363e-01
3.512195348739624023e-01
2.975609600543975830e-01
3.243902325630187988e-01
