3.061116218566894531e+00
5.696990728378295898e+00
8.434937000274658203e+00
1.103608417510986328e+01
1.361015582084655762e+01
1.622989177703857422e+01
1.885074186325073242e+01
2.147817850112915039e+01
2.410904955863952637e+01
2.676293611526489258e+01
2.951088976860046387e+01
3.216634011268615723e+01
3.484424376487731934e+01
3.742434668540954590e+01
4.003756165504455566e+01
4.274750232696533203e+01
4.548336100578308105e+01
4.819578099250793457e+01
5.081062841415405273e+01
5.344277620315551758e+01
5.604183888435363770e+01
5.870662212371826172e+01
6.134549880027770996e+01
6.411224341392517090e+01
6.685219168663024902e+01
6.954177927970886230e+01
7.217776083946228027e+01
7.482127475738525391e+01
7.747714996337890625e+01
8.019616007804870605e+01
8.294302225112915039e+01
8.568698644638061523e+01
8.841324996948242188e+01
9.116620779037475586e+01
9.396019434928894043e+01
9.664916014671325684e+01
9.929443502426147461e+01
1.019173285961151123e+02
1.046114506721496582e+02
1.072833383083343506e+02
1.102780623435974121e+02
1.135822129249572754e+02
1.163901958465576172e+02
1.191117475032806396e+02
1.219702291488647461e+02
1.247271897792816162e+02
1.274401056766510010e+02
1.301792244911193848e+02
1.328741269111633301e+02
1.356033067703247070e+02
1.383352494239807129e+02
1.409711363315582275e+02
1.437320868968963623e+02
1.464161689281463623e+02
1.491859669685363770e+02
1.519231321811676025e+02
1.545447063446044922e+02
1.572948265075683594e+02
1.600813281536102295e+02
1.628120622634887695e+02
1.654919376373291016e+02
1.681718306541442871e+02
1.708829102516174316e+02
1.735568242073059082e+02
1.762652504444122314e+02
1.789631686210632324e+02
1.816657049655914307e+02
1.843648335933685303e+02
1.870097718238830566e+02
1.897537355422973633e+02
1.924779121875762939e+02
1.952219064235687256e+02
1.978651616573333740e+02
2.005291612148284912e+02
2.032293026447296143e+02
2.058850281238555908e+02
2.085112257003784180e+02
2.111751196384429932e+02
2.137801682949066162e+02
2.164680922031402588e+02
2.191850237846374512e+02
2.218729221820831299e+02
2.245328252315521240e+02
2.272945041656494141e+02
2.301385281085968018e+02
2.328665640354156494e+02
2.354829709529876709e+02
2.381998894214630127e+02
2.408707890510559082e+02
2.435296792984008789e+02
2.462161538600921631e+02
2.489387238025665283e+02
2.516007170677185059e+02
2.542341616153717041e+02
2.568991429805755615e+02
2.595570285320281982e+02
2.622476499080657959e+02
2.648877413272857666e+02
2.675346364974975586e+02
2.701840255260467529e+02
2.728932378292083740e+02
2.755747315883636475e+02
2.782178778648376465e+02
2.808857748508453369e+02
2.835656802654266357e+02
2.864127299785614014e+02
2.890970225334167480e+02
2.917720878124237061e+02
2.944469859600067139e+02
2.972069482803344727e+02
2.999133296012878418e+02
3.026249911785125732e+02
3.053692376613616943e+02
3.080959198474884033e+02
3.108142824172973633e+02
3.134573428630828857e+02
3.160622429847717285e+02
3.187111260890960693e+02
3.214263691902160645e+02
3.240418810844421387e+02
3.267425260543823242e+02
3.294007551670074463e+02
3.320458514690399170e+02
3.346728556156158447e+02
3.373260133266448975e+02
3.400303137302398682e+02
3.429150707721710205e+02
3.457864000797271729e+02
3.485463473796844482e+02
3.522419438362121582e+02
3.550893194675445557e+02
3.579471671581268311e+02
3.608182394504547119e+02
3.636630671024322510e+02
3.666003174781799316e+02
3.693039963245391846e+02
3.719301202297210693e+02
3.745781302452087402e+02
3.772510306835174561e+02
3.799579553604125977e+02
3.825603904724121094e+02
3.852216939926147461e+02
3.878605833053588867e+02
3.904950802326202393e+02
3.931736414432525635e+02
3.958356850147247314e+02
3.984825918674468994e+02
4.011144762039184570e+02
4.037396028041839600e+02
4.063916280269622803e+02
4.092046282291412354e+02
4.118999719619750977e+02
4.145433788299560547e+02
4.171872582435607910e+02
4.198605890274047852e+02
4.225583937168121338e+02
4.252030889987945557e+02
4.279390349388122559e+02
4.306299476623535156e+02
4.332292726039886475e+02
4.359533917903900146e+02
4.386340548992156982e+02
4.412874259948730469e+02
4.438835628032684326e+02
4.465384633541107178e+02
4.491693208217620850e+02
4.518016023635864258e+02
4.544204924106597900e+02
4.571075708866119385e+02
4.597288193702697754e+02
4.623920032978057861e+02
4.650814909934997559e+02
4.677390227317810059e+02
4.703919093608856201e+02
4.731028366088867188e+02
4.757371759414672852e+02
4.784438452720642090e+02
4.810947387218475342e+02
4.837621986865997314e+02
4.863955812454223633e+02
4.890970993041992188e+02
4.917347402572631836e+02
4.944126899242401123e+02
4.971041054725646973e+02
4.997263898849487305e+02
5.025439839363098145e+02
5.051446104049682617e+02
5.078028731346130371e+02
5.104837663173675537e+02
5.130654785633087158e+02
5.157363774776458740e+02
5.183768432140350342e+02
5.210289638042449951e+02
5.236674442291259766e+02
5.262923099994659424e+02
5.290390694141387939e+02
5.317175228595733643e+02
5.343834807872772217e+02
5.370150322914123535e+02
5.396255662441253662e+02
