3.216069936752319336e+00
5.930010795593261719e+00
8.579895257949829102e+00
1.127181124687194824e+01
1.399905419349670410e+01
1.682579517364501953e+01
1.950663805007934570e+01
2.230523848533630371e+01
2.498014402389526367e+01
2.771370267868041992e+01
3.039460849761962891e+01
3.317958831787109375e+01
3.586149621009826660e+01
3.897351884841918945e+01
4.192591595649719238e+01
4.469503045082092285e+01
4.745138883590698242e+01
5.020215988159179688e+01
5.292012143135070801e+01
5.564104175567626953e+01
5.838473510742187500e+01
6.106964302062988281e+01
6.397671151161193848e+01
6.683878588676452637e+01
6.957988023757934570e+01
7.234784746170043945e+01
7.509780216217041016e+01
7.787978053092956543e+01
8.085769748687744141e+01
8.359234976768493652e+01
8.634732294082641602e+01
8.903731369972229004e+01
9.190731310844421387e+01
9.465593457221984863e+01
9.738671541213989258e+01
1.001907098293304443e+02
1.029443671703338623e+02
1.056519758701324463e+02
1.083617947101593018e+02
1.110821347236633301e+02
1.138320765495300293e+02
1.165763483047485352e+02
1.203497300148010254e+02
1.231659460067749023e+02
1.259202625751495361e+02
1.288878736495971680e+02
1.316403632164001465e+02
1.343651971817016602e+02
1.371301655769348145e+02
1.398793582916259766e+02
1.425859920978546143e+02
1.453479440212249756e+02
1.480918588638305664e+02
1.507807753086090088e+02
1.535567319393157959e+02
1.562858054637908936e+02
1.592418947219848633e+02
1.621594614982604980e+02
1.650827033519744873e+02
1.678872370719909668e+02
1.707932903766632080e+02
1.736643452644348145e+02
1.764232931137084961e+02
1.792274587154388428e+02
1.820240674018859863e+02
1.847399568557739258e+02
1.874779040813446045e+02
1.903063235282897949e+02
1.930776114463806152e+02
1.958933343887329102e+02
1.987036216259002686e+02
2.014506645202636719e+02
2.042326424121856689e+02
2.070361285209655762e+02
2.098011460304260254e+02
2.126639654636383057e+02
2.154606969356536865e+02
2.184709610939025879e+02
2.212674551010131836e+02
2.241094765663146973e+02
2.269304361343383789e+02
2.297464118003845215e+02
2.324889211654663086e+02
2.352925853729248047e+02
2.381235818862915039e+02
2.409913506507873535e+02
2.438370294570922852e+02
2.466630396842956543e+02
2.494660189151763916e+02
2.522350442409515381e+02
2.550175132751464844e+02
2.577635390758514404e+02
2.605585141181945801e+02
2.633521475791931152e+02
2.661241185665130615e+02
2.688990914821624756e+02
2.716832044124603271e+02
2.745197682380676270e+02
2.772476789951324463e+02
2.800566766262054443e+02
2.828954882621765137e+02
2.857119324207305908e+02
2.884871578216552734e+02
2.912523026466369629e+02
2.940088107585906982e+02
2.967667715549468994e+02
2.995121552944183350e+02
3.023541333675384521e+02
3.050989015102386475e+02
3.078967747688293457e+02
3.106279954910278320e+02
3.134195876121520996e+02
3.163994731903076172e+02
3.192592339515686035e+02
3.220309092998504639e+02
3.248995091915130615e+02
3.276590254306793213e+02
3.304724397659301758e+02
3.332684404850006104e+02
3.360697464942932129e+02
3.389125442504882812e+02
3.417025284767150879e+02
3.445055210590362549e+02
3.473626184463500977e+02
3.501515998840332031e+02
3.529881026744842529e+02
3.557757525444030762e+02
3.585187027454376221e+02
3.612317292690277100e+02
3.640086903572082520e+02
3.667380335330963135e+02
3.695100169181823730e+02
3.722680022716522217e+02
3.750664055347442627e+02
3.778535330295562744e+02
3.807096834182739258e+02
3.834546682834625244e+02
3.862196741104125977e+02
3.890757050514221191e+02
3.918738179206848145e+02
3.949710192680358887e+02
3.983428585529327393e+02
4.013990316390991211e+02
4.042630681991577148e+02
4.074573230743408203e+02
4.106172714233398438e+02
4.145079164505004883e+02
4.184507789611816406e+02
4.223505036830902100e+02
4.264746420383453369e+02
4.304252791404724121e+02
4.356928584575653076e+02
4.409226994514465332e+02
4.463351402282714844e+02
4.517236566543579102e+02
4.571110532283782959e+02
4.627193417549133301e+02
4.681281299591064453e+02
4.734564039707183838e+02
4.790559895038604736e+02
4.844657230377197266e+02
4.896228301525115967e+02
4.948762586116790771e+02
5.004850463867187500e+02
5.060964384078979492e+02
5.113070080280303955e+02
5.169970622062683105e+02
5.224557709693908691e+02
5.277007339000701904e+02
5.329179737567901611e+02
5.385149042606353760e+02
5.437844982147216797e+02
5.491851282119750977e+02
5.545684928894042969e+02
5.596967360973358154e+02
5.647817974090576172e+02
5.698657732009887695e+02
5.752289962768554688e+02
5.804377532005310059e+02
5.856985073089599609e+02
5.909707937240600586e+02
5.964586830139160156e+02
6.016305227279663086e+02
6.067510414123535156e+02
6.119092617034912109e+02
6.176908562183380127e+02
6.229129118919372559e+02
6.283902702331542969e+02
6.331962106227874756e+02
6.384974827766418457e+02
6.438469088077545166e+02
6.490221526622772217e+02
6.539621112346649170e+02
6.591248676776885986e+02
6.644159047603607178e+02
6.692814803123474121e+02
6.739634704589843750e+02
6.789613091945648193e+02
6.848460755348205566e+02
6.897678060531616211e+02
