3.014031648635864258e+00
5.600751638412475586e+00
8.189858675003051758e+00
1.080817198753356934e+01
1.338329815864562988e+01
1.596923279762268066e+01
1.853504490852355957e+01
2.117058825492858887e+01
2.370672154426574707e+01
2.623944067955017090e+01
2.886720418930053711e+01
3.147994327545166016e+01
3.410035586357116699e+01
3.674523663520812988e+01
3.935501170158386230e+01
4.196185278892517090e+01
4.456370353698730469e+01
4.724260711669921875e+01
5.034896636009216309e+01
5.296630406379699707e+01
5.554114818572998047e+01
5.811757516860961914e+01
6.074252676963806152e+01
6.337738680839538574e+01
6.598924398422241211e+01
6.863299322128295898e+01
7.123688077926635742e+01
7.380417490005493164e+01
7.636999917030334473e+01
7.895183634757995605e+01
8.160720348358154297e+01
8.426310420036315918e+01
8.682391238212585449e+01
8.942847704887390137e+01
9.205134201049804688e+01
9.463117623329162598e+01
9.726050519943237305e+01
9.997238659858703613e+01
1.025522079467773438e+02
1.051451246738433838e+02
1.077269732952117920e+02
1.103628344535827637e+02
1.129556777477264404e+02
1.155538678169250488e+02
1.182144432067871094e+02
1.209291889667510986e+02
1.235816085338592529e+02
1.261923346519470215e+02
1.287941851615905762e+02
1.313820250034332275e+02
1.339608581066131592e+02
1.365686223506927490e+02
1.391594648361206055e+02
1.417713088989257812e+02
1.443941736221313477e+02
1.469760093688964844e+02
1.495308258533477783e+02
1.522147345542907715e+02
1.548265910148620605e+02
1.575292072296142578e+02
1.600792219638824463e+02
1.626970696449279785e+02
1.653060135841369629e+02
1.679563701152801514e+02
1.705231111049652100e+02
1.731324284076690674e+02
1.756842432022094727e+02
1.782580733299255371e+02
1.808409092426300049e+02
1.834887921810150146e+02
1.860556173324584961e+02
1.887032754421234131e+02
1.914182763099670410e+02
1.939931199550628662e+02
1.965893812179565430e+02
1.992039053440093994e+02
2.017617235183715820e+02
2.043330750465393066e+02
2.069174203872680664e+02
2.095587995052337646e+02
2.121963136196136475e+02
2.147881429195404053e+02
2.174569768905639648e+02
2.204651126861572266e+02
2.237020876407623291e+02
2.269896092414855957e+02
2.302739439010620117e+02
2.336788227558135986e+02
2.371302769184112549e+02
2.404490563869476318e+02
2.437014658451080322e+02
2.464752230644226074e+02
2.492822189331054688e+02
2.520512681007385254e+02
2.549854986667633057e+02
2.578275191783905029e+02
2.606290042400360107e+02
2.634285252094268799e+02
2.662241809368133545e+02
2.690701913833618164e+02
2.719116368293762207e+02
2.747056252956390381e+02
2.776248903274536133e+02
2.804918892383575439e+02
2.832737686634063721e+02
2.861821901798248291e+02
2.889947137832641602e+02
2.918427526950836182e+02
2.947113227844238281e+02
2.975575032234191895e+02
3.006007614135742188e+02
3.035009071826934814e+02
3.063507051467895508e+02
3.091724083423614502e+02
3.120659103393554688e+02
3.148612928390502930e+02
3.179774191379547119e+02
3.209063706398010254e+02
3.237329900264739990e+02
3.266220579147338867e+02
3.294481160640716553e+02
3.322670724391937256e+02
3.351730480194091797e+02
3.380203115940093994e+02
3.407667734622955322e+02
3.434767606258392334e+02
3.461352365016937256e+02
3.488349654674530029e+02
3.520196628570556641e+02
3.547775740623474121e+02
3.574401779174804688e+02
3.601215426921844482e+02
3.627553598880767822e+02
3.654363780021667480e+02
3.680442647933959961e+02
3.705810678005218506e+02
3.732064297199249268e+02
3.758420627117156982e+02
3.784590094089508057e+02
3.810493302345275879e+02
3.836571841239929199e+02
3.863098297119140625e+02
3.889396996498107910e+02
3.915465531349182129e+02
3.941644151210784912e+02
3.968383157253265381e+02
3.994801936149597168e+02
4.021320858001708984e+02
4.047088520526885986e+02
4.073069429397583008e+02
4.099007868766784668e+02
4.125320389270782471e+02
4.151733920574188232e+02
4.178460137844085693e+02
4.204838895797729492e+02
4.231617934703826904e+02
4.257419369220733643e+02
4.283610420227050781e+02
4.309598770141601562e+02
4.335557348728179932e+02
4.361358609199523926e+02
4.388146200180053711e+02
4.414024600982666016e+02
4.440003194808959961e+02
4.465765564441680908e+02
4.493277990818023682e+02
4.522191112041473389e+02
4.550730469226837158e+02
4.578755695819854736e+02
4.606929719448089600e+02
4.633167529106140137e+02
4.673766403198242188e+02
4.706284630298614502e+02
4.733668949604034424e+02
4.760078389644622803e+02
4.785729410648345947e+02
4.812003502845764160e+02
4.838272180557250977e+02
4.863841633796691895e+02
4.889802062511444092e+02
4.916157715320587158e+02
4.941693425178527832e+02
4.967189586162567139e+02
4.992619321346282959e+02
5.018305025100708008e+02
5.044304678440093994e+02
5.069827716350555420e+02
5.095594375133514404e+02
5.121567807197570801e+02
5.147025778293609619e+02
5.173059573173522949e+02
5.198368852138519287e+02
5.224431500434875488e+02
5.249969010353088379e+02
5.275278813838958740e+02
5.300815541744232178e+02
5.326971673965454102e+02
5.353148620128631592e+02
5.379687488079071045e+02
5.405368041992187500e+02
