2.848011493682861328e+00
5.342797994613647461e+00
7.826564788818359375e+00
1.023026013374328613e+01
1.272104406356811523e+01
1.516678857803344727e+01
1.766054320335388184e+01
2.011328697204589844e+01
2.260307168960571289e+01
2.509082627296447754e+01
2.755557870864868164e+01
3.002034401893615723e+01
3.248009204864501953e+01
3.509894275665283203e+01
3.776985359191894531e+01
4.028763127326965332e+01
4.316067433357238770e+01
4.597367382049560547e+01
4.862756109237670898e+01
5.163269805908203125e+01
5.455577635765075684e+01
5.730574560165405273e+01
6.004568982124328613e+01
6.291271805763244629e+01
6.586781954765319824e+01
6.888197898864746094e+01
7.190411186218261719e+01
7.491525292396545410e+01
7.775827312469482422e+01
8.080644059181213379e+01
8.392165660858154297e+01
8.690477681159973145e+01
8.968176484107971191e+01
9.236267042160034180e+01
9.490647840499877930e+01
9.742026591300964355e+01
9.995605635643005371e+01
1.024568812847137451e+02
1.052979006767272949e+02
1.082650115489959717e+02
1.112311205863952637e+02
1.141531972885131836e+02
1.170532593727111816e+02
1.204897024631500244e+02
1.235718944072723389e+02
1.265620200634002686e+02
1.295181217193603516e+02
1.322300505638122559e+02
1.351521279811859131e+02
1.381092305183410645e+02
1.410743384361267090e+02
1.441104969978332520e+02
1.470676000118255615e+02
1.500116932392120361e+02
1.529437775611877441e+02
1.559299168586730957e+02
1.588940081596374512e+02
1.616459658145904541e+02
1.644909877777099609e+02
1.671578838825225830e+02
1.696416623592376709e+02
1.720343511104583740e+02
1.744931120872497559e+02
1.769758646488189697e+02
1.794366273880004883e+02
1.818893706798553467e+02
1.843711354732513428e+02
1.869019222259521484e+02
1.892265753746032715e+02
1.915812501907348633e+02
1.939409391880035400e+02
1.963676521778106689e+02
1.987483580112457275e+02
2.011460504531860352e+02
2.036538467407226562e+02
2.060745689868927002e+02
2.084872698783874512e+02
2.108719654083251953e+02
2.133187332153320312e+02
2.161787381172180176e+02
2.185944690704345703e+02
2.210692157745361328e+02
2.234659333229064941e+02
2.257965767383575439e+02
2.282343101501464844e+02
2.306060090065002441e+02
2.329836993217468262e+02
2.354984748363494873e+02
2.378421411514282227e+02
2.403889520168304443e+02
2.427856562137603760e+02
2.452484674453735352e+02
2.476942064762115479e+02
2.501209321022033691e+02
2.525596659183502197e+02
2.550004010200500488e+02
2.574121158123016357e+02
2.598028159141540527e+02
2.621925573348999023e+02
2.646252732276916504e+02
2.669789590835571289e+02
2.693706469535827637e+02
2.718449089527130127e+02
2.742646284103393555e+02
2.768124725818634033e+02
2.792832293510437012e+02
2.817189731597900391e+02
2.841777095794677734e+02
2.866464643478393555e+02
2.890721890926361084e+02
2.915449593067169189e+02
2.939926877021789551e+02
2.964604432582855225e+02
2.988911707401275635e+02
3.013359098434448242e+02
3.037636346817016602e+02
3.061723473072052002e+02
3.085880651473999023e+02
3.110338168144226074e+02
3.135355842113494873e+02
3.159202785491943359e+02
3.183009719848632812e+02
3.206796624660491943e+02
3.231193978786468506e+02
3.254731240272521973e+02
3.278478124141693115e+02
3.302205119132995605e+02
3.326502270698547363e+02
3.350219264030456543e+02
3.374216501712799072e+02
3.398063578605651855e+02
3.421650357246398926e+02
3.445067508220672607e+02
3.468514051437377930e+02
3.492371134757995605e+02
3.515637562274932861e+02
3.539684660434722900e+02
3.563151338100433350e+02
3.586728103160858154e+02
3.610565052032470703e+02
3.633821589946746826e+02
3.659250133037567139e+02
3.682537555694580078e+02
3.705984230041503906e+02
3.730051465034484863e+02
3.753778352737426758e+02
3.777585270404815674e+02
3.801342029571533203e+02
3.824908914566040039e+02
3.848415503501892090e+02
3.872682769298553467e+02
3.896960027217864990e+02
3.921377518177032471e+02
3.948316533565521240e+02
3.975475845336914062e+02
4.004726643562316895e+02
4.034387731552124023e+02
4.064098861217498779e+02
4.093129501342773438e+02
4.120939269065856934e+02
4.148959195613861084e+02
4.177839727401733398e+02
4.206910395622253418e+02
4.235901010036468506e+02
4.265452032089233398e+02
4.294282517433166504e+02
4.324634103775024414e+02
4.354455299377441406e+02
4.384716823101043701e+02
4.412486703395843506e+02
4.437804560661315918e+02
4.462932555675506592e+02
4.487880175113677979e+02
4.513358280658721924e+02
4.538175928592681885e+02
4.563994290828704834e+02
4.591543874740600586e+02
4.617382385730743408e+02
4.642790312767028809e+02
4.667778205871582031e+02
4.693066053390502930e+02
4.718125991821289062e+02
4.743383936882019043e+02
4.768454263210296631e+02
4.792631587982177734e+02
4.816748738288879395e+02
4.841916496753692627e+02
4.885257318019866943e+02
4.912303342819213867e+02
4.938662226200103760e+02
4.963700020313262939e+02
4.989215257167816162e+02
5.015934128761291504e+02
5.041803948879241943e+02
5.066589679718017578e+02
5.091607463359832764e+02
5.116755475997924805e+02
5.141639842987060547e+02
5.167724773883819580e+02
5.193855907917022705e+02
