1.709401793777942657e-02
1.587301678955554962e-02
1.831501908600330353e-02
1.953602023422718048e-02
1.709401793777942657e-02
2.442002482712268829e-02
8.547008968889713287e-03
2.319902367889881134e-02
1.587301678955554962e-02
2.319902367889881134e-02
1.953602023422718048e-02
2.808302827179431915e-02
2.442002482712268829e-02
4.273504391312599182e-02
3.418803587555885315e-02
3.785103932023048401e-02
5.860805884003639221e-02
5.616605654358863831e-02
5.006105080246925354e-02
6.105006113648414612e-02
7.203907519578933716e-02
8.669108897447586060e-02
1.037851050496101379e-01
9.035409241914749146e-02
1.221001222729682922e-01
1.355311423540115356e-01
1.282051354646682739e-01
1.575091630220413208e-01
1.697191745042800903e-01
1.672771722078323364e-01
2.002442032098770142e-01
1.965811997652053833e-01
2.136752158403396606e-01
2.161172181367874146e-01
2.625152766704559326e-01
2.661782801151275635e-01
2.735042870044708252e-01
2.881563007831573486e-01
2.881563007831573486e-01
3.015873134136199951e-01
3.089133203029632568e-01
3.076923191547393799e-01
3.553113639354705811e-01
3.748473823070526123e-01
3.675213754177093506e-01
4.017094075679779053e-01
3.809523880481719971e-01
4.273504316806793213e-01
4.163614213466644287e-01
4.236874282360076904e-01
4.383394420146942139e-01
4.432234466075897217e-01
4.786324799060821533e-01
4.395604431629180908e-01
4.688644707202911377e-01
4.774114787578582764e-01
4.993894994258880615e-01
4.993894994258880615e-01
5.164835453033447266e-01
5.250305533409118652e-01
5.103785395622253418e-01
5.311355590820312500e-01
5.360195636749267578e-01
5.372405648231506348e-01
5.299145579338073730e-01
5.494505763053894043e-01
5.677655935287475586e-01
5.897436141967773438e-01
5.726495981216430664e-01
5.897436141967773438e-01
5.653235912322998047e-01
5.628815889358520508e-01
6.056166291236877441e-01
5.958486199378967285e-01
5.787546038627624512e-01
6.141636371612548828e-01
6.105006337165832520e-01
6.031746268272399902e-01
6.117216348648071289e-01
6.288156509399414062e-01
6.568986773490905762e-01
6.520146727561950684e-01
6.434676647186279297e-01
6.336996555328369141e-01
6.288156509399414062e-01
6.642246842384338379e-01
6.300366520881652832e-01
6.678876876831054688e-01
6.739926934242248535e-01
6.752136945724487305e-01
6.800976991653442383e-01
6.581196784973144531e-01
6.617826819419860840e-01
6.800976991653442383e-01
6.752136945724487305e-01
6.739926934242248535e-01
6.715506911277770996e-01
6.764346957206726074e-01
6.910867094993591309e-01
7.045177221298217773e-01
7.264957427978515625e-01
6.825397014617919922e-01
7.081807255744934082e-01
7.081807255744934082e-01
6.984127163887023926e-01
6.898657083511352539e-01
7.240537405014038086e-01
7.216117382049560547e-01
7.032967209815979004e-01
7.362637519836425781e-01
7.228327393531799316e-01
7.216117382049560547e-01
7.277167439460754395e-01
7.399267554283142090e-01
7.313797473907470703e-01
7.252747416496276855e-01
7.448107600212097168e-01
7.399267554283142090e-01
7.423687577247619629e-01
7.533577680587768555e-01
7.423687577247619629e-01
7.448107600212097168e-01
7.545787692070007324e-01
7.680097818374633789e-01
7.606837749481201172e-01
7.716727852821350098e-01
7.960928082466125488e-01
7.594627737998962402e-01
7.619047760963439941e-01
7.643467783927917480e-01
7.484737634658813477e-01
7.631257772445678711e-01
7.643467783927917480e-01
7.973138093948364258e-01
7.912088036537170410e-01
7.924298048019409180e-01
7.973138093948364258e-01
7.924298048019409180e-01
7.851037979125976562e-01
7.753357887268066406e-01
7.912088036537170410e-01
7.924298048019409180e-01
7.887668013572692871e-01
8.070818185806274414e-01
7.973138093948364258e-01
8.009768128395080566e-01
8.021978139877319336e-01
7.838827967643737793e-01
8.266178369522094727e-01
8.070818185806274414e-01
8.119658231735229492e-01
8.241758346557617188e-01
8.021978139877319336e-01
8.205128312110900879e-01
8.034188151359558105e-01
8.009768128395080566e-01
7.997558116912841797e-01
8.266178369522094727e-01
8.095238208770751953e-01
8.083028197288513184e-01
8.107448220252990723e-01
8.327228426933288574e-01
8.339438438415527344e-01
8.302808403968811035e-01
8.192918300628662109e-01
8.266178369522094727e-01
8.376068472862243652e-01
8.119658231735229492e-01
8.620268702507019043e-01
8.315018415451049805e-01
8.437118530273437500e-01
8.412698507308959961e-01
8.253968358039855957e-01
8.461538553237915039e-01
8.461538553237915039e-01
8.498168587684631348e-01
8.388278484344482422e-01
8.315018415451049805e-01
8.412698507308959961e-01
8.400488495826721191e-01
8.485958576202392578e-01
8.620268702507019043e-01
8.461538553237915039e-01
8.437118530273437500e-01
8.437118530273437500e-01
8.571428656578063965e-01
8.498168587684631348e-01
8.388278484344482422e-01
8.522588610649108887e-01
8.278388381004333496e-01
8.412698507308959961e-01
8.583638668060302734e-01
8.571428656578063965e-01
8.559218645095825195e-01
8.571428656578063965e-01
8.461538553237915039e-01
8.644688725471496582e-01
8.681318759918212891e-01
8.705738782882690430e-01
8.681318759918212891e-01
