8.547008968889713287e-03
1.343101356178522110e-02
9.768010117113590240e-03
1.953602023422718048e-02
1.587301678955554962e-02
2.075702138245105743e-02
1.953602023422718048e-02
1.953602023422718048e-02
2.075702138245105743e-02
2.442002482712268829e-02
2.686202712357044220e-02
2.442002482712268829e-02
2.564102597534656525e-02
3.663003817200660706e-02
3.540903702378273010e-02
3.785103932023048401e-02
4.395604506134986877e-02
5.494505539536476135e-02
7.326007634401321411e-02
8.058608323335647583e-02
9.523809701204299927e-02
9.890110045671463013e-02
1.367521435022354126e-01
1.147741153836250305e-01
1.282051354646682739e-01
1.294261366128921509e-01
1.599511653184890747e-01
1.782661825418472290e-01
1.550671607255935669e-01
1.868131905794143677e-01
1.916971951723098755e-01
2.063492089509963989e-01
2.087912112474441528e-01
2.100122123956680298e-01
2.319902330636978149e-01
2.576312720775604248e-01
2.625152766704559326e-01
2.686202824115753174e-01
2.893773019313812256e-01
3.101343214511871338e-01
3.028083145618438721e-01
3.101343214511871338e-01
3.211233317852020264e-01
3.064713180065155029e-01
3.443223536014556885e-01
3.199023306369781494e-01
3.357753455638885498e-01
3.589743673801422119e-01
3.663003742694854736e-01
3.992674052715301514e-01
3.833943903446197510e-01
4.041514098644256592e-01
3.980464041233062744e-01
3.919413983821868896e-01
4.078144133090972900e-01
4.310134351253509521e-01
4.139194190502166748e-01
4.468864500522613525e-01
4.224664270877838135e-01
4.407814443111419678e-01
4.493284523487091064e-01
4.310134351253509521e-01
4.896214902400970459e-01
4.664224684238433838e-01
4.713064730167388916e-01
5.115995407104492188e-01
5.164835453033447266e-01
5.042735338211059570e-01
5.079365372657775879e-01
5.164835453033447266e-01
5.201465487480163574e-01
5.274725556373596191e-01
5.238095521926879883e-01
5.274725556373596191e-01
5.396825671195983887e-01
5.433455705642700195e-01
5.470085740089416504e-01
5.628815889358520508e-01
5.445665717124938965e-01
5.433455705642700195e-01
5.689865946769714355e-01
5.665445923805236816e-01
5.897436141967773438e-01
5.677655935287475586e-01
5.860806107521057129e-01
6.178266406059265137e-01
6.092796325683593750e-01
6.349206566810607910e-01
6.202686429023742676e-01
6.434676647186279297e-01
6.031746268272399902e-01
6.336996555328369141e-01
6.166056394577026367e-01
6.275946497917175293e-01
6.105006337165832520e-01
6.129426360130310059e-01
6.361416578292846680e-01
6.288156509399414062e-01
6.459096670150756836e-01
6.556776762008666992e-01
6.495726704597473145e-01
6.373626589775085449e-01
6.862027049064636230e-01
6.813187003135681152e-01
6.678876876831054688e-01
6.752136945724487305e-01
6.532356739044189453e-01
6.788766980171203613e-01
6.996337175369262695e-01
6.910867094993591309e-01
6.971917152404785156e-01
6.996337175369262695e-01
6.984127163887023926e-01
7.240537405014038086e-01
7.081807255744934082e-01
6.898657083511352539e-01
7.069597244262695312e-01
7.155067324638366699e-01
7.081807255744934082e-01
7.032967209815979004e-01
7.277167439460754395e-01
7.155067324638366699e-01
7.252747416496276855e-01
7.081807255744934082e-01
7.216117382049560547e-01
7.142857313156127930e-01
7.191697359085083008e-01
7.301587462425231934e-01
7.557997703552246094e-01
7.289377450942993164e-01
7.350427508354187012e-01
7.374847531318664551e-01
7.509157657623291016e-01
7.545787692070007324e-01
7.435897588729858398e-01
7.423687577247619629e-01
7.472527623176574707e-01
7.484737634658813477e-01
7.777777910232543945e-01
7.374847531318664551e-01
7.594627737998962402e-01
7.863247990608215332e-01
7.619047760963439941e-01
7.533577680587768555e-01
7.619047760963439941e-01
7.997558116912841797e-01
7.728937864303588867e-01
7.448107600212097168e-01
7.924298048019409180e-01
7.838827967643737793e-01
7.777777910232543945e-01
7.826617956161499023e-01
7.851037979125976562e-01
7.875458002090454102e-01
7.851037979125976562e-01
7.924298048019409180e-01
7.948718070983886719e-01
7.948718070983886719e-01
8.009768128395080566e-01
7.960928082466125488e-01
8.021978139877319336e-01
7.948718070983886719e-01
7.912088036537170410e-01
7.960928082466125488e-01
8.119658231735229492e-01
8.290598392486572266e-01
8.327228426933288574e-01
8.168498277664184570e-01
8.315018415451049805e-01
8.131868243217468262e-01
8.021978139877319336e-01
8.180708289146423340e-01
8.034188151359558105e-01
8.058608174324035645e-01
8.363858461380004883e-01
8.339438438415527344e-01
8.095238208770751953e-01
8.229548335075378418e-01
8.278388381004333496e-01
8.253968358039855957e-01
8.156288266181945801e-01
8.168498277664184570e-01
8.376068472862243652e-01
8.363858461380004883e-01
8.376068472862243652e-01
8.266178369522094727e-01
8.461538553237915039e-01
8.510378599166870117e-01
8.510378599166870117e-01
8.559218645095825195e-01
8.278388381004333496e-01
8.681318759918212891e-01
8.363858461380004883e-01
8.424908518791198730e-01
8.424908518791198730e-01
8.424908518791198730e-01
8.498168587684631348e-01
8.620268702507019043e-01
8.449328541755676270e-01
8.473748564720153809e-01
