1.466275658458471298e-02
1.612903177738189697e-02
8.797653950750827789e-03
1.173020526766777039e-02
1.906158402562141418e-02
1.759530790150165558e-02
1.612903364002704620e-02
1.906158402562141418e-02
1.173020526766777039e-02
1.466275658458471298e-02
1.612903177738189697e-02
1.906158402562141418e-02
1.466275565326213837e-02
1.319648139178752899e-02
1.759530790150165558e-02
1.026392914354801178e-02
1.612903177738189697e-02
1.612903177738189697e-02
1.466275658458471298e-02
1.466275658458471298e-02
1.612903177738189697e-02
2.199413441121578217e-02
1.026392914354801178e-02
1.319648139178752899e-02
1.759530603885650635e-02
1.026392914354801178e-02
2.052785828709602356e-02
1.759530790150165558e-02
1.759530790150165558e-02
1.906158216297626495e-02
2.639296278357505798e-02
1.319648046046495438e-02
1.026392914354801178e-02
2.199413441121578217e-02
1.906158402562141418e-02
2.639296464622020721e-02
2.199413627386093140e-02
8.797653950750827789e-03
8.797653950750827789e-03
1.612903177738189697e-02
1.319648139178752899e-02
1.759530790150165558e-02
1.906158402562141418e-02
1.906158402562141418e-02
2.199413441121578217e-02
5.865102633833885193e-03
1.466275751590728760e-02
1.319648139178752899e-02
1.906158402562141418e-02
2.052785828709602356e-02
2.639296092092990875e-02
1.906158402562141418e-02
2.346041053533554077e-02
2.346041053533554077e-02
1.466275751590728760e-02
1.906158402562141418e-02
2.932551130652427673e-02
2.052785828709602356e-02
2.346041053533554077e-02
1.759530603885650635e-02
1.759530790150165558e-02
2.785923704504966736e-02
1.906158402562141418e-02
1.906158402562141418e-02
2.639296278357505798e-02
2.639296092092990875e-02
2.492668665945529938e-02
3.665689006447792053e-02
4.252199828624725342e-02
3.372434154152870178e-02
4.545454308390617371e-02
3.372433781623840332e-02
3.958944231271743774e-02
3.519061580300331116e-02
2.785923890769481659e-02
3.079178743064403534e-02
3.519061580300331116e-02
5.425219982862472534e-02
4.838709533214569092e-02
3.519061580300331116e-02
7.184750586748123169e-02
5.571848154067993164e-02
8.211143314838409424e-02
6.891495734453201294e-02
8.944281935691833496e-02
9.384164214134216309e-02
7.771260291337966919e-02
1.129032149910926819e-01
9.237535297870635986e-02
1.099706739187240601e-01
1.392961889505386353e-01
1.334310770034790039e-01
1.260997205972671509e-01
1.744868010282516479e-01
1.950146555900573730e-01
1.642228811979293823e-01
1.759530752897262573e-01
2.052785754203796387e-01
1.832844465970993042e-01
1.964809298515319824e-01
2.008797824382781982e-01
2.184750735759735107e-01
2.052786052227020264e-01
2.155425250530242920e-01
2.419354915618896484e-01
2.404692023992538452e-01
2.551319599151611328e-01
2.434017658233642578e-01
2.756598293781280518e-01
2.668621838092803955e-01
2.903225719928741455e-01
2.947213947772979736e-01
2.873900532722473145e-01
3.284457027912139893e-01
2.903226017951965332e-01
2.697947323322296143e-01
3.064515888690948486e-01
3.577712476253509521e-01
3.299120068550109863e-01
3.475072979927062988e-01
3.269794583320617676e-01
3.255131840705871582e-01
3.577712774276733398e-01
3.211143612861633301e-01
3.768328428268432617e-01
3.269794583320617676e-01
3.504398763179779053e-01
3.548386991024017334e-01
3.812316954135894775e-01
4.002932906150817871e-01
3.592375516891479492e-01
3.841642141342163086e-01
3.988269865512847900e-01
4.017595350742340088e-01
3.973607122898101807e-01
4.032258391380310059e-01
4.090909063816070557e-01
4.017595648765563965e-01
4.032258093357086182e-01
4.164223074913024902e-01
4.046920835971832275e-01
4.516129195690155029e-01
4.193548560142517090e-01
4.413489699363708496e-01
4.413489699363708496e-01
4.340175688266754150e-01
4.545454680919647217e-01
4.442815184593200684e-01
4.516129195690155029e-01
4.736070334911346436e-01
4.750733375549316406e-01
4.648093879222869873e-01
4.618768393993377686e-01
4.648093879222869873e-01
4.618768095970153809e-01
5.131964683532714844e-01
4.589442610740661621e-01
4.838709533214569092e-01
4.618768393993377686e-01
5.058650970458984375e-01
4.750733077526092529e-01
4.809384047985076904e-01
4.794721305370330811e-01
4.853372275829315186e-01
4.926686286926269531e-01
4.956011772155761719e-01
5.175952911376953125e-01
4.941348731517791748e-01
4.941349029541015625e-01
5.278592109680175781e-01
5.073313713073730469e-01
5.000000000000000000e-01
5.219941139221191406e-01
5.043988227844238281e-01
5.337243676185607910e-01
5.161290168762207031e-01
5.337243080139160156e-01
5.190615653991699219e-01
5.249266624450683594e-01
5.175952911376953125e-01
5.571847558021545410e-01
5.469207763671875000e-01
5.293254852294921875e-01
5.381231307983398438e-01
5.381231307983398438e-01
5.615835189819335938e-01
5.454545021057128906e-01
5.219941139221191406e-01
5.586509704589843750e-01
5.175952911376953125e-01
5.791788697242736816e-01
5.791788697242736816e-01
5.601172447204589844e-01
5.718474984169006348e-01
5.703812241554260254e-01
5.733137130737304688e-01
6.041055321693420410e-01
5.586509704589843750e-01
5.865102410316467285e-01
5.791788101196289062e-01
