2.512562036514282227e+01
5.009988284111022949e+01
7.542004442214965820e+01
1.009657745361328125e+02
1.264380304813385010e+02
1.520082366466522217e+02
1.774888560771942139e+02
2.031027057170867920e+02
2.287588281631469727e+02
2.542541856765747070e+02
2.798765344619750977e+02
3.053912458419799805e+02
3.312556617259979248e+02
3.568191950321197510e+02
3.823588023185729980e+02
4.078465082645416260e+02
4.333418066501617432e+02
4.588877797126770020e+02
4.846300871372222900e+02
5.101736838817596436e+02
5.356383962631225586e+02
5.610787835121154785e+02
5.865663056373596191e+02
6.120865378379821777e+02
6.376084413528442383e+02
6.630138151645660400e+02
6.886116521358489990e+02
7.141203663349151611e+02
7.396042618751525879e+02
7.651167924404144287e+02
7.906678397655487061e+02
8.162130692005157471e+02
8.416655418872833252e+02
8.672196087837219238e+02
8.927402231693267822e+02
9.181150026321411133e+02
9.436162030696868896e+02
9.690506403446197510e+02
9.946144196987152100e+02
1.020274601936340332e+03
1.045857818126678467e+03
1.071347399234771729e+03
1.097082866191864014e+03
1.122644224166870117e+03
1.148073681592941284e+03
1.173608418226242065e+03
1.199152621984481812e+03
1.224712727785110474e+03
1.250255141973495483e+03
1.275764880657196045e+03
1.301266443014144897e+03
1.326732232093811035e+03
1.352314123153686523e+03
1.377794118642807007e+03
1.404014350175857544e+03
1.429596499919891357e+03
1.455109652996063232e+03
1.480710033178329468e+03
1.506223622083663940e+03
1.531757744312286377e+03
1.562374757051467896e+03
1.607870216846466064e+03
1.650650609254837036e+03
1.686629710197448730e+03
1.720618961095809937e+03
1.760807321071624756e+03
1.790075706481933594e+03
1.820091470479965210e+03
1.857538742780685425e+03
1.897578627109527588e+03
1.927067531108856201e+03
1.958451220989227295e+03
1.989824840307235718e+03
2.018656506299972534e+03
2.055422616243362427e+03
2.088214041233062744e+03
2.122780924081802368e+03
2.160920132637023926e+03
2.191370987415313721e+03
2.221178105831146240e+03
2.258736839294433594e+03
2.295056673765182495e+03
2.327057435274124146e+03
2.360501476526260376e+03
2.398402887821197510e+03
2.436494081735610962e+03
2.467421129703521729e+03
2.501978967428207397e+03
2.544706454515457153e+03
2.577779787302017212e+03
2.613185503244400024e+03
2.642405688285827637e+03
2.673285790443420410e+03
2.714286939382553101e+03
2.756028695821762085e+03
2.793973478317260742e+03
2.824760662555694580e+03
2.863910422801971436e+03
2.900263854265213013e+03
2.932430146217346191e+03
2.968597509145736694e+03
3.002615379571914673e+03
3.035195569515228271e+03
3.065622747659683228e+03
3.095101580858230591e+03
3.125364684343338013e+03
3.154539694786071777e+03
3.180690456867218018e+03
3.206558458566665649e+03
3.232497660398483276e+03
3.258373299121856689e+03
3.284230516195297241e+03
3.310134599208831787e+03
3.336024946928024292e+03
3.361847820281982422e+03
3.387846014499664307e+03
3.413701323032379150e+03
3.440218694210052490e+03
3.466208109378814697e+03
3.491876175642013550e+03
3.517519110441207886e+03
3.543163088083267212e+03
3.569081505537033081e+03
3.594826384544372559e+03
3.620628295421600342e+03
3.646374406337738037e+03
3.672084001302719116e+03
3.697728591918945312e+03
3.723291274785995483e+03
3.748923856258392334e+03
3.774461141109466553e+03
3.800082673788070679e+03
3.825776293039321899e+03
3.851449244022369385e+03
3.877095540761947632e+03
3.902954960584640503e+03
3.928884993076324463e+03
3.954594284296035767e+03
3.980256826877593994e+03
4.005980516672134399e+03
4.031698912382125854e+03
4.057423758268356323e+03
4.083200892686843872e+03
4.108910935640335083e+03
4.134664532899856567e+03
4.160392297744750977e+03
4.186080715656280518e+03
4.211722239971160889e+03
4.237401386976242065e+03
4.262951076745986938e+03
4.288646116256713867e+03
4.314398664712905884e+03
4.339999451637268066e+03
4.365542622327804565e+03
4.390998988866806030e+03
4.416609601259231567e+03
4.442165237665176392e+03
4.467757417440414429e+03
4.493305262804031372e+03
4.518842893838882446e+03
4.544383300065994263e+03
4.569927483797073364e+03
4.595518284320831299e+03
4.621029700517654419e+03
4.646671292543411255e+03
4.672192579269409180e+03
4.697769620180130005e+03
4.723324411630630493e+03
4.748838264226913452e+03
4.774364287853240967e+03
4.799948979616165161e+03
4.825513599634170532e+03
4.851086410999298096e+03
4.876542620420455933e+03
4.902037575960159302e+03
4.927622033834457397e+03
4.953213445425033569e+03
4.978763993024826050e+03
5.004305664539337158e+03
5.029822222232818604e+03
5.055374617576599121e+03
5.080953682422637939e+03
5.106466132402420044e+03
5.131993327856063843e+03
5.157472353219985962e+03
5.183022144794464111e+03
5.208654552698135376e+03
5.234203967094421387e+03
5.259728677272796631e+03
5.285255712747573853e+03
5.310805181503295898e+03
5.336330794811248779e+03
5.361924716472625732e+03
5.387441891431808472e+03
5.412953870058059692e+03
5.438532944917678833e+03
5.464048439025878906e+03
5.489583720922470093e+03
5.515030332088470459e+03
5.540540676355361938e+03
