2.522904229164123535e+01
5.082205986976623535e+01
7.639590668678283691e+01
1.019415888786315918e+02
1.275010316371917725e+02
1.530619065761566162e+02
1.786574141979217529e+02
2.042051923274993896e+02
2.298032834529876709e+02
2.553881981372833252e+02
2.813383967876434326e+02
3.069142472743988037e+02
3.326589384078979492e+02
3.582568376064300537e+02
3.837801766395568848e+02
4.093574838638305664e+02
4.348958146572113037e+02
4.604071950912475586e+02
4.858623199462890625e+02
5.113526701927185059e+02
5.368473887443542480e+02
5.623478350639343262e+02
5.878827657699584961e+02
6.134488589763641357e+02
6.390040962696075439e+02
6.645042340755462646e+02
6.900374448299407959e+02
7.155983624458312988e+02
7.411060521602630615e+02
7.666338593959808350e+02
7.921431448459625244e+02
8.176571986675262451e+02
8.432417635917663574e+02
8.687471568584442139e+02
8.942208936214447021e+02
9.197460763454437256e+02
9.453124148845672607e+02
9.708911533355712891e+02
9.963325719833374023e+02
1.021839107990264893e+03
1.047372834682464600e+03
1.072959637403488159e+03
1.098530723333358765e+03
1.123975013732910156e+03
1.149487080097198486e+03
1.175021514654159546e+03
1.200562243938446045e+03
1.226106179714202881e+03
1.251593091964721680e+03
1.277131993293762207e+03
1.302659587383270264e+03
1.328235787630081177e+03
1.353706437826156616e+03
1.379509335041046143e+03
1.404987681865692139e+03
1.430522931575775146e+03
1.456076088905334473e+03
1.481601084232330322e+03
1.507092427253723145e+03
1.532624940872192383e+03
1.558234577894210815e+03
1.583781535148620605e+03
1.609344760894775391e+03
1.634870173931121826e+03
1.660412938356399536e+03
1.685995216608047485e+03
1.711490000963211060e+03
1.737007615566253662e+03
1.762498018026351929e+03
1.788050028562545776e+03
1.813618508338928223e+03
1.839171054124832153e+03
1.864766769886016846e+03
1.890257390260696411e+03
1.915824981689453125e+03
1.941300784587860107e+03
1.966902568817138672e+03
1.992427245616912842e+03
2.018233371496200562e+03
2.043729725360870361e+03
2.069294931173324585e+03
2.094842062473297119e+03
2.120441964864730835e+03
2.146042633295059204e+03
2.171645875215530396e+03
2.197176653623580933e+03
2.222806476354598999e+03
2.248412804603576660e+03
2.273978367090225220e+03
2.299524083375930786e+03
2.325101233482360840e+03
2.350701424121856689e+03
2.376228048801422119e+03
2.401749129295349121e+03
2.427248975992202759e+03
2.452786182880401611e+03
2.478355241060256958e+03
2.503889325141906738e+03
2.529471046924591064e+03
2.555033405065536499e+03
2.580493545532226562e+03
2.606047790765762329e+03
2.631547645807266235e+03
2.657114931344985962e+03
2.682576978683471680e+03
2.708122211217880249e+03
2.733595411300659180e+03
2.759222281932830811e+03
2.784739883661270142e+03
2.810239669084548950e+03
2.835744359731674194e+03
2.861333383083343506e+03
2.886904556035995483e+03
2.912401726722717285e+03
2.937878608703613281e+03
2.963490476608276367e+03
2.989004166603088379e+03
3.014553448200225830e+03
3.040040076732635498e+03
3.065606384038925171e+03
3.091113353729248047e+03
3.116668421983718872e+03
3.142210975408554077e+03
3.167759093999862671e+03
3.193293821811676025e+03
3.218801419258117676e+03
3.244405648946762085e+03
3.269943686962127686e+03
3.295459855794906616e+03
3.320988544225692749e+03
3.346458434104919434e+03
3.372010203361511230e+03
3.397521093606948853e+03
3.423063845872879028e+03
3.448669625997543335e+03
3.474252133607864380e+03
3.499807512521743774e+03
3.525311155080795288e+03
3.550816580295562744e+03
3.576248318672180176e+03
3.601818006753921509e+03
3.627414911031723022e+03
3.652883935689926147e+03
3.678333405971527100e+03
3.703858077526092529e+03
3.729355328559875488e+03
3.754857093811035156e+03
3.780401689767837524e+03
3.805881682872772217e+03
3.831406332492828369e+03
3.856993375062942505e+03
3.882521864414215088e+03
3.908258622169494629e+03
3.933754661083221436e+03
3.959318413019180298e+03
3.984904927968978882e+03
4.010429847240447998e+03
4.036002791643142700e+03
4.061527863740921021e+03
4.087117680311203003e+03
4.112657762050628662e+03
4.138165786027908325e+03
4.163719508647918701e+03
4.189209577560424805e+03
4.214749695301055908e+03
4.240307265758514404e+03
4.265866113662719727e+03
4.291387380361557007e+03
4.316949909687042236e+03
4.342494280099868774e+03
4.368045326709747314e+03
4.393582437515258789e+03
4.419111405372619629e+03
4.444638836145401001e+03
4.470185098886489868e+03
4.495678752183914185e+03
4.521285161972045898e+03
4.546876919031143188e+03
4.572448433160781860e+03
4.597943679809570312e+03
4.623469120264053345e+03
4.649072919130325317e+03
4.674656526803970337e+03
4.700245806217193604e+03
4.725798975944519043e+03
4.751426669359207153e+03
4.776972079515457153e+03
4.802542569160461426e+03
4.828107527256011963e+03
4.853617296218872070e+03
4.879190825462341309e+03
4.904735103845596313e+03
4.930400235176086426e+03
4.955924151182174683e+03
4.981499036550521851e+03
5.007095014572143555e+03
5.032636452198028564e+03
5.058291331768035889e+03
5.083866681337356567e+03
5.109423581361770630e+03
