1.314730383455753326e-02
2.012342400848865509e-02
1.931848749518394470e-02
1.797692477703094482e-02
1.663536392152309418e-02
1.770861260592937469e-02
1.475717686116695404e-02
1.609873771667480469e-02
1.770861446857452393e-02
1.717198826372623444e-02
1.609873771667480469e-02
1.556211523711681366e-02
1.744030043482780457e-02
1.690367422997951508e-02
1.744030043482780457e-02
1.583042740821838379e-02
1.636705175042152405e-02
1.663536392152309418e-02
1.663536392152309418e-02
1.824523694813251495e-02
1.690367609262466431e-02
1.663536205887794495e-02
1.609873957931995392e-02
1.636705175042152405e-02
1.690367609262466431e-02
1.663536392152309418e-02
1.663536392152309418e-02
1.717198826372623444e-02
1.636705175042152405e-02
1.663536392152309418e-02
1.690367795526981354e-02
1.663536392152309418e-02
1.717198826372623444e-02
1.690367609262466431e-02
1.636705175042152405e-02
1.690367609262466431e-02
1.663536578416824341e-02
1.663536578416824341e-02
1.663536392152309418e-02
1.690367609262466431e-02
1.663536392152309418e-02
1.663536392152309418e-02
1.636705175042152405e-02
1.744030043482780457e-02
1.690367609262466431e-02
1.636705175042152405e-02
1.717198826372623444e-02
1.663536392152309418e-02
1.636705361306667328e-02
1.690367795526981354e-02
1.690367609262466431e-02
1.663536392152309418e-02
1.636705175042152405e-02
1.663536578416824341e-02
1.636705175042152405e-02
1.663536392152309418e-02
1.690367609262466431e-02
1.663536392152309418e-02
1.609874144196510315e-02
1.663536392152309418e-02
1.663536392152309418e-02
1.690367609262466431e-02
1.663536578416824341e-02
1.717198826372623444e-02
1.717198826372623444e-02
1.690367609262466431e-02
1.636705361306667328e-02
1.663536392152309418e-02
1.663536392152309418e-02
1.636705175042152405e-02
1.690367609262466431e-02
1.744030229747295380e-02
1.609873957931995392e-02
1.744030043482780457e-02
1.690367609262466431e-02
1.663536578416824341e-02
1.690367609262466431e-02
1.690367609262466431e-02
1.636705361306667328e-02
1.663536392152309418e-02
1.609874144196510315e-02
1.609873957931995392e-02
1.636705175042152405e-02
1.663536392152309418e-02
1.690367609262466431e-02
1.636705175042152405e-02
1.636705175042152405e-02
1.663536205887794495e-02
1.690367609262466431e-02
1.636705175042152405e-02
1.690367609262466431e-02
1.663536392152309418e-02
1.636705361306667328e-02
1.690367795526981354e-02
1.636705175042152405e-02
1.663536392152309418e-02
1.690367609262466431e-02
1.663536392152309418e-02
1.609873771667480469e-02
1.609873957931995392e-02
1.717198826372623444e-02
1.663536392152309418e-02
1.663536578416824341e-02
1.690367609262466431e-02
1.663536392152309418e-02
1.851355098187923431e-02
1.663536392152309418e-02
1.663536578416824341e-02
1.663536392152309418e-02
1.609873957931995392e-02
1.690367609262466431e-02
1.663536392152309418e-02
1.663536392152309418e-02
1.690367609262466431e-02
1.663536392152309418e-02
1.690367609262466431e-02
1.636705175042152405e-02
1.744030043482780457e-02
1.690367609262466431e-02
1.636705175042152405e-02
1.663536392152309418e-02
1.663536392152309418e-02
1.690367795526981354e-02
1.663536392152309418e-02
1.663536392152309418e-02
1.690367609262466431e-02
1.609873957931995392e-02
1.690367609262466431e-02
1.717199012637138367e-02
1.663536392152309418e-02
1.609873957931995392e-02
1.717199012637138367e-02
1.663536392152309418e-02
1.663536392152309418e-02
1.636705175042152405e-02
1.690367795526981354e-02
1.717199012637138367e-02
1.663536392152309418e-02
1.663536392152309418e-02
1.717199012637138367e-02
1.690367609262466431e-02
1.663536392152309418e-02
1.636705175042152405e-02
1.663536392152309418e-02
1.636705175042152405e-02
1.690367609262466431e-02
1.636705175042152405e-02
1.502549089491367340e-02
1.690367609262466431e-02
1.717199012637138367e-02
1.770861260592937469e-02
1.663536392152309418e-02
1.690367609262466431e-02
1.422055158764123917e-02
1.663536392152309418e-02
1.663536392152309418e-02
1.770861260592937469e-02
1.636705175042152405e-02
1.663536578416824341e-02
1.636705175042152405e-02
1.663536392152309418e-02
1.663536578416824341e-02
1.663536392152309418e-02
1.663536578416824341e-02
1.717198826372623444e-02
1.422055251896381378e-02
1.636705175042152405e-02
1.690367422997951508e-02
1.663536578416824341e-02
1.529380306601524353e-02
1.717198826372623444e-02
1.636705175042152405e-02
1.690367609262466431e-02
1.663536392152309418e-02
1.583042740821838379e-02
1.609873957931995392e-02
1.690367609262466431e-02
1.609873957931995392e-02
1.931848749518394470e-02
1.663536578416824341e-02
1.636705175042152405e-02
1.663536392152309418e-02
1.663536392152309418e-02
1.663536392152309418e-02
1.663536392152309418e-02
1.663536392152309418e-02
1.663536392152309418e-02
1.636705175042152405e-02
1.663536392152309418e-02
1.583042740821838379e-02
1.663536392152309418e-02
1.663536392152309418e-02
1.663536392152309418e-02
1.663536392152309418e-02
1.717198826372623444e-02
1.663536392152309418e-02
1.636705175042152405e-02
1.663536578416824341e-02
1.663536392152309418e-02
1.663536392152309418e-02
