1.773399114608764648e-02
1.510673109441995621e-02
1.904761977493762970e-02
1.806239597499370575e-02
1.609195396304130554e-02
1.674876734614372253e-02
1.773398928344249725e-02
2.068965695798397064e-02
1.642036251723766327e-02
1.477832533419132233e-02
1.839080452919006348e-02
2.364531904458999634e-02
1.871921122074127197e-02
2.068965509533882141e-02
2.364531904458999634e-02
2.528735622763633728e-02
2.791461162269115448e-02
3.546797856688499451e-02
4.958948865532875061e-02
5.911329761147499084e-02
7.027914375066757202e-02
8.834154158830642700e-02
9.261083602905273438e-02
9.786535054445266724e-02
1.205254569649696350e-01
1.399014741182327271e-01
1.444991827011108398e-01
1.691297143697738647e-01
1.924466192722320557e-01
2.029556632041931152e-01
2.183908224105834961e-01
2.403940856456756592e-01
2.568144500255584717e-01
2.919540107250213623e-01
2.942528724670410156e-01
3.155993223190307617e-01
3.234811425209045410e-01
3.415435254573822021e-01
3.520525395870208740e-01
3.474548459053039551e-01
3.691297173500061035e-01
3.822660148143768311e-01
3.809523582458496094e-01
3.934318423271179199e-01
3.993431627750396729e-01
4.180623888969421387e-01
4.170771539211273193e-01
4.410508573055267334e-01
4.318554997444152832e-01
4.532019197940826416e-01
4.509031176567077637e-01
4.558291733264923096e-01
4.660098254680633545e-01
4.650245904922485352e-01
4.866994619369506836e-01
4.748767912387847900e-01
4.893267154693603516e-01
4.811165332794189453e-01
4.870278835296630859e-01
5.165845155715942383e-01
5.027914643287658691e-01
5.031198263168334961e-01
5.129721164703369141e-01
5.165845155715942383e-01
5.175697207450866699e-01
5.149425268173217773e-01
5.346469283103942871e-01
5.346468687057495117e-01
5.310344696044921875e-01
5.346468687057495117e-01
5.632183551788330078e-01
5.257799029350280762e-01
5.599342584609985352e-01
5.461411476135253906e-01
5.628899335861206055e-01
5.579637885093688965e-01
5.513956546783447266e-01
5.628899335861206055e-01
5.717569589614868164e-01
5.632182955741882324e-01
5.711001157760620117e-01
5.852216482162475586e-01
5.760262012481689453e-01
5.747126340866088867e-01
5.825943946838378906e-01
5.891624689102172852e-01
5.822659134864807129e-01
5.885056853294372559e-01
5.819375514984130859e-01
5.799671411514282227e-01
5.983579158782958984e-01
5.917897820472717285e-01
6.078817248344421387e-01
5.911329388618469238e-01
6.052544713020324707e-01
5.970442295074462891e-01
5.960590243339538574e-01
6.039408445358276367e-01
6.213463544845581055e-01
6.220031976699829102e-01
6.193759441375732422e-01
6.206895709037780762e-01
6.177338957786560059e-01
6.141214370727539062e-01
6.177339553833007812e-01
6.256156563758850098e-01
6.249588727951049805e-01
6.311986446380615234e-01
6.298849582672119141e-01
6.200327873229980469e-01
6.288997530937194824e-01
6.229884624481201172e-01
6.226600408554077148e-01
6.298849582672119141e-01
6.305418014526367188e-01
6.367815732955932617e-01
6.436780691146850586e-01
6.328406333923339844e-01
6.338257789611816406e-01
6.535302996635437012e-01
6.344826221466064453e-01
6.371098756790161133e-01
6.426929235458374023e-01
6.377667784690856934e-01
6.495894789695739746e-01
6.620689034461975098e-01
6.384235620498657227e-01
6.380951404571533203e-01
6.623973250389099121e-01
6.653529405593872070e-01
6.538587212562561035e-01
6.440064907073974609e-01
6.591132283210754395e-01
6.518883109092712402e-01
6.574711799621582031e-01
6.564859747886657715e-01
6.505746245384216309e-01
6.440064907073974609e-01
6.574711799621582031e-01
6.679801940917968750e-01
6.689653992652893066e-01
6.765188574790954590e-01
6.646960973739624023e-01
6.597701311111450195e-01
6.574711799621582031e-01
6.725779175758361816e-01
6.620689034461975098e-01
6.663382053375244141e-01
6.666666269302368164e-01
6.745483279228210449e-01
6.775040626525878906e-01
6.732347011566162109e-01
6.801313161849975586e-01
6.656813621520996094e-01
6.725779175758361816e-01
6.650245785713195801e-01
6.761903762817382812e-01
6.686370372772216797e-01
6.821017265319824219e-01
6.666666269302368164e-01
6.824301481246948242e-01
6.788176298141479492e-01
6.742199659347534180e-01
6.689654588699340820e-01
6.784892678260803223e-01
6.765188574790954590e-01
6.906402707099914551e-01
6.824302673339843750e-01
6.837437748908996582e-01
6.771756410598754883e-01
6.863710284233093262e-01
6.761904358863830566e-01
6.847289800643920898e-01
6.811165809631347656e-01
6.857141256332397461e-01
6.949095726013183594e-01
6.847289800643920898e-01
6.866993904113769531e-01
6.916255354881286621e-01
6.886698603630065918e-01
6.863710880279541016e-01
6.794744729995727539e-01
6.962231993675231934e-01
6.922824382781982422e-01
6.689654588699340820e-01
6.830869317054748535e-01
6.866993904113769531e-01
6.886698603630065918e-01
6.949095726013183594e-01
6.909686923027038574e-01
6.817733049392700195e-01
6.978652477264404297e-01
6.935960054397583008e-01
6.988504528999328613e-01
6.949095726013183594e-01
6.939244270324707031e-01
6.850574016571044922e-01
6.965516805648803711e-01
7.073891162872314453e-01
6.945811510086059570e-01
