3.390408515930175781e+00
6.471096515655517578e+00
9.642875194549560547e+00
1.336051607131958008e+01
1.645821642875671387e+01
1.961996269226074219e+01
2.284425354003906250e+01
2.598848700523376465e+01
2.914673089981079102e+01
3.233901262283325195e+01
3.553727078437805176e+01
3.874105978012084961e+01
4.188933444023132324e+01
4.514114451408386230e+01
4.833541369438171387e+01
5.172860407829284668e+01
5.550678801536560059e+01
5.883065366744995117e+01
6.220705223083496094e+01
6.569503736495971680e+01
6.904641819000244141e+01
7.246085596084594727e+01
7.581523942947387695e+01
7.928070092201232910e+01
8.282371807098388672e+01
8.638124513626098633e+01
8.979266881942749023e+01
9.351131033897399902e+01
9.681681680679321289e+01
1.000921447277069092e+02
1.032769062519073486e+02
1.064866867065429688e+02
1.098630850315093994e+02
1.135927345752716064e+02
1.170486896038055420e+02
1.205867033004760742e+02
1.240036394596099854e+02
1.275821812152862549e+02
1.309435694217681885e+02
1.352456262111663818e+02
1.386375443935394287e+02
1.420279524326324463e+02
1.455254981517791748e+02
1.488318531513214111e+02
1.526915950775146484e+02
1.562286124229431152e+02
1.598046526908874512e+02
1.633736879825592041e+02
1.666695361137390137e+02
1.699938974380493164e+02
1.732847354412078857e+02
1.766306128501892090e+02
1.805744137763977051e+02
1.839878387451171875e+02
1.877004764080047607e+02
1.909057612419128418e+02
1.941710822582244873e+02
1.977256071567535400e+02
2.011010134220123291e+02
2.042802779674530029e+02
2.075375921726226807e+02
2.108224258422851562e+02
2.141367802619934082e+02
2.173035302162170410e+02
2.205103080272674561e+02
2.236655497550964355e+02
2.268353016376495361e+02
2.300455822944641113e+02
2.332338466644287109e+02
2.366727900505065918e+02
2.400862150192260742e+02
2.432854878902435303e+02
2.464792566299438477e+02
2.496655204296112061e+02
2.528467798233032227e+02
2.560430507659912109e+02
2.593288855552673340e+02
2.626247465610504150e+02
2.660741975307464600e+02
2.694385874271392822e+02
2.727814626693725586e+02
2.760868101119995117e+02
2.792545604705810547e+02
2.824323179721832275e+02
2.856916337013244629e+02
2.889834723472595215e+02
2.921582274436950684e+02
2.953970286846160889e+02
2.986423335075378418e+02
3.019631922245025635e+02
3.051524584293365479e+02
3.084102730751037598e+02
3.116698575019836426e+02
3.149576933383941650e+02
3.182395250797271729e+02
3.214878327846527100e+02
3.246630878448486328e+02
3.278738815784454346e+02
3.312868049144744873e+02
3.345501236915588379e+02
3.378269519805908203e+02
3.410372321605682373e+02
3.441812088489532471e+02
3.474145052433013916e+02
3.505877723693847656e+02
3.537655298709869385e+02
3.569417862892150879e+02
3.601330530643463135e+02
3.632958002090454102e+02
3.664940729141235352e+02
3.697754034996032715e+02
3.731142752170562744e+02
3.764246268272399902e+02
3.798645777702331543e+02
3.831674244403839111e+02
3.864634435176849365e+02
3.898328447341918945e+02
3.933733601570129395e+02
3.966887376308441162e+02
4.000896532535552979e+02
4.034220247268676758e+02
4.067343776226043701e+02
4.099611697196960449e+02
4.131789560317993164e+02
4.164237606525421143e+02
4.195870089530944824e+02
4.228423209190368652e+02
4.260521824359893799e+02
4.291954152584075928e+02
4.323371477127075195e+02
4.355309164524078369e+02
4.387141778469085693e+02
4.419014418125152588e+02
4.451512570381164551e+02
4.484721167087554932e+02
4.518084869384765625e+02
4.551848931312561035e+02
4.587459223270416260e+02
4.620352797508239746e+02
4.655112488269805908e+02
4.689457199573516846e+02
4.722855925559997559e+02
4.756284730434417725e+02
4.789668443202972412e+02
4.821696202754974365e+02
4.854179549217224121e+02
4.885721914768218994e+02
4.917839772701263428e+02
4.949922561645507812e+02
4.983496420383453369e+02
5.017220368385314941e+02
5.049843547344207764e+02
5.082736923694610596e+02
5.116305766105651855e+02
5.149664461612701416e+02
5.183357276916503906e+02
5.215635204315185547e+02
5.247978186607360840e+02
5.281627087593078613e+02
5.315741326808929443e+02
5.350480999946594238e+02
5.383919751644134521e+02
5.417618703842163086e+02
5.453232386112213135e+02
5.486145761013031006e+02
5.518643851280212402e+02
5.550886812210083008e+02
5.583640141487121582e+02
5.616248300075531006e+02
5.648961541652679443e+02
5.681559698581695557e+02
5.714488091468811035e+02
5.747411482334136963e+02
5.779544315338134766e+02
5.812007367610931396e+02
5.844400386810302734e+02
5.878249440193176270e+02
5.910317211151123047e+02
5.941924664974212646e+02
5.973777294158935547e+02
6.005554864406585693e+02
6.037712719440460205e+02
6.070285854339599609e+02
6.102863998413085938e+02
6.134966802597045898e+02
6.166814429759979248e+02
6.198451902866363525e+02
6.230484664440155029e+02
6.262892684936523438e+02
6.295055680274963379e+02
6.327078280448913574e+02
6.359151062965393066e+02
6.391078753471374512e+02
6.423086483478546143e+02
6.454929108619689941e+02
6.486931838989257812e+02
6.518859589099884033e+02
6.550862329006195068e+02
6.582860054969787598e+02
6.614427478313446045e+02
