3.497484683990478516e+00
6.490610837936401367e+00
9.531270980834960938e+00
1.252940082550048828e+01
1.556105446815490723e+01
1.852966332435607910e+01
2.147325444221496582e+01
2.459196996688842773e+01
2.758962893486022949e+01
3.193223667144775391e+01
3.539069461822509766e+01
3.889618444442749023e+01
4.193334150314331055e+01
4.505756092071533203e+01
4.818888258934020996e+01
5.119301652908325195e+01
5.429171824455261230e+01
5.732838702201843262e+01
6.039256358146667480e+01
6.349827003479003906e+01
6.651141166687011719e+01
6.952605199813842773e+01
7.261376333236694336e+01
7.567844009399414062e+01
7.871609807014465332e+01
8.175375723838806152e+01
8.478791189193725586e+01
8.779554891586303711e+01
9.081469297409057617e+01
9.378380274772644043e+01
9.676542091369628906e+01
9.978556656837463379e+01
1.028032097816467285e+02
1.058193531036376953e+02
1.088590121269226074e+02
1.118971703052520752e+02
1.149093105792999268e+02
1.179249525070190430e+02
1.209360918998718262e+02
1.239482314586639404e+02
1.269733810424804688e+02
1.299610030651092529e+02
1.330251801013946533e+02
1.360313155651092529e+02
1.390304458141326904e+02
1.420010812282562256e+02
1.450157227516174316e+02
1.480378694534301758e+02
1.511566128730773926e+02
1.542418742179870605e+02
1.572880384922027588e+02
1.603081843852996826e+02
1.634524171352386475e+02
1.664835705757141113e+02
1.694937162399291992e+02
1.724978506565093994e+02
1.754819874763488770e+02
1.784931261539459229e+02
1.814882543087005615e+02
1.845679419040679932e+02
1.877291882038116455e+02
1.907648441791534424e+02
1.938285210132598877e+02
1.969109237194061279e+02
2.001287097930908203e+02
2.033615064620971680e+02
2.063861551284790039e+02
2.094193096160888672e+02
2.124915146827697754e+02
2.157603373527526855e+02
2.188955640792846680e+02
2.219762525558471680e+02
2.250689496994018555e+02
2.281196172237396240e+02
2.312738580703735352e+02
2.344155902862548828e+02
2.378915593624114990e+02
2.411638839244842529e+02
2.444232499599456787e+02
2.474729175567626953e+02
2.504995675086975098e+02
2.536014614105224609e+02
2.570053791999816895e+02
2.601426081657409668e+02
2.631902744770050049e+02
2.663209972381591797e+02
2.693046171665191650e+02
2.725394151210784912e+02
2.757597024440765381e+02
2.787723431587219238e+02
2.817804799079895020e+02
2.848116335868835449e+02
2.878277761936187744e+02
2.908259062767028809e+02
2.938700683116912842e+02
2.968787057399749756e+02
2.998743338584899902e+02
3.028819706439971924e+02
3.060141961574554443e+02
3.090008172988891602e+02
3.120344722270965576e+02
3.150291004180908203e+02
3.180252280235290527e+02
3.210979113578796387e+02
3.240950400829315186e+02
3.271181881427764893e+02
3.302018787860870361e+02
3.332010095119476318e+02
3.362691888809204102e+02
3.392938380241394043e+02
3.423264923095703125e+02
3.453556442260742188e+02
3.484048104286193848e+02
3.514189515113830566e+02
3.544691638946533203e+02
3.574778013229370117e+02
3.605795052051544189e+02
3.636051545143127441e+02
3.666172947883605957e+02
3.696234300136566162e+02
3.727246334552764893e+02
3.758323552608489990e+02
3.789035470485687256e+02
3.819081811904907227e+02
3.849678544998168945e+02
3.880288634300231934e+02
3.910249953269958496e+02
3.940736625194549561e+02
3.972013902664184570e+02
4.002530581951141357e+02
4.032712025642395020e+02
4.065740702152252197e+02
4.096062245368957520e+02
4.127219371795654297e+02
4.157497365474700928e+02
4.188254222869873047e+02
4.219531452655792236e+02
4.250203232765197754e+02
4.281325645446777344e+02
4.314229021072387695e+02
4.345516242980957031e+02
4.378814990520477295e+02
4.409696929454803467e+02
4.440163571834564209e+02
4.470805337429046631e+02
4.500933306217193604e+02
4.531339912414550781e+02
4.561826651096343994e+02
4.592228245735168457e+02
4.627805581092834473e+02
4.658307251930236816e+02
4.688758888244628906e+02
4.719320595264434814e+02
4.749622125625610352e+02
4.780188915729522705e+02
4.810445411205291748e+02
4.842543210983276367e+02
4.873099920749664307e+02
4.903321385383605957e+02
4.933542854785919189e+02
4.964144604206085205e+02
4.996082291603088379e+02
5.029055714607238770e+02
5.059595689773559570e+02
5.090147442817687988e+02
5.120614085197448730e+02
5.150960643291473389e+02
5.181737511157989502e+02
5.212234175205230713e+02
5.242600743770599365e+02
5.272822215557098389e+02
5.303463985919952393e+02
5.333990676403045654e+02
5.364487340450286865e+02
5.395064058303833008e+02
5.425925981998443604e+02
5.456282551288604736e+02
5.487194514274597168e+02
5.517741210460662842e+02
5.548288104534149170e+02
5.579875545501708984e+02
5.610562367439270020e+02
5.640969166755676270e+02
5.672636673450469971e+02
5.703653702735900879e+02
5.733885176181793213e+02
5.766058032512664795e+02
5.796609737873077393e+02
5.826716125011444092e+02
5.856852533817291260e+02
5.888034965991973877e+02
5.921003382205963135e+02
5.951069886684417725e+02
5.981211302280426025e+02
6.011303403377532959e+02
6.041900138854980469e+02
6.072196660041809082e+02
6.102468163967132568e+02
6.132594568729400635e+02
6.162951133251190186e+02
