3.656598091125488281e+00
6.965448141098022461e+00
1.028281116485595703e+01
1.360116815567016602e+01
1.688750219345092773e+01
2.022937655448913574e+01
2.362931370735168457e+01
2.721366953849792480e+01
3.068721652030944824e+01
3.422873997688293457e+01
3.756260800361633301e+01
4.090448260307312012e+01
4.419081711769104004e+01
4.752968931198120117e+01
5.085905432701110840e+01
5.427147841453552246e+01
5.771692585945129395e+01
6.103153467178344727e+01
6.444570231437683105e+01
6.805727529525756836e+01
7.138613843917846680e+01
7.471900653839111328e+01
7.806938672065734863e+01
8.225285840034484863e+01
8.562225246429443359e+01
8.892810058593750000e+01
9.226046895980834961e+01
9.562886142730712891e+01
9.896072769165039062e+01
1.022538473606109619e+02
1.056795113086700439e+02
1.090962331295013428e+02
1.130955028533935547e+02
1.171734898090362549e+02
1.205844128131866455e+02
1.240538768768310547e+02
1.274888224601745605e+02
1.308196885585784912e+02
1.341390464305877686e+02
1.375439655780792236e+02
1.409003498554229736e+02
1.442907588481903076e+02
1.477422101497650146e+02
1.511201102733612061e+02
1.544624843597412109e+02
1.578013861179351807e+02
1.612833595275878906e+02
1.647263057231903076e+02
1.680601737499237061e+02
1.714580879211425781e+02
1.748114697933197021e+02
1.781283261775970459e+02
1.815978412628173828e+02
1.849578878879547119e+02
1.882817487716674805e+02
1.919318416118621826e+02
1.953512709140777588e+02
1.988056337833404541e+02
2.021742737293243408e+02
2.058372216224670410e+02
2.092556505203247070e+02
2.126989326477050781e+02
2.162519569396972656e+02
2.196233520507812500e+02
2.230282709598541260e+02
2.263913826942443848e+02
2.297741503715515137e+02
2.331130769252777100e+02
2.366495399475097656e+02
2.401762173175811768e+02
2.435761237144470215e+02
2.469154963493347168e+02
2.504170041084289551e+02
2.538044106960296631e+02
2.571543135643005371e+02
2.605797469615936279e+02
2.639526426792144775e+02
2.673990917205810547e+02
2.708885700702667236e+02
2.743395216464996338e+02
2.777824673652648926e+02
2.811843843460083008e+02
2.845767946243286133e+02
2.879807121753692627e+02
2.912580406665802002e+02
2.947740387916564941e+02
2.981749544143676758e+02
3.016078932285308838e+02
3.049702820777893066e+02
3.083516840934753418e+02
3.117155859470367432e+02
3.151990606784820557e+02
3.185159177780151367e+02
3.219844002723693848e+02
3.254318509101867676e+02
3.289258317947387695e+02
3.323082344532012939e+02
3.356451056003570557e+02
3.389617688655853271e+02
3.425633275508880615e+02
3.460097761154174805e+02
3.494732289314270020e+02
3.527915859222412109e+02
3.564742028713226318e+02
3.598816237449645996e+02
3.634541764259338379e+02
3.667740361690521240e+02
3.703000762462615967e+02
3.737200055122375488e+02
3.771264255046844482e+02
3.805038244724273682e+02
3.838522033691406250e+02
3.873096597194671631e+02
3.906430275440216064e+02
3.940382556915283203e+02
3.973781328201293945e+02
4.008184237480163574e+02
4.041814994812011719e+02
4.075524697303771973e+02
4.109373738765716553e+02
4.144663798809051514e+02
4.180659790039062500e+02
4.213883392810821533e+02
4.247437233924865723e+02
4.281841676235198975e+02
4.316486287117004395e+02
4.351150910854339600e+02
4.384954926967620850e+02
4.419734637737274170e+02
4.453368530273437500e+02
4.487177550792694092e+02
4.520941531658172607e+02
4.554195153713226318e+02
4.587969162464141846e+02
4.621598317623138428e+02
4.656533133983612061e+02
4.690407199859619141e+02
4.724271256923675537e+02
4.758465580940246582e+02
4.791994373798370361e+02
4.825162928104400635e+02
4.858616693019866943e+02
4.891935675144195557e+02
4.925534539222717285e+02
4.959868934154510498e+02
4.994318406581878662e+02
5.027777175903320312e+02
5.061175906658172607e+02
5.094614658355712891e+02
5.129929747581481934e+02
5.164852316379547119e+02
5.198386137485504150e+02
5.233726236820220947e+02
5.267625486850738525e+02
5.301164152622222900e+02
5.335468518733978271e+02
5.369337589740753174e+02
5.403301708698272705e+02
5.437185783386230469e+02
5.471470139026641846e+02
5.506044707298278809e+02
5.539748644828796387e+02
5.575048928260803223e+02
5.609863662719726562e+02
5.644673440456390381e+02
5.679408500194549561e+02
5.713537750244140625e+02
5.748207371234893799e+02
5.781531047821044922e+02
5.817336685657501221e+02
5.851956281661987305e+02
5.886490814685821533e+02
5.921610994338989258e+02
5.957917242050170898e+02
5.992962141036987305e+02
6.029408037662506104e+02
6.063737423419952393e+02
6.096895983219146729e+02
6.133146815299987793e+02
6.167282791137695312e+02
6.200386452674865723e+02
6.236461677551269531e+02
6.271296894550323486e+02
6.305237438678741455e+02
6.340516376495361328e+02
6.374723160266876221e+02
6.408992562294006348e+02
6.445953805446624756e+02
6.480023012161254883e+02
6.514577558040618896e+02
6.548977320194244385e+02
6.583782172203063965e+02
6.617441082000732422e+02
6.651910574436187744e+02
6.686134881973266602e+02
6.720629513263702393e+02
6.754553611278533936e+02
6.788913164138793945e+02
6.823411653041839600e+02
6.856750934123992920e+02
