2.932551316916942596e-02
1.173020526766777039e-02
2.639296278357505798e-02
1.466275658458471298e-02
1.759530790150165558e-02
1.173020526766777039e-02
8.797653950750827789e-03
2.346041053533554077e-02
1.173020526766777039e-02
8.797653950750827789e-03
8.797653950750827789e-03
8.797653950750827789e-03
1.759530790150165558e-02
2.052785828709602356e-02
1.173020526766777039e-02
2.346041053533554077e-02
2.052785828709602356e-02
1.466275658458471298e-02
2.639296278357505798e-02
1.466275658458471298e-02
1.759530790150165558e-02
3.225806728005409241e-02
3.812316805124282837e-02
1.173020526766777039e-02
1.173020526766777039e-02
2.639296278357505798e-02
1.759530790150165558e-02
2.346041053533554077e-02
8.797653950750827789e-03
1.466275658458471298e-02
1.466275658458471298e-02
2.052785828709602356e-02
2.639296278357505798e-02
2.052785828709602356e-02
2.052785828709602356e-02
1.759530790150165558e-02
2.052785828709602356e-02
1.759530790150165558e-02
1.173020526766777039e-02
3.225806355476379395e-02
2.639296278357505798e-02
1.466275658458471298e-02
1.466275658458471298e-02
2.932551316916942596e-03
2.639296278357505798e-02
1.466275658458471298e-02
1.466275658458471298e-02
1.173020526766777039e-02
2.346041053533554077e-02
1.466275658458471298e-02
1.466275658458471298e-02
1.173020526766777039e-02
1.173020526766777039e-02
2.052785828709602356e-02
2.346041053533554077e-02
2.052785828709602356e-02
1.759530790150165558e-02
2.932551503181457520e-02
8.797653950750827789e-03
8.797653950750827789e-03
2.052785828709602356e-02
2.346041053533554077e-02
1.466275658458471298e-02
2.052785828709602356e-02
2.932551316916942596e-03
1.173020526766777039e-02
2.346041053533554077e-02
1.173020526766777039e-02
1.173020526766777039e-02
1.173020526766777039e-02
2.346041053533554077e-02
2.052785828709602356e-02
3.225806355476379395e-02
1.173020526766777039e-02
1.759530790150165558e-02
1.173020526766777039e-02
2.052785828709602356e-02
2.639296092092990875e-02
4.105571657419204712e-02
1.759530790150165558e-02
2.052785828709602356e-02
3.225806355476379395e-02
2.932551316916942596e-02
3.519061580300331116e-02
4.105571657419204712e-02
2.932551316916942596e-02
1.466275658458471298e-02
2.346041053533554077e-02
4.692082107067108154e-02
4.105571657419204712e-02
3.225806355476379395e-02
1.759530790150165558e-02
2.932551316916942596e-02
1.759530790150165558e-02
2.932551130652427673e-02
2.639296278357505798e-02
3.225806355476379395e-02
3.519061952829360962e-02
2.639296092092990875e-02
5.865102261304855347e-02
4.692082107067108154e-02
2.932551130652427673e-02
4.398827254772186279e-02
5.571847409009933472e-02
5.278592556715011597e-02
2.932551130652427673e-02
4.398827254772186279e-02
4.398826882243156433e-02
4.985337704420089722e-02
7.624633610248565674e-02
4.985337331891059875e-02
4.398827254772186279e-02
9.090908616781234741e-02
7.331378012895584106e-02
6.451613456010818481e-02
7.917888462543487549e-02
6.158357486128807068e-02
8.211144059896469116e-02
9.090909361839294434e-02
8.211143314838409424e-02
7.917889207601547241e-02
7.624632865190505981e-02
8.504399657249450684e-02
9.677419811487197876e-02
1.026392877101898193e-01
8.504398912191390991e-02
9.970674663782119751e-02
1.026392877101898193e-01
1.026392951607704163e-01
1.085043996572494507e-01
1.319648176431655884e-01
1.114369481801986694e-01
1.114369481801986694e-01
1.202346086502075195e-01
1.114369556307792664e-01
1.290322542190551758e-01
1.055718436837196350e-01
1.202345937490463257e-01
1.202345937490463257e-01
1.260997056961059570e-01
1.554252356290817261e-01
1.378298997879028320e-01
1.260997056961059570e-01
1.436950117349624634e-01
1.466275602579116821e-01
1.554252207279205322e-01
1.700879782438278198e-01
1.378299146890640259e-01
1.524926722049713135e-01
1.935483813285827637e-01
1.612903177738189697e-01
1.788856387138366699e-01
1.700879633426666260e-01
1.818181872367858887e-01
1.671554148197174072e-01
1.730205416679382324e-01
1.964809298515319824e-01
1.906158179044723511e-01
2.023460566997528076e-01
2.082111537456512451e-01
1.788856387138366699e-01
2.111437022686004639e-01
2.111437022686004639e-01
2.082111537456512451e-01
2.463343292474746704e-01
2.111437022686004639e-01
1.964809447526931763e-01
2.639296054840087891e-01
2.082111537456512451e-01
2.170087993144989014e-01
2.170088142156600952e-01
2.346040904521942139e-01
2.228738963603973389e-01
2.785923779010772705e-01
2.052785903215408325e-01
2.668621540069580078e-01
2.375366538763046265e-01
3.049853444099426270e-01
2.609970569610595703e-01
2.492668628692626953e-01
2.756597995758056641e-01
2.551319599151611328e-01
2.609970569610595703e-01
2.639296054840087891e-01
2.697947025299072266e-01
3.137829899787902832e-01
3.137829601764678955e-01
2.932551205158233643e-01
3.108504414558410645e-01
3.049853146076202393e-01
2.932551205158233643e-01
2.903225719928741455e-01
3.167155385017395020e-01
2.961876988410949707e-01
2.961876988410949707e-01
3.284457325935363770e-01
2.991202473640441895e-01
2.903225719928741455e-01
2.903225719928741455e-01
2.844574749469757080e-01
