1.173020526766777039e-02
2.346041053533554077e-02
2.639296278357505798e-02
1.759530790150165558e-02
1.466275658458471298e-02
2.639296278357505798e-02
1.173020526766777039e-02
1.466275658458471298e-02
1.466275658458471298e-02
2.639296278357505798e-02
1.466275658458471298e-02
1.173020526766777039e-02
2.932551503181457520e-02
8.797653950750827789e-03
2.932551316916942596e-03
1.759530790150165558e-02
2.639296278357505798e-02
1.759530790150165558e-02
1.466275658458471298e-02
5.865102633833885193e-03
1.759530790150165558e-02
8.797653950750827789e-03
1.173020526766777039e-02
2.346041053533554077e-02
1.466275658458471298e-02
1.466275658458471298e-02
1.759530790150165558e-02
5.865102633833885193e-03
2.052785828709602356e-02
1.759530790150165558e-02
2.639296278357505798e-02
1.173020526766777039e-02
5.865102633833885193e-03
1.759530790150165558e-02
2.932551316916942596e-03
2.932551316916942596e-03
1.173020526766777039e-02
1.173020526766777039e-02
1.173020526766777039e-02
1.466275658458471298e-02
5.865102633833885193e-03
2.346041053533554077e-02
1.466275658458471298e-02
5.865102633833885193e-03
1.173020526766777039e-02
1.466275658458471298e-02
2.052785828709602356e-02
2.052785828709602356e-02
8.797653950750827789e-03
1.173020526766777039e-02
2.346041053533554077e-02
2.639296278357505798e-02
1.173020526766777039e-02
5.865102633833885193e-03
1.759530790150165558e-02
1.466275658458471298e-02
1.466275658458471298e-02
1.173020526766777039e-02
5.865102633833885193e-03
2.052785828709602356e-02
3.519061580300331116e-02
2.346041053533554077e-02
2.052785828709602356e-02
1.173020526766777039e-02
8.797653950750827789e-03
1.466275658458471298e-02
1.173020526766777039e-02
8.797653950750827789e-03
1.466275658458471298e-02
1.173020526766777039e-02
1.466275658458471298e-02
2.346041053533554077e-02
2.346041053533554077e-02
1.173020526766777039e-02
1.173020526766777039e-02
1.466275658458471298e-02
1.466275658458471298e-02
1.173020526766777039e-02
2.346041053533554077e-02
1.466275658458471298e-02
8.797653950750827789e-03
1.759530790150165558e-02
1.173020526766777039e-02
2.639296092092990875e-02
1.759530790150165558e-02
1.466275658458471298e-02
1.173020526766777039e-02
1.466275658458471298e-02
2.639296092092990875e-02
1.466275658458471298e-02
1.759530790150165558e-02
5.865102633833885193e-03
2.932551503181457520e-02
2.346041053533554077e-02
2.639296092092990875e-02
1.466275658458471298e-02
1.173020526766777039e-02
1.173020526766777039e-02
1.759530790150165558e-02
2.346041053533554077e-02
8.797653950750827789e-03
2.346041053533554077e-02
8.797653950750827789e-03
1.759530790150165558e-02
2.052785828709602356e-02
1.466275658458471298e-02
1.466275658458471298e-02
2.052785828709602356e-02
2.052785828709602356e-02
1.466275658458471298e-02
5.865102633833885193e-03
1.759530790150165558e-02
1.466275658458471298e-02
8.797653950750827789e-03
2.346041053533554077e-02
2.346041053533554077e-02
1.466275658458471298e-02
2.052785828709602356e-02
2.052785828709602356e-02
1.173020526766777039e-02
1.759530790150165558e-02
1.173020526766777039e-02
1.466275658458471298e-02
2.052785828709602356e-02
3.225806355476379395e-02
1.466275658458471298e-02
8.797653950750827789e-03
1.466275658458471298e-02
1.466275658458471298e-02
2.052785828709602356e-02
2.346041053533554077e-02
1.759530790150165558e-02
1.759530790150165558e-02
1.759530790150165558e-02
2.346041053533554077e-02
2.346041053533554077e-02
2.639296278357505798e-02
1.759530790150165558e-02
2.346041053533554077e-02
2.346041053533554077e-02
2.346041053533554077e-02
2.346041053533554077e-02
3.225806355476379395e-02
2.639296092092990875e-02
1.759530790150165558e-02
2.346041053533554077e-02
2.639296278357505798e-02
4.105572402477264404e-02
2.932551503181457520e-02
1.759530790150165558e-02
1.173020526766777039e-02
3.225806355476379395e-02
3.519061580300331116e-02
3.519061207771301270e-02
3.519061580300331116e-02
2.932551130652427673e-02
4.105572029948234558e-02
4.398826882243156433e-02
4.985337331891059875e-02
3.519061580300331116e-02
3.519061952829360962e-02
4.692082479596138000e-02
7.038123160600662231e-02
7.038122415542602539e-02
5.571847409009933472e-02
6.451612710952758789e-02
7.038123160600662231e-02
7.624633610248565674e-02
4.985337704420089722e-02
4.985337331891059875e-02
8.211144804954528809e-02
1.026393026113510132e-01
8.211144059896469116e-02
8.797654509544372559e-02
8.211143314838409424e-02
8.211143314838409424e-02
7.917888462543487549e-02
8.797654509544372559e-02
9.677419811487197876e-02
9.090907871723175049e-02
9.090908616781234741e-02
7.917888462543487549e-02
1.143694892525672913e-01
1.173020601272583008e-01
1.085043922066688538e-01
1.524926573038101196e-01
1.055718436837196350e-01
1.231671497225761414e-01
1.231671646237373352e-01
1.290322542190551758e-01
1.378299146890640259e-01
1.173020526766777039e-01
1.554252207279205322e-01
1.202346086502075195e-01
1.612903177738189697e-01
1.173020452260971069e-01
1.554252207279205322e-01
1.173020601272583008e-01
1.348973661661148071e-01
1.759530752897262573e-01
