5.865102633833885193e-03
1.173020526766777039e-02
8.797653950750827789e-03
1.759530790150165558e-02
2.639296278357505798e-02
2.639296278357505798e-02
2.052785828709602356e-02
2.052785828709602356e-02
1.759530790150165558e-02
1.759530790150165558e-02
1.173020526766777039e-02
2.346041053533554077e-02
2.932551316916942596e-03
1.173020526766777039e-02
2.346041053533554077e-02
1.173020526766777039e-02
2.052785828709602356e-02
1.759530790150165558e-02
2.052785828709602356e-02
1.173020526766777039e-02
1.173020526766777039e-02
2.052785828709602356e-02
1.466275658458471298e-02
1.759530790150165558e-02
2.052785828709602356e-02
8.797653950750827789e-03
2.346041053533554077e-02
1.759530790150165558e-02
2.639296278357505798e-02
2.932551316916942596e-03
1.466275658458471298e-02
2.932551130652427673e-02
1.466275658458471298e-02
1.466275658458471298e-02
8.797653950750827789e-03
5.865102633833885193e-03
2.639296092092990875e-02
8.797653950750827789e-03
2.346041053533554077e-02
2.052785828709602356e-02
2.052785828709602356e-02
2.052785828709602356e-02
1.759530790150165558e-02
1.173020526766777039e-02
1.466275658458471298e-02
1.466275658458471298e-02
1.759530790150165558e-02
1.466275658458471298e-02
5.865102633833885193e-03
8.797653950750827789e-03
1.759530790150165558e-02
5.865102633833885193e-03
1.173020526766777039e-02
1.759530790150165558e-02
1.173020526766777039e-02
1.759530790150165558e-02
1.466275658458471298e-02
2.346041053533554077e-02
1.173020526766777039e-02
1.759530790150165558e-02
2.052785828709602356e-02
1.173020526766777039e-02
1.466275658458471298e-02
3.225806355476379395e-02
1.466275658458471298e-02
1.466275658458471298e-02
2.052785828709602356e-02
1.466275658458471298e-02
1.466275658458471298e-02
1.466275658458471298e-02
1.466275658458471298e-02
2.639296092092990875e-02
2.052785828709602356e-02
2.932551503181457520e-02
1.173020526766777039e-02
2.346041053533554077e-02
8.797653950750827789e-03
1.759530790150165558e-02
5.865102633833885193e-03
1.173020526766777039e-02
2.639296092092990875e-02
2.052785828709602356e-02
1.759530790150165558e-02
2.639296278357505798e-02
1.173020526766777039e-02
5.865102633833885193e-03
1.173020526766777039e-02
1.759530790150165558e-02
2.932551316916942596e-03
1.173020526766777039e-02
1.466275658458471298e-02
1.173020526766777039e-02
3.519061580300331116e-02
1.466275658458471298e-02
1.466275658458471298e-02
1.173020526766777039e-02
5.865102633833885193e-03
2.346041053533554077e-02
2.052785828709602356e-02
1.466275658458471298e-02
1.466275658458471298e-02
1.466275658458471298e-02
2.346041053533554077e-02
1.173020526766777039e-02
2.346041053533554077e-02
1.466275658458471298e-02
8.797653950750827789e-03
3.225806355476379395e-02
1.173020526766777039e-02
1.759530790150165558e-02
1.466275658458471298e-02
8.797653950750827789e-03
1.759530790150165558e-02
8.797653950750827789e-03
1.759530790150165558e-02
1.466275658458471298e-02
3.519061580300331116e-02
2.052785828709602356e-02
1.173020526766777039e-02
1.173020526766777039e-02
1.173020526766777039e-02
1.466275658458471298e-02
2.052785828709602356e-02
2.639296092092990875e-02
8.797653950750827789e-03
1.466275658458471298e-02
2.052785828709602356e-02
1.759530790150165558e-02
1.466275658458471298e-02
2.052785828709602356e-02
1.466275658458471298e-02
1.173020526766777039e-02
1.466275658458471298e-02
8.797653950750827789e-03
2.346041053533554077e-02
2.052785828709602356e-02
1.759530790150165558e-02
1.759530790150165558e-02
1.466275658458471298e-02
1.466275658458471298e-02
1.173020526766777039e-02
1.173020526766777039e-02
1.759530790150165558e-02
1.173020526766777039e-02
2.639296278357505798e-02
1.173020526766777039e-02
1.759530790150165558e-02
1.173020526766777039e-02
5.865102633833885193e-03
8.797653950750827789e-03
8.797653950750827789e-03
8.797653950750827789e-03
1.466275658458471298e-02
1.759530790150165558e-02
8.797653950750827789e-03
1.173020526766777039e-02
2.346041053533554077e-02
2.932551316916942596e-03
1.173020526766777039e-02
1.466275658458471298e-02
1.466275658458471298e-02
1.466275658458471298e-02
1.466275658458471298e-02
1.173020526766777039e-02
2.346041053533554077e-02
1.173020526766777039e-02
1.173020526766777039e-02
2.346041053533554077e-02
8.797653950750827789e-03
1.173020526766777039e-02
8.797653950750827789e-03
2.932551316916942596e-03
1.466275658458471298e-02
8.797653950750827789e-03
1.466275658458471298e-02
1.759530790150165558e-02
2.052785828709602356e-02
8.797653950750827789e-03
2.052785828709602356e-02
8.797653950750827789e-03
2.346041053533554077e-02
2.639296278357505798e-02
8.797653950750827789e-03
1.173020526766777039e-02
2.639296278357505798e-02
1.466275658458471298e-02
2.346041053533554077e-02
1.759530790150165558e-02
1.173020526766777039e-02
2.639296278357505798e-02
1.173020526766777039e-02
8.797653950750827789e-03
1.466275658458471298e-02
5.865102633833885193e-03
2.052785828709602356e-02
8.797653950750827789e-03
1.466275658458471298e-02
1.173020526766777039e-02
8.797653950750827789e-03
1.466275658458471298e-02
