2.691915035247802734e-01
4.653313159942626953e-01
6.559662818908691406e-01
8.440999984741210938e-01
1.039239168167114258e+00
1.238380670547485352e+00
1.428016185760498047e+00
1.602640390396118164e+00
1.789772987365722656e+00
1.981909751892089844e+00
2.183553218841552734e+00
2.378207921981811523e+00
2.572829961776733398e+00
2.762965440750122070e+00
2.945095539093017578e+00
3.142235517501831055e+00
3.334372043609619141e+00
3.524507045745849609e+00
3.715642929077148438e+00
3.911785125732421875e+00
4.114426851272583008e+00
4.323074817657470703e+00
4.509707689285278320e+00
4.699843883514404297e+00
4.885976076126098633e+00
5.084116697311401367e+00
5.304273605346679688e+00
5.490905761718750000e+00
5.679553985595703125e+00
5.882184028625488281e+00
6.081325769424438477e+00
6.287472724914550781e+00
6.495620727539062500e+00
6.694762706756591797e+00
6.909915208816528320e+00
7.121566295623779297e+00
7.335218191146850586e+00
7.570385217666625977e+00
7.790041446685791016e+00
8.017703294754028320e+00
8.224350214004516602e+00
8.424993038177490234e+00
8.621633052825927734e+00
8.824779033660888672e+00
9.019415855407714844e+00
9.207549810409545898e+00
9.398685216903686523e+00
9.583817243576049805e+00
9.776954650878906250e+00
9.980099439620971680e+00
1.018624567985534668e+01
1.038638854026794434e+01
1.057402133941650391e+01
1.078367090225219727e+01
1.099482083320617676e+01
1.120046710968017578e+01
1.139410495758056641e+01
1.157873606681823730e+01
1.178888630867004395e+01
1.199353122711181641e+01
1.219018173217773438e+01
1.238631081581115723e+01
1.259646034240722656e+01
1.280761075019836426e+01
1.302026200294494629e+01
1.322941040992736816e+01
1.344156169891357422e+01
1.364620733261108398e+01
1.385185313224792480e+01
1.405149531364440918e+01
1.425564050674438477e+01
1.445428156852722168e+01
1.466192913055419922e+01
1.487307953834533691e+01
1.508022689819335938e+01
1.530688810348510742e+01
1.554655861854553223e+01
1.575520682334899902e+01
1.596835875511169434e+01
1.618151044845581055e+01
1.638165211677551270e+01
1.659530496597290039e+01
1.680245161056518555e+01
1.701260161399841309e+01
1.722475361824035645e+01
1.742791485786437988e+01
1.763404321670532227e+01
1.785269904136657715e+01
1.807185506820678711e+01
1.827199745178222656e+01
1.847964525222778320e+01
1.868979454040527344e+01
1.891845726966857910e+01
1.912261629104614258e+01
1.933025050163269043e+01
1.954290151596069336e+01
1.975655341148376465e+01
1.997821092605590820e+01
2.021187710762023926e+01
2.043603634834289551e+01
2.067270517349243164e+01
2.091437697410583496e+01
2.112502694129943848e+01
2.133067297935485840e+01
2.154732680320739746e+01
2.176448154449462891e+01
2.198213624954223633e+01
2.220030617713928223e+01
2.240543770790100098e+01
2.261958980560302734e+01
2.284675145149230957e+01
2.306140398979187012e+01
2.327155351638793945e+01
2.347719955444335938e+01
2.368384695053100586e+01
2.391200947761535645e+01
2.411615419387817383e+01
2.433480978012084961e+01
2.455396533012390137e+01
2.478312873840332031e+01
2.501079058647155762e+01
2.523745203018188477e+01
2.545060324668884277e+01
2.569227719306945801e+01
2.592844367027282715e+01
2.616010808944702148e+01
2.637826323509216309e+01
2.660544037818908691e+01
2.683208656311035156e+01
2.704523777961730957e+01
2.726639533042907715e+01
2.748756670951843262e+01
2.771321296691894531e+01
2.793987369537353516e+01
2.817003774642944336e+01
2.840070247650146484e+01
2.861535477638244629e+01
2.884651947021484375e+01
2.907868385314941406e+01
2.932035613059997559e+01
2.954101300239562988e+01
2.976767444610595703e+01
2.999683713912963867e+01
3.021199083328247070e+01
3.043265724182128906e+01
3.064629912376403809e+01
3.091499042510986328e+01
3.113114452362060547e+01
3.137781929969787598e+01
3.162449526786804199e+01
3.192020559310913086e+01
3.219189858436584473e+01
3.254014658927917480e+01
3.304400491714477539e+01
3.333070921897888184e+01
3.361240935325622559e+01
3.386508965492248535e+01
3.416680407524108887e+01
3.461112070083618164e+01
3.497087597846984863e+01
3.523106098175048828e+01
3.550775742530822754e+01
3.579195928573608398e+01
3.608967208862304688e+01
3.644342303276062012e+01
3.671411585807800293e+01
3.697780299186706543e+01
3.725249862670898438e+01
3.754020357131958008e+01
3.776736426353454590e+01
3.803055238723754883e+01
3.827572631835937500e+01
3.851939916610717773e+01
3.874455976486206055e+01
3.903126358985900879e+01
3.928094077110290527e+01
3.955163359642028809e+01
3.979230546951293945e+01
4.006650042533874512e+01
4.029916548728942871e+01
4.054534149169921875e+01
4.089208722114562988e+01
4.113275909423828125e+01
4.136542415618896484e+01
4.163161373138427734e+01
4.188179087638854980e+01
4.210546350479125977e+01
4.234011745452880859e+01
4.259129595756530762e+01
4.284447598457336426e+01
4.309065151214599609e+01
4.332631826400756836e+01
4.358450222015380859e+01
4.382717466354370117e+01
4.407635211944580078e+01
4.434704470634460449e+01
4.459522151947021484e+01
4.483889436721801758e+01
4.507606387138366699e+01
4.531873607635498047e+01
