4.579754352569580078e+00
8.049719333648681641e+00
1.109438180923461914e+01
1.416256189346313477e+01
1.725225639343261719e+01
2.032343840599060059e+01
2.339862298965454102e+01
2.650132751464843750e+01
2.972035145759582520e+01
3.297266221046447754e+01
3.619495248794555664e+01
3.953332304954528809e+01
4.278169584274291992e+01
4.593493556976318359e+01
4.905519127845764160e+01
5.222944736480712891e+01
5.542624163627624512e+01
5.865103220939636230e+01
6.192890191078186035e+01
6.508714556694030762e+01
6.830092883110046387e+01
7.156174755096435547e+01
7.485608577728271484e+01
7.794027686119079590e+01
8.122511100769042969e+01
8.440887260437011719e+01
8.748506259918212891e+01
9.068034076690673828e+01
9.389012098312377930e+01
9.710340380668640137e+01
1.004017472267150879e+02
1.037241077423095703e+02
1.069984331130981445e+02
1.100996365547180176e+02
1.131633129119873047e+02
1.162840297222137451e+02
1.194302647113800049e+02
1.226030192375183105e+02
1.257142293453216553e+02
1.288659682273864746e+02
1.320112025737762451e+02
1.351174089908599854e+02
1.383171823024749756e+02
1.413973712921142578e+02
1.445285949707031250e+02
1.476698272228240967e+02
1.507875602245330811e+02
1.538722517490386963e+02
1.570725247859954834e+02
1.604093959331512451e+02
1.635941579341888428e+02
1.667544190883636475e+02
1.698466165065765381e+02
1.729653458595275879e+02
1.760550348758697510e+02
1.791182205677032471e+02
1.823335046768188477e+02
1.854612269401550293e+02
1.885479197502136230e+02
1.916501233577728271e+02
1.948369016647338867e+02
1.979766178131103516e+02
2.011173529624938965e+02
2.042370789051055908e+02
2.073442857265472412e+02
2.104960262775421143e+02
2.138363988399505615e+02
2.171172292232513428e+02
2.203910601139068604e+02
2.241042053699493408e+02
2.273865368366241455e+02
2.305492844581604004e+02
2.338108808994293213e+02
2.370081527233123779e+02
2.401954174041748047e+02
2.434487280845642090e+02
2.466279866695404053e+02
2.497582328319549561e+02
2.528344182968139648e+02
2.562158205509185791e+02
2.594651293754577637e+02
2.627224431037902832e+02
2.658051326274871826e+02
2.689113397598266602e+02
2.719905312061309814e+02
2.750797221660614014e+02
2.782704889774322510e+02
2.814567515850067139e+02
2.846920502185821533e+02
2.877767419815063477e+02
2.909995930194854736e+02
2.941403238773345947e+02
2.974859311580657959e+02
3.005803625583648682e+02
3.036800651550292969e+02
3.068593239784240723e+02
3.100976238250732422e+02
3.136201269626617432e+02
3.168804423809051514e+02
3.199651341438293457e+02
3.230603327751159668e+02
3.261505281925201416e+02
3.292557349205017090e+02
3.324575622081756592e+02
3.356587700843811035e+02
3.388096709251403809e+02
3.418541932106018066e+02
3.449182710647583008e+02
3.480019614696502686e+02
3.510946588516235352e+02
3.542168769836425781e+02
3.572860574722290039e+02
3.605819413661956787e+02
3.636394999027252197e+02
3.669059610366821289e+02
3.701352932453155518e+02
3.733506004810333252e+02
3.766324329376220703e+02
3.797501568794250488e+02
3.831600794792175293e+02
3.863403387069702148e+02
3.895671315193176270e+02
3.930471038818359375e+02
3.961377990245819092e+02
3.996392862796783447e+02
4.029216187000274658e+02
4.060188195705413818e+02
4.093656964302062988e+02
4.126095011234283447e+02
4.158077721595764160e+02
4.188324217796325684e+02
4.220602142810821533e+02
4.250963709354400635e+02
4.282250943183898926e+02
4.313553175926208496e+02
4.346736998558044434e+02
4.377879111766815186e+02
4.411638100147247314e+02
4.443220534324645996e+02
4.474582812786102295e+02
4.507125937938690186e+02
4.539238750934600830e+02
4.573948407173156738e+02
4.606656649112701416e+02
4.638964593410491943e+02
4.669966626167297363e+02
4.700843560695648193e+02
4.733616833686828613e+02
4.764548816680908203e+02
4.796226313114166260e+02
4.826823129653930664e+02
4.856399149894714355e+02
4.887826473712921143e+02
4.918798477649688721e+02
4.949280126094818115e+02
4.979729194641113281e+02
5.010320928096771240e+02
5.042693936824798584e+02
5.075737404823303223e+02
5.107229771614074707e+02
5.138421926498413086e+02
5.169153759479522705e+02
5.202447419166564941e+02
5.233394465446472168e+02
5.266272826194763184e+02
5.296809520721435547e+02
5.328517043590545654e+02
5.360264589786529541e+02
5.391141924858093262e+02
5.421853744983673096e+02
5.452000172138214111e+02
5.483887820243835449e+02
5.515540306568145752e+02
5.546947615146636963e+02
5.576713764667510986e+02
5.607490620613098145e+02
5.638187427520751953e+02
5.668233783245086670e+02
5.698795492649078369e+02
5.729197080135345459e+02
5.759468595981597900e+02
5.790580699443817139e+02
5.821817882061004639e+02
5.854626185894012451e+02
5.887874810695648193e+02
5.918386483192443848e+02
5.950479285717010498e+02
5.981296176910400391e+02
6.014569640159606934e+02
6.045791676044464111e+02
6.077339231967926025e+02
6.108026025295257568e+02
6.138622767925262451e+02
6.170025069713592529e+02
6.202202935218811035e+02
6.233194952011108398e+02
6.264472167491912842e+02
6.294998848438262939e+02
6.325725686550140381e+02
6.356577606201171875e+02
