1.931848749518394470e-02
1.475717779248952866e-02
1.985511183738708496e-02
1.502549089491367340e-02
1.556211523711681366e-02
1.797692663967609406e-02
1.583042740821838379e-02
1.180574111640453339e-02
1.744030043482780457e-02
1.824523881077766418e-02
1.395224127918481827e-02
1.663536392152309418e-02
1.851354911923408508e-02
1.502548903226852417e-02
1.556211337447166443e-02
1.556211523711681366e-02
1.529380213469266891e-02
1.690367609262466431e-02
1.636705175042152405e-02
1.502548996359109879e-02
1.690367609262466431e-02
1.609873957931995392e-02
1.878186315298080444e-02
1.422055345028638840e-02
1.824523881077766418e-02
1.126911770552396774e-02
1.583042554557323456e-02
1.663536392152309418e-02
1.395224127918481827e-02
1.395224034786224365e-02
1.797692477703094482e-02
1.314730197191238403e-02
1.529380213469266891e-02
1.636705175042152405e-02
1.153742987662553787e-02
2.012342587113380432e-02
1.717198826372623444e-02
1.609873957931995392e-02
1.851354911923408508e-02
1.556211523711681366e-02
1.395224034786224365e-02
1.341561507433652878e-02
1.529380213469266891e-02
1.717198826372623444e-02
1.690367609262466431e-02
1.207405328750610352e-02
1.636705175042152405e-02
1.422055345028638840e-02
2.092836238443851471e-02
1.368392817676067352e-02
1.234236638993024826e-02
1.261067856103181839e-02
1.878186501562595367e-02
1.475717592984437943e-02
1.958679966628551483e-02
1.797692663967609406e-02
1.851355098187923431e-02
1.905017532408237457e-02
1.609874144196510315e-02
1.797692477703094482e-02
1.690367609262466431e-02
1.905017718672752380e-02
1.314730290323495865e-02
1.422055251896381378e-02
1.529380120337009430e-02
1.556211430579423904e-02
1.502548996359109879e-02
1.502548996359109879e-02
1.287899166345596313e-02
1.797692291438579559e-02
1.744030043482780457e-02
1.422055251896381378e-02
1.475717779248952866e-02
1.314730383455753326e-02
1.663536392152309418e-02
1.770861260592937469e-02
1.797692663967609406e-02
1.529380306601524353e-02
1.636705175042152405e-02
1.663536392152309418e-02
1.583042740821838379e-02
1.502548996359109879e-02
1.717199012637138367e-02
1.422055251896381378e-02
1.770861260592937469e-02
1.609873957931995392e-02
1.744030043482780457e-02
1.448886655271053314e-02
1.770861446857452393e-02
1.690367609262466431e-02
1.448886469006538391e-02
1.583042740821838379e-02
1.797692477703094482e-02
1.636705175042152405e-02
1.529380120337009430e-02
1.529380213469266891e-02
1.529380213469266891e-02
1.663536392152309418e-02
1.368392817676067352e-02
1.502549089491367340e-02
1.905017346143722534e-02
1.663536392152309418e-02
1.609873771667480469e-02
1.261067856103181839e-02
1.556211430579423904e-02
1.958679966628551483e-02
1.663536392152309418e-02
1.663536392152309418e-02
1.261067856103181839e-02
1.609873957931995392e-02
2.119667455554008484e-02
1.207405421882867813e-02
1.717198826372623444e-02
1.234236545860767365e-02
1.636705175042152405e-02
1.556211430579423904e-02
1.905017532408237457e-02
2.012342400848865509e-02
1.663536392152309418e-02
1.744030043482780457e-02
1.556211523711681366e-02
1.824523881077766418e-02
1.287899073213338852e-02
1.502548903226852417e-02
1.502548996359109879e-02
1.502548903226852417e-02
1.663536392152309418e-02
1.717199012637138367e-02
1.717198826372623444e-02
1.556211430579423904e-02
1.502548996359109879e-02
1.448886469006538391e-02
1.395224127918481827e-02
1.878186315298080444e-02
1.797692477703094482e-02
1.529380306601524353e-02
1.234236638993024826e-02
1.744030043482780457e-02
1.126911770552396774e-02
1.314730383455753326e-02
1.502548996359109879e-02
1.931848749518394470e-02
1.609873957931995392e-02
1.341561693698167801e-02
1.448886562138795853e-02
1.717198826372623444e-02
1.583042740821838379e-02
2.119667269289493561e-02
1.797692477703094482e-02
1.905017532408237457e-02
1.690367609262466431e-02
1.341561600565910339e-02
1.422055345028638840e-02
1.583042740821838379e-02
1.663536578416824341e-02
1.931848749518394470e-02
1.744030043482780457e-02
1.502548996359109879e-02
1.395224127918481827e-02
1.851355098187923431e-02
1.690367609262466431e-02
1.556211430579423904e-02
1.958680152893066406e-02
1.475717779248952866e-02
1.663536392152309418e-02
1.287899073213338852e-02
1.609873957931995392e-02
1.422055345028638840e-02
1.931848749518394470e-02
1.824523881077766418e-02
1.797692663967609406e-02
1.583042740821838379e-02
1.556211430579423904e-02
1.931848749518394470e-02
1.824523881077766418e-02
1.583042740821838379e-02
1.609873771667480469e-02
1.583042554557323456e-02
1.690367609262466431e-02
1.153743080794811249e-02
1.422055251896381378e-02
1.931848749518394470e-02
1.502549089491367340e-02
1.368392817676067352e-02
2.119667455554008484e-02
1.824523694813251495e-02
1.690367609262466431e-02
1.502548996359109879e-02
1.690367609262466431e-02
1.556211523711681366e-02
1.609873957931995392e-02
1.663536392152309418e-02
1.744030043482780457e-02
1.636705175042152405e-02
1.583042740821838379e-02
1.556211337447166443e-02
1.475717779248952866e-02
1.717198826372623444e-02
1.314730476588010788e-02
1.422055345028638840e-02
