1.770861260592937469e-02
1.609873957931995392e-02
1.717198826372623444e-02
1.663536392152309418e-02
1.797692477703094482e-02
1.583042740821838379e-02
1.609873957931995392e-02
1.878186501562595367e-02
1.985511183738708496e-02
1.797692477703094482e-02
1.851354911923408508e-02
2.307485975325107574e-02
1.717198826372623444e-02
1.690367609262466431e-02
1.931848749518394470e-02
1.797692663967609406e-02
1.717198826372623444e-02
1.878186315298080444e-02
2.066004835069179535e-02
2.012342400848865509e-02
1.824523881077766418e-02
1.931848563253879547e-02
2.441642247140407562e-02
2.200160920619964600e-02
2.253823541104793549e-02
3.058760240674018860e-02
4.373490810394287109e-02
5.795546248555183411e-02
6.654145568609237671e-02
7.915213704109191895e-02
8.559162914752960205e-02
9.712906181812286377e-02
1.121545508503913879e-01
1.164475455880165100e-01
1.271800398826599121e-01
1.371076107025146484e-01
1.572310179471969604e-01
1.778910756111145020e-01
1.843305528163909912e-01
2.167963683605194092e-01
2.232358604669570923e-01
2.371880859136581421e-01
2.449691444635391235e-01
2.819962501525878906e-01
2.846793532371520996e-01
2.954118549823760986e-01
3.104373514652252197e-01
3.259994685649871826e-01
3.415615558624267578e-01
3.431714177131652832e-01
3.571237027645111084e-01
3.670512139797210693e-01
3.788569569587707520e-01
3.869063258171081543e-01
3.930774927139282227e-01
4.043466448783874512e-01
4.022001326084136963e-01
4.252750277519226074e-01
4.365441501140594482e-01
4.303730130195617676e-01
4.362758696079254150e-01
4.470083415508270264e-01
4.569358825683593750e-01
4.593506455421447754e-01
4.733029305934906006e-01
4.657902121543884277e-01
4.974510371685028076e-01
4.848403632640838623e-01
4.888650774955749512e-01
4.880600869655609131e-01
4.974510371685028076e-01
5.092567205429077148e-01
5.105983018875122070e-01
5.221357345581054688e-01
5.218674540519714355e-01
5.275020003318786621e-01
5.215991735458374023e-01
5.253555178642272949e-01
5.312584638595581055e-01
5.331366062164306641e-01
5.436007976531982422e-01
5.468205213546752930e-01
5.427958369255065918e-01
5.406493544578552246e-01
5.503085255622863770e-01
5.489670038223266602e-01
5.591628551483154297e-01
5.580896735191345215e-01
5.521867275238037109e-01
5.629192590713500977e-01
5.669438838958740234e-01
5.741883516311645508e-01
5.851892232894897461e-01
5.905554294586181641e-01
5.766031742095947266e-01
5.803595185279846191e-01
5.986047983169555664e-01
5.916287302970886230e-01
6.018245220184326172e-01
5.953850150108337402e-01
5.996780395507812500e-01
5.986047983169555664e-01
6.104105114936828613e-01
6.061175465583801270e-01
6.010196208953857422e-01
6.155084371566772461e-01
6.101422309875488281e-01
6.157767772674560547e-01
6.206064224243164062e-01
6.122887134552001953e-01
6.227529048919677734e-01
6.230211853981018066e-01
6.232895851135253906e-01
6.224846243858337402e-01
6.246311068534851074e-01
6.270459294319152832e-01
6.337537169456481934e-01
6.203380823135375977e-01
6.318755149841308594e-01
6.318755745887756348e-01
6.310706138610839844e-01
6.442179083824157715e-01
6.340220570564270020e-01
6.388516426086425781e-01
6.479742527008056641e-01
6.439496278762817383e-01
6.552187204360961914e-01
6.423397064208984375e-01
6.447544693946838379e-01
6.509256958961486816e-01
6.495841741561889648e-01
6.490474939346313477e-01
6.619265079498291016e-01
6.562919616699218750e-01
6.544137597084045410e-01
6.530722379684448242e-01
6.503890752792358398e-01
6.592434048652648926e-01
6.699758768081665039e-01
6.632680892944335938e-01
6.552187204360961914e-01
6.659511923789978027e-01
6.729273796081542969e-01
6.587067842483520508e-01
6.774886250495910645e-01
6.624631881713867188e-01
6.576334834098815918e-01
6.670244932174682617e-01
6.710491180419921875e-01
6.694392561912536621e-01
6.790984869003295898e-01
6.788302063941955566e-01
6.742689609527587891e-01
6.705125570297241211e-01
6.801717877388000488e-01
6.713174581527709961e-01
6.731957197189331055e-01
6.855380535125732422e-01
6.879528164863586426e-01
6.844648122787475586e-01
6.817815899848937988e-01
6.801717877388000488e-01
6.935873627662658691e-01
6.874161958694458008e-01
6.839281916618347168e-01
6.823182702064514160e-01
6.876845359802246094e-01
6.855380535125732422e-01
6.884894967079162598e-01
6.831232905387878418e-01
6.927824616432189941e-01
6.850013732910156250e-01
6.986852884292602539e-01
6.852696537971496582e-01
6.892944574356079102e-01
6.994903087615966797e-01
6.906359791755676270e-01
7.021733522415161133e-01
7.005634903907775879e-01
6.895626783370971680e-01
6.986853480339050293e-01
6.976120471954345703e-01
7.029783129692077637e-01
6.965388655662536621e-01
7.067347168922424316e-01
7.053931355476379395e-01
7.064664363861083984e-01
7.008318305015563965e-01
7.088812589645385742e-01
7.064663767814636230e-01
7.088811993598937988e-01
6.997585892677307129e-01
7.059297561645507812e-01
7.008318305015563965e-01
6.986852884292602539e-01
7.121009826660156250e-01
7.107594013214111328e-01
7.067347168922424316e-01
7.094178199768066406e-01
7.053931355476379395e-01
