1.422055251896381378e-02
1.395223941653966904e-02
1.690367609262466431e-02
1.744030043482780457e-02
1.636705175042152405e-02
1.475717779248952866e-02
1.797692291438579559e-02
1.636705175042152405e-02
1.529380120337009430e-02
1.931848563253879547e-02
1.878186315298080444e-02
1.422055345028638840e-02
1.985511183738708496e-02
1.636705175042152405e-02
1.395224034786224365e-02
2.173329703509807587e-02
1.717198826372623444e-02
1.797692663967609406e-02
1.878186315298080444e-02
2.092836052179336548e-02
1.770861260592937469e-02
1.905017346143722534e-02
1.636704988777637482e-02
1.851355098187923431e-02
1.770861446857452393e-02
1.609873771667480469e-02
1.663536392152309418e-02
1.717199012637138367e-02
1.958679966628551483e-02
1.931848563253879547e-02
1.717198826372623444e-02
1.878186129033565521e-02
1.690367609262466431e-02
1.851355098187923431e-02
1.717198826372623444e-02
1.744030043482780457e-02
2.066004648804664612e-02
1.824523881077766418e-02
1.744030043482780457e-02
1.717199012637138367e-02
1.529380213469266891e-02
2.012342587113380432e-02
1.770861260592937469e-02
1.824523881077766418e-02
1.770861446857452393e-02
1.744030229747295380e-02
1.824523881077766418e-02
1.690367609262466431e-02
1.931848749518394470e-02
1.770861446857452393e-02
1.770861446857452393e-02
1.770861446857452393e-02
1.905017532408237457e-02
1.770861446857452393e-02
1.958679966628551483e-02
1.985511183738708496e-02
1.851355098187923431e-02
1.717198826372623444e-02
1.878186315298080444e-02
1.824523694813251495e-02
1.797692477703094482e-02
1.717198826372623444e-02
1.931848749518394470e-02
1.717198826372623444e-02
1.770861260592937469e-02
1.690367609262466431e-02
1.824523881077766418e-02
1.851355098187923431e-02
1.770861260592937469e-02
1.878186315298080444e-02
2.092836238443851471e-02
1.717199012637138367e-02
1.770861260592937469e-02
1.851354725658893585e-02
1.636705175042152405e-02
1.797692477703094482e-02
1.770861260592937469e-02
1.797692477703094482e-02
1.770861260592937469e-02
1.905017532408237457e-02
1.878186315298080444e-02
1.744030043482780457e-02
1.663536392152309418e-02
1.878186129033565521e-02
1.797692663967609406e-02
1.744030229747295380e-02
1.878186129033565521e-02
2.012342214584350586e-02
1.958679966628551483e-02
1.931848563253879547e-02
1.931848749518394470e-02
1.797692477703094482e-02
2.012342400848865509e-02
1.931848749518394470e-02
1.797692663967609406e-02
1.931848749518394470e-02
1.851355098187923431e-02
1.744030043482780457e-02
1.824523881077766418e-02
1.878186315298080444e-02
1.851355098187923431e-02
1.851354725658893585e-02
1.690367609262466431e-02
1.717198826372623444e-02
1.905017532408237457e-02
1.905017346143722534e-02
1.824523694813251495e-02
1.824523881077766418e-02
1.851354911923408508e-02
1.744030229747295380e-02
1.770861260592937469e-02
1.797692663967609406e-02
1.609873957931995392e-02
1.931848749518394470e-02
1.744030043482780457e-02
1.931848749518394470e-02
1.851354911923408508e-02
1.690367609262466431e-02
1.663536392152309418e-02
1.770861446857452393e-02
1.824523694813251495e-02
1.636705175042152405e-02
1.583042554557323456e-02
1.717198826372623444e-02
1.770861260592937469e-02
1.985511183738708496e-02
1.905017532408237457e-02
1.770861260592937469e-02
1.744030043482780457e-02
2.012342400848865509e-02
1.663536392152309418e-02
1.958679966628551483e-02
1.878186315298080444e-02
1.931848749518394470e-02
1.931848749518394470e-02
1.744030043482780457e-02
1.770861260592937469e-02
1.770861446857452393e-02
1.824523881077766418e-02
2.012342400848865509e-02
1.905017532408237457e-02
1.905017532408237457e-02
1.797692477703094482e-02
1.851354725658893585e-02
1.502548996359109879e-02
1.797692477703094482e-02
1.905017532408237457e-02
1.690367609262466431e-02
1.878186129033565521e-02
1.744030043482780457e-02
2.039173431694507599e-02
1.851354911923408508e-02
1.958679966628551483e-02
1.851354911923408508e-02
1.797692477703094482e-02
1.609873957931995392e-02
2.146498672664165497e-02
2.951435372233390808e-02
2.683123201131820679e-02
3.649047389626502991e-02
4.614971578121185303e-02
5.554064735770225525e-02
6.654145568609237671e-02
7.485914230346679688e-02
8.371344953775405884e-02
8.988462388515472412e-02
9.739736467599868774e-02
1.116179227828979492e-01
1.137644201517105103e-01
1.161792278289794922e-01
1.218137815594673157e-01
1.282532960176467896e-01
1.411322653293609619e-01
1.454252600669860840e-01
1.518647670745849609e-01
1.601824462413787842e-01
1.757445484399795532e-01
1.821840703487396240e-01
1.934531927108764648e-01
2.036490440368652344e-01
2.092836052179336548e-01
2.243091017007827759e-01
2.286021113395690918e-01
2.353098988533020020e-01
2.508720159530639648e-01
2.500670552253723145e-01
2.661658227443695068e-01
2.661657929420471191e-01
2.854843139648437500e-01
2.908505797386169434e-01
2.908505797386169434e-01
3.074859082698822021e-01
3.015830516815185547e-01
3.139253854751586914e-01
3.158035874366760254e-01
3.198282718658447266e-01
3.332439064979553223e-01
3.327072858810424805e-01
3.410249352455139160e-01
3.453179597854614258e-01
