1.851354911923408508e-02
1.878186315298080444e-02
2.066004835069179535e-02
1.153743080794811249e-02
1.153743080794811249e-02
1.422055345028638840e-02
1.422055251896381378e-02
1.100080553442239761e-02
1.556211523711681366e-02
1.636705175042152405e-02
1.422055251896381378e-02
1.824523881077766418e-02
1.878186315298080444e-02
1.609873957931995392e-02
2.066004835069179535e-02
2.012342400848865509e-02
1.931848749518394470e-02
1.878186315298080444e-02
1.958679966628551483e-02
1.985511183738708496e-02
2.200161106884479523e-02
2.790448255836963654e-02
2.924604341387748718e-02
3.273410350084304810e-02
3.997853398323059082e-02
4.856453090906143188e-02
5.661389976739883423e-02
6.546820700168609619e-02
8.425006270408630371e-02
9.310437738895416260e-02
1.247652247548103333e-01
1.322779655456542969e-01
1.711832582950592041e-01
1.813791394233703613e-01
2.141132354736328125e-01
2.318218350410461426e-01
2.441641986370086670e-01
2.675073742866516113e-01
2.828012108802795410e-01
2.999731898307800293e-01
3.200966119766235352e-01
3.490743041038513184e-01
3.603434264659881592e-01
3.683927953243255615e-01
3.831499814987182617e-01
3.871746659278869629e-01
3.954923748970031738e-01
4.182989299297332764e-01
4.207136631011962891e-01
4.215186536312103271e-01
4.325194656848907471e-01
4.464716613292694092e-01
4.572041630744934082e-01
4.655219018459320068e-01
4.695465564727783203e-01
4.781325459480285645e-01
4.899382889270782471e-01
4.894016981124877930e-01
5.022806525230407715e-01
4.918164610862731934e-01
5.020123124122619629e-01
5.143547058105468750e-01
5.170378088951110840e-01
5.261604785919189453e-01
5.266970396041870117e-01
5.272337198257446289e-01
5.376978516578674316e-01
5.390394926071166992e-01
5.358197093009948730e-01
5.481621026992797852e-01
5.505768656730651855e-01
5.422592163085937500e-01
5.599677562713623047e-01
5.634558796882629395e-01
5.578212738037109375e-01
5.578213334083557129e-01
5.790179967880249023e-01
5.771397948265075684e-01
5.664073228836059570e-01
5.757982134819030762e-01
5.827744007110595703e-01
5.913603901863098145e-01
5.876040458679199219e-01
5.833109617233276367e-01
5.889455676078796387e-01
5.894821882247924805e-01
5.959216952323913574e-01
5.991413593292236328e-01
6.047759056091308594e-01
6.090689301490783691e-01
6.117521524429321289e-01
6.002147197723388672e-01
6.101422309875488281e-01
6.101422309875488281e-01
6.187282204627990723e-01
6.206064224243164062e-01
6.324121356010437012e-01
6.299973130226135254e-01
6.230211853981018066e-01
6.257043480873107910e-01
6.396566033363342285e-01
6.308022737503051758e-01
6.265093088150024414e-01
6.337537765502929688e-01
6.391199827194213867e-01
6.313389539718627930e-01
6.431446671485900879e-01
6.393882632255554199e-01
6.447545289993286133e-01
6.493158936500549316e-01
6.431446671485900879e-01
6.444861888885498047e-01
6.528038978576660156e-01
6.570969223976135254e-01
6.570968627929687500e-01
6.525355577468872070e-01
6.573652625083923340e-01
6.525356173515319824e-01
6.659512519836425781e-01
6.595117449760437012e-01
6.678293347358703613e-01
6.605849266052246094e-01
6.702441573143005371e-01
6.592434048652648926e-01
6.613898873329162598e-01
6.740005612373352051e-01
6.718540191650390625e-01
6.769520044326782227e-01
6.675611138343811035e-01
6.731956601142883301e-01
6.793668270111083984e-01
6.766837835311889648e-01
6.713174581527709961e-01
6.632680892944335938e-01
6.702441573143005371e-01
6.713174581527709961e-01
6.788302063941955566e-01
6.756104826927185059e-01
6.726590394973754883e-01
6.866112351417541504e-01
6.823182702064514160e-01
6.833915710449218750e-01
6.831231713294982910e-01
6.809767484664916992e-01
6.841964125633239746e-01
6.951972246170043945e-01
6.900993585586547852e-01
6.917091608047485352e-01
6.887577772140502930e-01
6.887577772140502930e-01
6.884894371032714844e-01
6.914409399032592773e-01
6.957339048385620117e-01
6.852697134017944336e-01
6.914408802986145020e-01
6.820499300956726074e-01
6.925141811370849609e-01
6.882211565971374512e-01
6.919775605201721191e-01
7.072713971138000488e-01
6.968071460723876953e-01
7.016367316246032715e-01
7.021734118461608887e-01
7.040516138076782227e-01
7.032466530799865723e-01
6.927825212478637695e-01
7.032466530799865723e-01
6.965388059616088867e-01
6.957339048385620117e-01
7.016367912292480469e-01
7.002952098846435547e-01
6.981487870216369629e-01
6.976121068000793457e-01
7.094178199768066406e-01
7.096860408782958984e-01
7.094178199768066406e-01
7.107593417167663574e-01
7.051247358322143555e-01
7.094178199768066406e-01
7.099544405937194824e-01
7.155890464782714844e-01
7.131741642951965332e-01
7.163940072059631348e-01
7.118325829505920410e-01
7.139791250228881836e-01
7.112960219383239746e-01
7.129058837890625000e-01
7.204186320304870605e-01
7.166622877120971680e-01
7.153207063674926758e-01
7.190771102905273438e-01
7.212235331535339355e-01
7.123692035675048828e-01
7.123692631721496582e-01
7.115643024444580078e-01
7.171989083290100098e-01
7.150523662567138672e-01
7.067347168922424316e-01
7.206869721412658691e-01
7.241750359535217285e-01
