1.770861260592937469e-02
1.609873957931995392e-02
1.717198826372623444e-02
1.824523694813251495e-02
1.314730383455753326e-02
1.770861446857452393e-02
1.636705175042152405e-02
1.717198826372623444e-02
1.636705175042152405e-02
1.797692477703094482e-02
1.448886562138795853e-02
1.636705175042152405e-02
1.556211523711681366e-02
1.475717779248952866e-02
1.717198640108108521e-02
1.663536392152309418e-02
2.280654571950435638e-02
1.556211523711681366e-02
1.770861446857452393e-02
1.905017532408237457e-02
1.690367609262466431e-02
1.878186315298080444e-02
2.039173617959022522e-02
1.851355098187923431e-02
1.502549089491367340e-02
2.146498486399650574e-02
2.039173617959022522e-02
2.092836052179336548e-02
2.495304495096206665e-02
2.951435558497905731e-02
3.085591830313205719e-02
3.675878793001174927e-02
4.695465788245201111e-02
5.715052410960197449e-02
7.888381928205490112e-02
9.417762607336044312e-02
1.105446740984916687e-01
1.202039197087287903e-01
1.266434192657470703e-01
1.400590240955352783e-01
1.674268841743469238e-01
1.741346716880798340e-01
2.015025615692138672e-01
2.103568464517593384e-01
2.430909723043441772e-01
2.468473017215728760e-01
2.701904773712158203e-01
2.889723777770996094e-01
3.023879826068878174e-01
3.217064440250396729e-01
3.375369012355804443e-01
3.447813391685485840e-01
3.480010628700256348e-01
3.726858198642730713e-01
3.804668784141540527e-01
3.941507935523986816e-01
3.984437584877014160e-01
4.121277034282684326e-01
4.322511553764343262e-01
4.207136929035186768e-01
4.443252086639404297e-01
4.545210599899291992e-01
4.405688345432281494e-01
4.644486010074615479e-01
4.738395810127258301e-01
4.692782163619995117e-01
4.781325459480285645e-01
4.853769838809967041e-01
4.894016385078430176e-01
4.894016385078430176e-01
5.060369968414306641e-01
5.046954751014709473e-01
5.097934603691101074e-01
5.148913264274597168e-01
5.178428292274475098e-01
5.256237983703613281e-01
5.323316454887390137e-01
5.382345318794250488e-01
5.299168229103088379e-01
5.350147485733032227e-01
5.379662513732910156e-01
5.486986637115478516e-01
5.551381707191467285e-01
5.586262941360473633e-01
5.594311952590942383e-01
5.559431314468383789e-01
5.639925003051757812e-01
5.647974610328674316e-01
5.637242197990417480e-01
5.790179967880249023e-01
5.715052485466003418e-01
5.723102092742919922e-01
5.798228979110717773e-01
5.739200711250305176e-01
5.806278586387634277e-01
5.830426812171936035e-01
5.894821882247924805e-01
5.940434932708740234e-01
5.980681777000427246e-01
5.991414189338684082e-01
6.109472513198852539e-01
6.066541671752929688e-01
6.045076847076416016e-01
6.085323095321655273e-01
6.125570535659790039e-01
6.133619546890258789e-01
6.096056699752807617e-01
6.173866987228393555e-01
6.208747625350952148e-01
6.214113831520080566e-01
6.224845647811889648e-01
6.251677274703979492e-01
6.184598803520202637e-01
6.297290325164794922e-01
6.267776489257812500e-01
6.356319189071655273e-01
6.324121356010437012e-01
6.232895851135253906e-01
6.391199827194213867e-01
6.428763270378112793e-01
6.407298445701599121e-01
6.409981250762939453e-01
6.426080465316772461e-01
6.498524546623229980e-01
6.377784013748168945e-01
6.452911496162414551e-01
6.460960507392883301e-01
6.474376916885375977e-01
6.544137597084045410e-01
6.420714259147644043e-01
6.549503803253173828e-01
6.538771986961364746e-01
6.627314686775207520e-01
6.522673368453979492e-01
6.579018235206604004e-01
6.485109329223632812e-01
6.576335430145263672e-01
6.664878129959106445e-01
6.474376916885375977e-01
6.651463508605957031e-01
6.627314090728759766e-01
6.702442169189453125e-01
6.731956005096435547e-01
6.656829118728637695e-01
6.731956005096435547e-01
6.592434048652648926e-01
6.611216068267822266e-01
6.643413305282592773e-01
6.774886250495910645e-01
6.662195324897766113e-01
6.734639406204223633e-01
6.627314686775207520e-01
6.745371818542480469e-01
6.799034476280212402e-01
6.745371818542480469e-01
6.710491776466369629e-01
6.847330331802368164e-01
6.809766888618469238e-01
6.774886250495910645e-01
6.839281320571899414e-01
6.825866103172302246e-01
6.734639406204223633e-01
6.721224188804626465e-01
6.852697134017944336e-01
6.892943978309631348e-01
6.801717281341552734e-01
6.858063340187072754e-01
6.951972842216491699e-01
6.858062744140625000e-01
6.909042596817016602e-01
6.841964721679687500e-01
6.831232309341430664e-01
6.941239833831787109e-01
6.809767484664916992e-01
6.900992989540100098e-01
6.992219090461730957e-01
6.858063340187072754e-01
6.930508017539978027e-01
6.968070268630981445e-01
6.973437666893005371e-01
6.927825212478637695e-01
6.884894371032714844e-01
6.868795752525329590e-01
6.962705850601196289e-01
7.027100920677185059e-01
7.011002302169799805e-01
6.965388059616088867e-01
6.992219090461730957e-01
6.935873627662658691e-01
7.048565149307250977e-01
7.027100324630737305e-01
7.005635499954223633e-01
7.029783129692077637e-01
6.994903087615966797e-01
7.070029973983764648e-01
7.000268697738647461e-01
7.061980962753295898e-01
7.048565149307250977e-01
7.040515542030334473e-01
7.078078985214233398e-01
