6.349522113800048828e+00
1.160426068305969238e+01
1.653977108001708984e+01
2.150280094146728516e+01
2.646132826805114746e+01
3.152092719078063965e+01
3.643492221832275391e+01
4.139795279502868652e+01
4.630944657325744629e+01
5.153015995025634766e+01
5.675137352943420410e+01
6.176794195175170898e+01
6.696113634109497070e+01
7.203824806213378906e+01
7.701028466224670410e+01
8.219697380065917969e+01
8.751825857162475586e+01
9.270821833610534668e+01
9.790091204643249512e+01
1.030350654125213623e+02
1.088582222461700439e+02
1.142345471382141113e+02
1.195867340564727783e+02
1.245407576560974121e+02
1.296749088764190674e+02
1.347094910144805908e+02
1.397635855674743652e+02
1.449732923507690430e+02
1.499733481407165527e+02
1.549588937759399414e+02
1.600440111160278320e+02
1.649990353584289551e+02
1.699250397682189941e+02
1.756571171283721924e+02
1.816588861942291260e+02
1.878172669410705566e+02
1.929078876972198486e+02
1.978829264640808105e+02
2.030110738277435303e+02
2.081807513236999512e+02
2.137827363014221191e+02
2.192161245346069336e+02
2.246304757595062256e+02
2.298882381916046143e+02
2.351399734020233154e+02
2.403927097320556641e+02
2.456154253482818604e+02
2.509427149295806885e+02
2.563115332126617432e+02
2.615407526493072510e+02
2.670241539478302002e+02
2.726876819133758545e+02
2.780495078563690186e+02
2.830665762424468994e+02
2.887401120662689209e+02
2.938087179660797119e+02
2.993306698799133301e+02
3.049436619281768799e+02
3.101003301143646240e+02
3.158639383316040039e+02
3.210010924339294434e+02
3.260136582851409912e+02
3.316611759662628174e+02
3.369819600582122803e+02
3.424518508911132812e+02
3.478862168788909912e+02
3.533716180324554443e+02
3.588590219020843506e+02
3.644880268573760986e+02
3.706959412097930908e+02
3.765676183700561523e+02
3.822776799201965332e+02
3.879475278854370117e+02
3.930981335639953613e+02
3.982631404399871826e+02
4.036291232109069824e+02
4.086291463375091553e+02
4.137799475193023682e+02
4.189200825691223145e+02
4.241642658710479736e+02
4.294425897598266602e+02
4.347831220626831055e+02
4.406244146823883057e+02
4.462543327808380127e+02
4.517170286178588867e+02
4.571972601413726807e+02
4.625785324573516846e+02
4.679643008708953857e+02
4.733064343929290771e+02
4.789636845588684082e+02
4.840831909179687500e+02
4.895501368045806885e+02
4.949586379528045654e+02
5.002350108623504639e+02
5.055114648342132568e+02
5.107126169204711914e+02
5.162717490196228027e+02
5.214030969142913818e+02
5.264391822814941406e+02
5.317580232620239258e+02
5.373085348606109619e+02
5.429000608921051025e+02
5.480674889087677002e+02
5.534443085193634033e+02
5.587457494735717773e+02
5.638203365802764893e+02
5.693524320125579834e+02
5.748078918457031250e+02
5.802019963264465332e+02
5.854674570560455322e+02
5.911006727218627930e+02
5.963591082096099854e+02
6.017939634323120117e+02
6.071025183200836182e+02
6.125467591285705566e+02
6.179584772586822510e+02
6.233644680976867676e+02
6.285127933025360107e+02
6.337059805393218994e+02
6.392698071002960205e+02
6.443050751686096191e+02
6.495607984066009521e+02
6.547854351997375488e+02
6.601048033237457275e+02
6.655293915271759033e+02
6.707255661487579346e+02
6.758189833164215088e+02
6.810691940784454346e+02
6.863356816768646240e+02
6.913892812728881836e+02
6.966403658390045166e+02
7.019542562961578369e+02
7.069942696094512939e+02
7.124879767894744873e+02
7.178684117794036865e+02
7.228783242702484131e+02
7.283983354568481445e+02
7.336641323566436768e+02
7.386552572250366211e+02
7.436848549842834473e+02
7.488099021911621094e+02
7.542504515647888184e+02
7.594427914619445801e+02
7.646027259826660156e+02
7.696942148208618164e+02
7.750310761928558350e+02
7.801887445449829102e+02
7.854499869346618652e+02
7.906902139186859131e+02
7.958713996410369873e+02
8.009845366477966309e+02
8.061497108936309814e+02
8.111692810058593750e+02
8.167007157802581787e+02
8.218249530792236328e+02
8.273451309204101562e+02
8.326084356307983398e+02
8.378844344615936279e+02
8.431887321472167969e+02
8.490585484504699707e+02
8.547171504497528076e+02
8.599970138072967529e+02
8.652587432861328125e+02
8.708297414779663086e+02
8.763116290569305420e+02
8.818171350955963135e+02
8.870022699832916260e+02
8.924936208724975586e+02
8.976887512207031250e+02
9.028571963310241699e+02
9.080144302845001221e+02
9.130292778015136719e+02
9.180057878494262695e+02
9.230501697063446045e+02
9.279008767604827881e+02
9.329522190093994141e+02
9.380621235370635986e+02
9.433390223979949951e+02
9.483047113418579102e+02
9.536514458656311035e+02
9.589492311477661133e+02
9.639922742843627930e+02
9.690458521842956543e+02
9.740902020931243896e+02
9.790536875724792480e+02
9.840847342014312744e+02
9.894981582164764404e+02
9.947201845645904541e+02
9.999397509098052979e+02
1.005482666254043579e+03
1.011037262201309204e+03
1.016725219726562500e+03
1.022278087139129639e+03
1.028286688804626465e+03
1.033428719520568848e+03
1.038693732500076294e+03
1.043850213527679443e+03
1.049050737857818604e+03
1.054171247720718384e+03
1.059448203563690186e+03
