1.324440956115722656e+00
2.569828271865844727e+00
3.840732097625732422e+00
5.070606470108032227e+00
6.359523534774780273e+00
7.619919061660766602e+00
8.947363853454589844e+00
1.025379347801208496e+01
1.147867584228515625e+01
1.271855783462524414e+01
1.397595262527465820e+01
1.525786471366882324e+01
1.654477977752685547e+01
1.779366779327392578e+01
1.911060428619384766e+01
2.037450313568115234e+01
2.167492818832397461e+01
2.296984982490539551e+01
2.426527094841003418e+01
2.551966357231140137e+01
2.675053906440734863e+01
2.801343679428100586e+01
2.924581360816955566e+01
3.049620318412780762e+01
3.177261090278625488e+01
3.300598859786987305e+01
3.431942296028137207e+01
3.555983018875122070e+01
3.679771065711975098e+01
3.802958726882934570e+01
3.925045537948608398e+01
4.054737806320190430e+01
4.190284228324890137e+01
4.312921404838562012e+01
4.436959719657897949e+01
4.567952871322631836e+01
4.693442058563232422e+01
4.817481088638305664e+01
4.940517830848693848e+01
5.066257262229919434e+01
5.192697262763977051e+01
5.319437384605407715e+01
5.442026758193969727e+01
5.567666029930114746e+01
5.690703606605529785e+01
5.812940597534179688e+01
5.936728668212890625e+01
6.060440492630004883e+01
6.184028363227844238e+01
6.307816410064697266e+01
6.434406518936157227e+01
6.559695577621459961e+01
6.685485124588012695e+01
6.819830679893493652e+01
6.944619417190551758e+01
7.076113009452819824e+01
7.201452064514160156e+01
7.329743313789367676e+01
7.461236953735351562e+01
7.589077806472778320e+01
7.715817975997924805e+01
7.847761917114257812e+01
7.979855775833129883e+01
8.105346202850341797e+01
8.233637452125549316e+01
8.360477709770202637e+01
8.487818241119384766e+01
8.613657903671264648e+01
8.736845350265502930e+01
8.860333180427551270e+01
8.983620858192443848e+01
9.108709907531738281e+01
9.247258496284484863e+01
9.396214461326599121e+01
9.549473428726196289e+01
9.684219312667846680e+01
9.814211797714233398e+01
9.948357152938842773e+01
1.009806368350982666e+02
1.024877083301544189e+02
1.042044293880462646e+02
1.055864124298095703e+02
1.070564582347869873e+02
1.083713934421539307e+02
1.096568081378936768e+02
1.111523716449737549e+02
1.124387862682342529e+02
1.137427139282226562e+02
1.149565773010253906e+02
1.163685820102691650e+02
1.176429882049560547e+02
1.188788676261901855e+02
1.201352612972259521e+02
1.213821485042572021e+02
1.227316081523895264e+02
1.239890024662017822e+02
1.252619078159332275e+02
1.265713398456573486e+02
1.278297340869903564e+02
1.290420966148376465e+02
1.302629652023315430e+02
1.315048482418060303e+02
1.327257165908813477e+02
1.340241403579711914e+02
1.353320708274841309e+02
1.366570131778717041e+02
1.379774527549743652e+02
1.392513585090637207e+02
1.404857363700866699e+02
1.417241184711456299e+02
1.429419836997985840e+02
1.442218940258026123e+02
1.454532704353332520e+02
1.467011575698852539e+02
1.479305322170257568e+02
1.492980048656463623e+02
1.505203783512115479e+02
1.517657601833343506e+02
1.530356643199920654e+02
1.543125715255737305e+02
1.555744910240173340e+02
1.570655558109283447e+02
1.584395294189453125e+02
1.597239425182342529e+02
1.611619653701782227e+02
1.626265072822570801e+02
1.639714641571044922e+02
1.652233543395996094e+02
1.664557309150695801e+02
1.676770999431610107e+02
1.689359955787658691e+02
1.702569348812103271e+02
1.715378456115722656e+02
1.727977421283721924e+02
1.741051721572875977e+02
1.753890852928161621e+02
1.766334712505340576e+02
1.778793573379516602e+02
1.791437563896179199e+02
1.804501855373382568e+02
1.817185876369476318e+02
1.829714787006378174e+02
1.842228686809539795e+02
1.854647521972656250e+02
1.867346558570861816e+02
1.880315783023834229e+02
1.893159918785095215e+02
1.905713849067687988e+02
1.918492937088012695e+02
1.931517202854156494e+02
1.944461410045623779e+02
1.957030358314514160e+02
1.969434173107147217e+02
1.982663588523864746e+02
1.995242533683776855e+02
2.007986593246459961e+02
2.021386132240295410e+02
2.033965075016021729e+02
2.046884257793426514e+02
2.059318113327026367e+02
2.071766967773437500e+02
2.084050700664520264e+02
2.096654667854309082e+02
2.110394439697265625e+02
2.122733216285705566e+02
2.135139091014862061e+02
2.148048281669616699e+02
2.160597205162048340e+02
2.172960991859436035e+02
2.185499923229217529e+02
2.197968788146972656e+02
2.210622782707214355e+02
2.223011600971221924e+02
2.235415422916412354e+02
2.247674224376678467e+02
2.260037267208099365e+02
2.272441093921661377e+02
2.284759855270385742e+02
2.297068614959716797e+02
2.309352350234985352e+02
2.321666109561920166e+02
2.335015609264373779e+02
2.347579548358917236e+02
2.360213525295257568e+02
2.372652375698089600e+02
2.384961133003234863e+02
2.397224857807159424e+02
2.409638686180114746e+02
2.422357730865478516e+02
2.435056765079498291e+02
2.448391251564025879e+02
2.462256119251251221e+02
2.474935133457183838e+02
2.487419009208679199e+02
2.500583374500274658e+02
2.514173045158386230e+02
2.527572576999664307e+02
2.540261597633361816e+02
2.553120744228363037e+02
2.566084964275360107e+02
