7.232144355773925781e+00
1.272405052185058594e+01
1.804113912582397461e+01
2.313025927543640137e+01
2.862803244590759277e+01
3.446268272399902344e+01
3.981248855590820312e+01
4.508724117279052734e+01
5.024190711975097656e+01
5.556469273567199707e+01
6.074988126754760742e+01
6.605965852737426758e+01
7.143799710273742676e+01
7.710502743721008301e+01
8.262845587730407715e+01
8.792072057723999023e+01
9.352320551872253418e+01
9.904213118553161621e+01
1.041932947635650635e+02
1.093644733428955078e+02
1.147062733173370361e+02
1.201906743049621582e+02
1.256865837574005127e+02
1.313090829849243164e+02
1.366333701610565186e+02
1.419736690521240234e+02
1.475026021003723145e+02
1.528554089069366455e+02
1.586350207328796387e+02
1.641692066192626953e+02
1.696200833320617676e+02
1.750899741649627686e+02
1.808848543167114258e+02
1.864012777805328369e+02
1.917951142787933350e+02
1.971264066696166992e+02
2.025487644672393799e+02
2.079931364059448242e+02
2.134965517520904541e+02
2.191455690860748291e+02
2.246830062866210938e+02
2.300639529228210449e+02
2.354130704402923584e+02
2.408654289245605469e+02
2.461371276378631592e+02
2.516479330062866211e+02
2.572598373889923096e+02
2.627069892883300781e+02
2.681957833766937256e+02
2.736283740997314453e+02
2.789999587535858154e+02
2.844888863563537598e+02
2.900993318557739258e+02
2.955884878635406494e+02
3.009189629554748535e+02
3.063765239715576172e+02
3.117873342037200928e+02
3.172193548679351807e+02
3.227184636592864990e+02
3.281019773483276367e+02
3.335048170089721680e+02
3.388414423465728760e+02
3.442024469375610352e+02
3.497732396125793457e+02
3.552719304561614990e+02
3.604473674297332764e+02
3.657014665603637695e+02
3.709979197978973389e+02
3.763165366649627686e+02
3.815720436573028564e+02
3.867584710121154785e+02
3.928142840862274170e+02
3.983423736095428467e+02
4.039674963951110840e+02
4.095884041786193848e+02
4.152114148139953613e+02
4.206270234584808350e+02
4.262308845520019531e+02
4.317263448238372803e+02
4.372703378200531006e+02
4.431344082355499268e+02
4.487118518352508545e+02
4.543255143165588379e+02
4.598274974822998047e+02
4.655169005393981934e+02
4.709688901901245117e+02
4.763978669643402100e+02
4.818625130653381348e+02
4.872224953174591064e+02
4.927883319854736328e+02
4.981781408786773682e+02
5.036369364261627197e+02
5.089860379695892334e+02
5.142084038257598877e+02
5.195709977149963379e+02
5.250669293403625488e+02
5.305744998455047607e+02
5.363249065876007080e+02
5.423254094123840332e+02
5.482623538970947266e+02
5.541669235229492188e+02
5.603038179874420166e+02
5.659453320503234863e+02
5.711880600452423096e+02
5.765243558883666992e+02
5.819827387332916260e+02
5.876377611160278320e+02
5.931316688060760498e+02
5.986300802230834961e+02
6.043291342258453369e+02
6.096213979721069336e+02
6.147940771579742432e+02
6.198882012367248535e+02
6.250808947086334229e+02
6.302946031093597412e+02
6.355168180465698242e+02
6.408371031284332275e+02
6.469284355640411377e+02
6.525969674587249756e+02
6.579727909564971924e+02
6.631459712982177734e+02
6.684102151393890381e+02
6.735148463249206543e+02
6.786469969749450684e+02
6.838647084236145020e+02
6.891314547061920166e+02
6.944647481441497803e+02
6.998196163177490234e+02
7.050618453025817871e+02
7.104862034320831299e+02
7.158265020847320557e+02
7.210347070693969727e+02
7.262198953628540039e+02
7.313465564250946045e+02
7.364891998767852783e+02
7.416463680267333984e+02
7.467735152244567871e+02
7.519246792793273926e+02
7.570032916069030762e+02
7.622079944610595703e+02
7.673751692771911621e+02
7.725873768329620361e+02
7.776995136737823486e+02
7.828386690616607666e+02
7.880328781604766846e+02
7.932220551967620850e+02
7.984637839794158936e+02
8.038791353702545166e+02
8.098563866615295410e+02
8.153062634468078613e+02
8.204539246559143066e+02
8.256471190452575684e+02
8.311115059852600098e+02
8.370857551097869873e+02
8.422984638214111328e+02
8.475064001083374023e+02
8.526695718765258789e+02
8.579518289566040039e+02
8.650573832988739014e+02
8.711637268066406250e+02
8.766606369018554688e+02
8.821800627708435059e+02
8.874958467483520508e+02
8.929502241611480713e+02
8.982364840507507324e+02
9.038995349407196045e+02
9.095655655860900879e+02
9.164569678306579590e+02
9.228880488872528076e+02
9.292886023521423340e+02
9.356471242904663086e+02
9.420591857433319092e+02
9.483921906948089600e+02
9.545585768222808838e+02
9.604727830886840820e+02
9.662078628540039062e+02
9.717307910919189453e+02
9.772437138557434082e+02
9.828972344398498535e+02
9.885917844772338867e+02
9.942978432178497314e+02
1.000040928840637207e+03
1.005916107654571533e+03
1.011820307254791260e+03
1.017775043249130249e+03
1.023572667121887207e+03
1.029139626741409302e+03
1.034775135993957520e+03
1.040364110946655273e+03
1.046021134853363037e+03
1.051724191188812256e+03
1.057488792181015015e+03
1.063330447196960449e+03
1.069281680345535278e+03
1.075412547826766968e+03
1.081340770244598389e+03
1.087135391950607300e+03
1.092727370023727417e+03
1.098387396335601807e+03
1.103603605985641479e+03
