1.386861223727464676e-02
1.459854096174240112e-02
1.240875851362943649e-02
1.313868537545204163e-02
1.313868537545204163e-02
1.751824840903282166e-02
1.897810027003288269e-02
1.751824840903282166e-02
1.897810027003288269e-02
1.605839468538761139e-02
1.897810213267803192e-02
1.751825027167797089e-02
2.262773737311363220e-02
2.262773551046848297e-02
1.386861223727464676e-02
1.532846689224243164e-02
1.970802806317806244e-02
1.313868537545204163e-02
1.532846689224243164e-02
1.678832061588764191e-02
2.554744482040405273e-02
2.700729854404926300e-02
2.919708192348480225e-02
1.824817620217800140e-02
2.408759295940399170e-02
2.116788178682327271e-02
2.408759295940399170e-02
3.065693378448486328e-02
2.773722261190414429e-02
3.576642647385597229e-02
3.357664495706558228e-02
4.306569322943687439e-02
3.868613019585609436e-02
3.941605985164642334e-02
5.182481557130813599e-02
6.496350467205047607e-02
6.277371942996978760e-02
7.299269735813140869e-02
7.007298618555068970e-02
7.664233446121215820e-02
8.613138645887374878e-02
9.562043845653533936e-02
9.197080135345458984e-02
1.014598459005355835e-01
9.781022369861602783e-02
9.927007555961608887e-02
1.262773722410202026e-01
1.116788238286972046e-01
1.204379573464393616e-01
1.394160538911819458e-01
1.445255428552627563e-01
1.423357576131820679e-01
1.459853947162628174e-01
1.474452465772628784e-01
1.802919656038284302e-01
1.817518174648284912e-01
1.773722618818283081e-01
1.956204324960708618e-01
2.036496251821517944e-01
2.087591290473937988e-01
2.051094770431518555e-01
2.357664108276367188e-01
2.459853887557983398e-01
2.401459813117980957e-01
2.379561960697174072e-01
2.562043964862823486e-01
2.700729668140411377e-01
2.686131298542022705e-01
2.671532928943634033e-01
2.832116782665252686e-01
2.824817597866058350e-01
2.817518115043640137e-01
2.985401153564453125e-01
3.430656790733337402e-01
3.072992861270904541e-01
3.299269676208496094e-01
3.167883157730102539e-01
3.116788268089294434e-01
3.423357605934143066e-01
3.299269974231719971e-01
3.467153310775756836e-01
3.489051163196563721e-01
3.547445237636566162e-01
3.518247902393341064e-01
3.795620203018188477e-01
3.781021833419799805e-01
3.583941757678985596e-01
3.693430423736572266e-01
3.810219168663024902e-01
3.970802724361419678e-01
3.999999761581420898e-01
4.043795466423034668e-01
3.883211612701416016e-01
4.051094651222229004e-01
4.000000059604644775e-01
4.262773692607879639e-01
3.999999761581420898e-01
4.277372062206268311e-01
4.160583615303039551e-01
4.459854066371917725e-01
4.211679100990295410e-01
4.445255696773529053e-01
4.364963471889495850e-01
4.386861324310302734e-01
4.350364804267883301e-01
4.481751918792724609e-01
4.496349692344665527e-01
4.656934142112731934e-01
4.635036587715148926e-01
4.532846510410308838e-01
4.598540365695953369e-01
4.547444880008697510e-01
4.708029329776763916e-01
4.642335772514343262e-01
4.583941698074340820e-01
4.846715331077575684e-01
4.635035991668701172e-01
4.671532809734344482e-01
4.678831696510314941e-01
4.832116961479187012e-01
4.649634957313537598e-01
4.934306144714355469e-01
4.854014515876770020e-01
5.094890594482421875e-01
4.985401034355163574e-01
4.781021773815155029e-01
4.927007257938385010e-01
4.832116961479187012e-01
5.160583853721618652e-01
5.094890594482421875e-01
4.970802664756774902e-01
5.160583853721618652e-01
5.138685703277587891e-01
5.029196739196777344e-01
5.197080373764038086e-01
5.218977928161621094e-01
5.167883038520812988e-01
5.160583853721618652e-01
5.284671187400817871e-01
5.189781188964843750e-01
5.255473852157592773e-01
5.401459336280822754e-01
5.197080373764038086e-01
5.270073413848876953e-01
5.401459932327270508e-01
5.357664227485656738e-01
5.270072817802429199e-01
5.489050745964050293e-01
5.474452376365661621e-01
5.379561781883239746e-01
5.364963412284851074e-01
5.372262597084045410e-01
5.423357486724853516e-01
5.489051342010498047e-01
5.364963412284851074e-01
5.408759117126464844e-01
5.343065261840820312e-01
5.408759117126464844e-01
5.540145635604858398e-01
5.518247485160827637e-01
5.649634599685668945e-01
5.554744005203247070e-01
5.598539710044860840e-01
5.452554225921630859e-01
5.605839490890502930e-01
5.671532750129699707e-01
5.591240525245666504e-01
5.620437860488891602e-01
5.598539710044860840e-01
5.627737045288085938e-01
5.737226009368896484e-01
5.686131119728088379e-01
5.678831934928894043e-01
5.795620083808898926e-01
5.671532750129699707e-01
5.737226009368896484e-01
5.605839490890502930e-01
5.693430900573730469e-01
5.773722529411315918e-01
5.854014754295349121e-01
5.700730085372924805e-01
5.795620679855346680e-01
5.839416384696960449e-01
5.649635195732116699e-01
5.890510678291320801e-01
5.905109643936157227e-01
5.956203937530517578e-01
5.948905348777770996e-01
5.766423940658569336e-01
5.992700457572937012e-01
5.839415788650512695e-01
6.029196977615356445e-01
5.919708013534545898e-01
6.029196977615356445e-01
6.080291271209716797e-01
6.021897792816162109e-01
5.875912308692932129e-01
6.065692901611328125e-01
5.883211493492126465e-01
5.948904752731323242e-01
