1.605839468538761139e-02
2.043795771896839142e-02
1.605839468538761139e-02
1.605839468538761139e-02
1.313868537545204163e-02
2.554744482040405273e-02
1.678831875324249268e-02
1.094890385866165161e-02
1.459853909909725189e-02
1.751824654638767242e-02
1.532846502959728241e-02
1.678832061588764191e-02
1.970802992582321167e-02
1.532846782356500626e-02
1.605839282274246216e-02
1.605839282274246216e-02
2.262773923575878143e-02
2.408759295940399170e-02
1.970802992582321167e-02
2.043795399367809296e-02
1.532846689224243164e-02
8.029196411371231079e-03
1.094890478998422623e-02
1.751824840903282166e-02
1.824817620217800140e-02
2.554744482040405273e-02
1.678832061588764191e-02
1.459853909909725189e-02
1.386861223727464676e-02
1.897810213267803192e-02
1.751824654638767242e-02
1.751824840903282166e-02
1.824817247688770294e-02
2.262773737311363220e-02
1.605839468538761139e-02
1.970802806317806244e-02
2.116788178682327271e-02
2.043795585632324219e-02
2.189780771732330322e-02
1.824817247688770294e-02
1.751824654638767242e-02
2.116788364946842194e-02
1.532846689224243164e-02
1.824817620217800140e-02
2.335766330361366272e-02
1.897810213267803192e-02
2.116788364946842194e-02
1.751824840903282166e-02
1.313868630677461624e-02
1.459854003041982651e-02
2.335766330361366272e-02
1.897810027003288269e-02
1.678832061588764191e-02
2.189780957996845245e-02
1.824817433953285217e-02
1.824817433953285217e-02
2.481751516461372375e-02
2.335766516625881195e-02
1.605839468538761139e-02
1.751824654638767242e-02
1.751824840903282166e-02
2.335766330361366272e-02
1.751824840903282166e-02
1.678832247853279114e-02
2.116788364946842194e-02
1.970802806317806244e-02
1.678832061588764191e-02
2.189781144261360168e-02
2.554744482040405273e-02
2.116788178682327271e-02
2.116788178682327271e-02
2.408759109675884247e-02
3.430656716227531433e-02
3.065693378448486328e-02
3.211678937077522278e-02
3.357664123177528381e-02
3.941605612635612488e-02
4.087591171264648438e-02
5.328467115759849548e-02
5.328466743230819702e-02
5.255474522709846497e-02
6.277372688055038452e-02
7.153285294771194458e-02
7.591240853071212769e-02
7.445254921913146973e-02
7.372262328863143921e-02
7.007298618555068970e-02
9.854014217853546143e-02
8.978102356195449829e-02
1.029197126626968384e-01
1.102189645171165466e-01
1.021897792816162109e-01
1.233576610684394836e-01
1.299270093441009521e-01
1.394160538911819458e-01
1.277372241020202637e-01
1.489050984382629395e-01
1.467153280973434448e-01
1.532846689224243164e-01
1.583941429853439331e-01
1.875912398099899292e-01
1.970802992582321167e-01
1.956204324960708618e-01
2.131386697292327881e-01
2.160583734512329102e-01
2.145985364913940430e-01
2.357664257287979126e-01
2.328467071056365967e-01
2.350364923477172852e-01
2.744525372982025146e-01
2.664233446121215820e-01
2.547445297241210938e-01
2.744525671005249023e-01
2.875912189483642578e-01
2.839415967464447021e-01
2.905109524726867676e-01
2.817518115043640137e-01
3.000000119209289551e-01
2.970802485942840576e-01
3.138686120510101318e-01
3.175182342529296875e-01
3.226277232170104980e-01
3.051095008850097656e-01
3.262773752212524414e-01
3.394160568714141846e-01
3.218977749347686768e-01
3.401459753513336182e-01
3.416058719158172607e-01
3.379561901092529297e-01
3.729926943778991699e-01
3.649634718894958496e-01
3.489051163196563721e-01
3.671532869338989258e-01
3.759124279022216797e-01
3.686130940914154053e-01
3.635036349296569824e-01
3.700729608535766602e-01
3.875912427902221680e-01
3.781021833419799805e-01
4.058394134044647217e-01
4.029196798801422119e-01
4.007299542427062988e-01
3.927007317543029785e-01
4.109489023685455322e-01
4.109489023685455322e-01
4.218978285789489746e-01
4.211678802967071533e-01
4.233576953411102295e-01
4.189780950546264648e-01
4.328467249870300293e-01
4.233576059341430664e-01
4.372262656688690186e-01
4.408759176731109619e-01
4.467153251171112061e-01
4.569342732429504395e-01
4.291970729827880859e-01
4.328467249870300293e-01
4.445255100727081299e-01
4.401459991931915283e-01
4.489051103591918945e-01
4.583941400051116943e-01
4.503649473190307617e-01
4.635036587715148926e-01
4.562043845653533936e-01
4.605839550495147705e-01
4.708029031753540039e-01
4.620437920093536377e-01
4.751824438571929932e-01
4.854014515876770020e-01
4.664233028888702393e-01
4.554744660854339600e-01
4.824817180633544922e-01
4.912408590316772461e-01
4.788320660591125488e-01
4.817518293857574463e-01
4.897810220718383789e-01
5.072993040084838867e-01
4.832116365432739258e-01
4.956204295158386230e-01
4.999999701976776123e-01
4.941605925559997559e-01
5.036496520042419434e-01
5.029196739196777344e-01
5.138685703277587891e-01
5.204379558563232422e-01
5.167883038520812988e-01
5.189780592918395996e-01
5.226277112960815430e-01
5.138685703277587891e-01
5.065693259239196777e-01
5.124087929725646973e-01
5.116788148880004883e-01
5.306569337844848633e-01
5.072992444038391113e-01
5.306568741798400879e-01
5.094890594482421875e-01
5.350365042686462402e-01
5.270072817802429199e-01
5.218977928161621094e-01
5.255474448204040527e-01
