2.010430335998535156e+00
3.734156131744384766e+00
5.462396144866943359e+00
7.196129798889160156e+00
8.949376583099365234e+00
1.073614740371704102e+01
1.247838687896728516e+01
1.423013305664062500e+01
1.599638915061950684e+01
1.782920932769775391e+01
1.966966915130615234e+01
2.144135928153991699e+01
2.327993440628051758e+01
2.510091042518615723e+01
2.688446688652038574e+01
2.868402552604675293e+01
3.044759011268615723e+01
3.226966166496276855e+01
3.408742141723632812e+01
3.583813667297363281e+01
3.763059186935424805e+01
3.939454317092895508e+01
4.114953994750976562e+01
4.290950989723205566e+01
4.467022228240966797e+01
4.641717576980590820e+01
4.819265222549438477e+01
4.996488285064697266e+01
5.172592210769653320e+01
5.351356434822082520e+01
5.527224993705749512e+01
5.705559253692626953e+01
5.882455253601074219e+01
6.045611262321472168e+01
6.209387969970703125e+01
6.370056986808776855e+01
6.528297996520996094e+01
6.691407179832458496e+01
6.854823827743530273e+01
7.014861822128295898e+01
7.174501013755798340e+01
7.332450032234191895e+01
7.493002367019653320e+01
7.651156163215637207e+01
7.809891104698181152e+01
7.971755766868591309e+01
8.130945372581481934e+01
8.290404033660888672e+01
8.449949026107788086e+01
8.625209355354309082e+01
8.800998163223266602e+01
8.973657464981079102e+01
9.137137460708618164e+01
9.297482180595397949e+01
9.458793377876281738e+01
9.619500470161437988e+01
9.782352304458618164e+01
9.943494749069213867e+01
1.010148651599884033e+02
1.026346647739410400e+02
1.042580411434173584e+02
1.058976950645446777e+02
1.078626604080200195e+02
1.097087202072143555e+02
1.118903992176055908e+02
1.139098515510559082e+02
1.158618249893188477e+02
1.176977531909942627e+02
1.197287960052490234e+02
1.222456989288330078e+02
1.239425368309020996e+02
1.255825343132019043e+02
1.273846476078033447e+02
1.291672356128692627e+02
1.308143587112426758e+02
1.325720584392547607e+02
1.342426922321319580e+02
1.358869292736053467e+02
1.376378996372222900e+02
1.392905724048614502e+02
1.409617533683776855e+02
1.427272243499755859e+02
1.443723468780517578e+02
1.460156598091125488e+02
1.478138701915740967e+02
1.494625608921051025e+02
1.511303949356079102e+02
1.528823659420013428e+02
1.545650689601898193e+02
1.562287530899047852e+02
1.579504768848419189e+02
1.596301715373992920e+02
1.613829190731048584e+02
1.631016409397125244e+02
1.647918429374694824e+02
1.665475928783416748e+02
1.682397964000701904e+02
1.698714561462402344e+02
1.717052657604217529e+02
1.733814585208892822e+02
1.750641558170318604e+02
1.768108973503112793e+02
1.784815855026245117e+02
1.801122465133666992e+02
1.818925130367279053e+02
1.835677039623260498e+02
1.852258844375610352e+02
1.870031471252441406e+02
1.887483887672424316e+02
1.904020650386810303e+02
1.922243614196777344e+02
1.938870439529418945e+02
1.956402914524078369e+02
1.976367115974426270e+02
1.994324889183044434e+02
2.012883090972900391e+02
2.032311909198760986e+02
2.053401908874511719e+02
2.072510538101196289e+02
2.090188105106353760e+02
2.107700655460357666e+02
2.125017974376678467e+02
2.143205909729003906e+02
2.162674763202667236e+02
2.182994289398193359e+02
2.202368083000183105e+02
2.224028484821319580e+02
2.242851877212524414e+02
2.260419371128082275e+02
2.282990703582763672e+02
2.305116438865661621e+02
2.323454475402832031e+02
2.341137061119079590e+02
2.359089825153350830e+02
2.377758102416992188e+02
2.395775923728942871e+02
2.413733696937561035e+02
2.431661450862884521e+02
2.456444072723388672e+02
2.477909510135650635e+02
2.496427686214447021e+02
2.514130282402038574e+02
2.532068033218383789e+02
2.550095858573913574e+02
2.568238763809204102e+02
2.586081464290618896e+02
2.603854095935821533e+02
2.621631746292114258e+02
2.639879727363586426e+02
2.664292092323303223e+02
2.682084743976593018e+02
2.699677257537841797e+02
2.717414877414703369e+02
2.735202527046203613e+02
2.753070244789123535e+02
2.770612716674804688e+02
2.788695580959320068e+02
2.806703395843505859e+02
2.824546082019805908e+02
2.842288701534271240e+02
2.860091361999511719e+02
2.878079164028167725e+02
2.895921854972839355e+02
2.913969688415527344e+02
2.931637260913848877e+02
2.949725122451782227e+02
2.967762956619262695e+02
2.985650682449340820e+02
3.003518385887145996e+02
3.021346068382263184e+02
3.039098715782165527e+02
3.057016437053680420e+02
3.074799087047576904e+02
3.092831919193267822e+02
3.110569527149200439e+02
3.128227093219757080e+02
3.146455063819885254e+02
3.164302752017974854e+02
3.182200486660003662e+02
3.200308361053466797e+02
3.218076007366180420e+02
3.236454074382781982e+02
3.254396839141845703e+02
3.272679846286773682e+02
3.290808024406433105e+02
3.308525631427764893e+02
3.326193192005157471e+02
3.344216017723083496e+02
3.362514030933380127e+02
3.380481810569763184e+02
3.398569674491882324e+02
3.416652541160583496e+02
3.434685370922088623e+02
3.452543072700500488e+02
3.470245661735534668e+02
3.488178415298461914e+02
3.505966079235076904e+02
3.523678665161132812e+02
3.541686472892761230e+02
3.559834387302398682e+02
