1.904761977493762970e-02
1.806239783763885498e-02
1.937602646648883820e-02
1.707717590034008026e-02
1.773399114608764648e-02
1.444991771131753922e-02
1.904761977493762970e-02
1.871921122074127197e-02
1.871920935809612274e-02
1.806239783763885498e-02
1.543513964861631393e-02
1.707717590034008026e-02
2.200328372418880463e-02
1.642036065459251404e-02
1.740558259189128876e-02
1.510673109441995621e-02
1.773398928344249725e-02
1.773398742079734802e-02
2.036124840378761292e-02
1.642036065459251404e-02
1.510673109441995621e-02
1.806239597499370575e-02
2.331691421568393707e-02
1.773399114608764648e-02
2.101806178689002991e-02
2.003284171223640442e-02
2.200328372418880463e-02
2.003284171223640442e-02
1.674876734614372253e-02
1.806239783763885498e-02
1.839080266654491425e-02
2.134647034108638763e-02
2.003283984959125519e-02
2.430213429033756256e-02
2.791461534798145294e-02
3.119868412613868713e-02
3.645320236682891846e-02
4.532019793987274170e-02
4.958948865532875061e-02
5.353037640452384949e-02
6.469622999429702759e-02
6.929392367601394653e-02
7.914614677429199219e-02
8.243021368980407715e-02
9.589491039514541626e-02
9.983579814434051514e-02
1.133004873991012573e-01
1.188834086060523987e-01
1.257799565792083740e-01
1.228243038058280945e-01
1.402298957109451294e-01
1.553366184234619141e-01
1.622331738471984863e-01
1.730706095695495605e-01
1.852216720581054688e-01
1.927750259637832642e-01
2.029556632041931152e-01
2.029556781053543091e-01
2.203612625598907471e-01
2.456485927104949951e-01
2.325122952461242676e-01
2.594417035579681396e-01
2.597700953483581543e-01
2.775041162967681885e-01
2.788177132606506348e-01
3.027914464473724365e-01
3.044334948062896729e-01
3.270936012268066406e-01
3.188833892345428467e-01
3.287355899810791016e-01
3.339901268482208252e-01
3.392446637153625488e-01
3.576354682445526123e-01
3.628899753093719482e-01
3.461412191390991211e-01
3.793103098869323730e-01
3.671592473983764648e-01
3.799671232700347900e-01
3.891625404357910156e-01
3.944170475006103516e-01
3.960590958595275879e-01
4.098521769046783447e-01
4.095237851142883301e-01
4.098521769046783447e-01
4.183907508850097656e-01
4.134646654129028320e-01
4.321838915348052979e-01
4.285714030265808105e-01
4.384236335754394531e-01
4.440065622329711914e-01
4.351395368576049805e-01
4.410508573055267334e-01
4.525451064109802246e-01
4.518883228302001953e-01
4.604268968105316162e-01
4.479474127292633057e-01
4.844006299972534180e-01
4.692938625812530518e-01
4.696223139762878418e-01
4.742199778556823730e-01
4.853858947753906250e-01
4.788176715373992920e-01
4.955664873123168945e-01
4.949096441268920898e-01
5.027914643287658691e-01
4.860426485538482666e-01
5.021345615386962891e-01
5.064039230346679688e-01
4.985221624374389648e-01
5.172413587570190430e-01
5.050902962684631348e-01
5.024629831314086914e-01
5.205253958702087402e-01
5.188834071159362793e-01
5.185549855232238770e-01
5.254515409469604492e-01
5.182265043258666992e-01
5.195401906967163086e-01
5.307060480117797852e-01
5.376025438308715820e-01
5.461411476135253906e-01
5.267651677131652832e-01
5.349752902984619141e-01
5.435138940811157227e-01
5.218390226364135742e-01
5.520524978637695312e-01
5.431854724884033203e-01
5.471263527870178223e-01
5.615763068199157715e-01
5.504104495048522949e-01
5.533660650253295898e-01
5.520524978637695312e-01
5.553365349769592285e-01
5.504103899002075195e-01
5.619046688079833984e-01
5.632182955741882324e-01
5.642035007476806641e-01
5.530377030372619629e-01
5.717568397521972656e-01
5.733989477157592773e-01
5.714285373687744141e-01
5.655171871185302734e-01
5.796387195587158203e-01
5.707716941833496094e-01
5.842363834381103516e-01
5.750409960746765137e-01
5.638750791549682617e-01
5.812807679176330566e-01
5.760262012481689453e-01
5.862068533897399902e-01
5.783250927925109863e-01
5.848931670188903809e-01
5.835796594619750977e-01
5.829228162765502930e-01
5.914613604545593262e-01
5.865352153778076172e-01
5.848932266235351562e-01
5.960590839385986328e-01
5.996715426445007324e-01
5.954022407531738281e-01
5.993431210517883301e-01
6.032840013504028320e-01
5.934317708015441895e-01
6.059112548828125000e-01
5.957306027412414551e-01
6.072249412536621094e-01
6.091953516006469727e-01
5.977011322975158691e-01
6.082100868225097656e-01
6.082100868225097656e-01
6.055828928947448730e-01
5.999999046325683594e-01
5.977010726928710938e-01
6.059112548828125000e-01
5.983579158782958984e-01
6.052545309066772461e-01
6.177338957786560059e-01
6.144497990608215332e-01
6.197043657302856445e-01
6.190475225448608398e-01
6.193759441375732422e-01
6.108373403549194336e-01
6.272577643394470215e-01
6.233168244361877441e-01
6.252872347831726074e-01
6.210179924964904785e-01
6.298849582672119141e-01
6.292281746864318848e-01
6.187191009521484375e-01
6.266009211540222168e-01
6.190475821495056152e-01
6.269292831420898438e-01
6.331690549850463867e-01
6.272577047348022461e-01
6.151066422462463379e-01
6.233168840408325195e-01
6.200327873229980469e-01
6.302133798599243164e-01
6.315270066261291504e-01
6.298849582672119141e-01
