3.529802083969116211e+00
6.616997718811035156e+00
9.717057228088378906e+00
1.281126189231872559e+01
1.589795541763305664e+01
1.899465537071228027e+01
2.207834267616271973e+01
2.515302658081054688e+01
2.824892210960388184e+01
3.133128499984741211e+01
3.457149815559387207e+01
3.771115040779113770e+01
4.078083133697509766e+01
4.391855955123901367e+01
4.699574565887451172e+01
5.006315088272094727e+01
5.311535453796386719e+01
5.618787360191345215e+01
5.932261538505554199e+01
6.239095997810363770e+01
6.552508687973022461e+01
6.866605377197265625e+01
7.180257821083068848e+01
7.493588638305664062e+01
7.799100399017333984e+01
8.107443952560424805e+01
8.414837431907653809e+01
8.723046970367431641e+01
9.030715608596801758e+01
9.349971914291381836e+01
9.662982368469238281e+01
9.978985309600830078e+01
1.029595108032226562e+02
1.060823614597320557e+02
1.092169783115386963e+02
1.124481582641601562e+02
1.155683791637420654e+02
1.186713469028472900e+02
1.217679178714752197e+02
1.249237475395202637e+02
1.280995831489562988e+02
1.312340621948242188e+02
1.343689303398132324e+02
1.374929289817810059e+02
1.405732336044311523e+02
1.437303030490875244e+02
1.468249318599700928e+02
1.499340937137603760e+02
1.530538916587829590e+02
1.562233667373657227e+02
1.594121415615081787e+02
1.625482957363128662e+02
1.656548762321472168e+02
1.687580902576446533e+02
1.719377095699310303e+02
1.750854458808898926e+02
1.782024016380310059e+02
1.813581757545471191e+02
1.845175297260284424e+02
1.877460250854492188e+02
1.908684153556823730e+02
1.939823393821716309e+02
1.970800912380218506e+02
2.002323968410491943e+02
2.033917975425720215e+02
2.065290653705596924e+02
2.096934106349945068e+02
2.127874441146850586e+02
2.159660367965698242e+02
2.190653140544891357e+02
2.222013943195343018e+02
2.253478996753692627e+02
2.284701979160308838e+02
2.316195716857910156e+02
2.347479517459869385e+02
2.378744666576385498e+02
2.410732662677764893e+02
2.442015106678009033e+02
2.473317439556121826e+02
2.504009199142456055e+02
2.534642620086669922e+02
2.566060912609100342e+02
2.597180213928222656e+02
2.628848381042480469e+02
2.659891078472137451e+02
2.691007983684539795e+02
2.721845679283142090e+02
2.753045239448547363e+02
2.784052145481109619e+02
2.815191996097564697e+02
2.846138846874237061e+02
2.877267785072326660e+02
2.908212676048278809e+02
2.938973507881164551e+02
2.970113935470581055e+02
3.001160068511962891e+02
3.032236552238464355e+02
3.063252232074737549e+02
3.094972629547119141e+02
3.126419982910156250e+02
3.157553439140319824e+02
3.188569948673248291e+02
3.219689493179321289e+02
3.251012289524078369e+02
3.281789805889129639e+02
3.312762448787689209e+02
3.344640734195709229e+02
3.375796842575073242e+02
3.407003514766693115e+02
3.438377380371093750e+02
3.469072430133819580e+02
3.500034592151641846e+02
3.531120021343231201e+02
3.562295184135437012e+02
3.593284242153167725e+02
3.624562051296234131e+02
3.656444466114044189e+02
3.687812576293945312e+02
3.719089553356170654e+02
3.749859752655029297e+02
3.781215257644653320e+02
3.812198235988616943e+02
3.844184153079986572e+02
3.874908158779144287e+02
3.905641636848449707e+02
3.936359694004058838e+02
3.967431888580322266e+02
3.998418633937835693e+02
4.029055037498474121e+02
4.059898939132690430e+02
4.091082587242126465e+02
4.122194678783416748e+02
4.153236248493194580e+02
4.183956954479217529e+02
4.214879031181335449e+02
4.245727696418762207e+02
4.276610286235809326e+02
4.307761781215667725e+02
4.338872783184051514e+02
4.370037791728973389e+02
4.401224949359893799e+02
4.431860175132751465e+02
4.462564699649810791e+02
4.493270280361175537e+02
4.524633390903472900e+02
4.556516041755676270e+02
4.587963380813598633e+02
4.619150536060333252e+02
4.650337696075439453e+02
4.681404840946197510e+02
4.712451903820037842e+02
4.743604030609130859e+02
4.774776177406311035e+02
4.806068410873413086e+02
4.837015388011932373e+02
4.868497757911682129e+02
4.899950101375579834e+02
4.930972146987915039e+02
4.962284381389617920e+02
4.993861815929412842e+02
5.024373488426208496e+02
5.055570654869079590e+02
5.087053172588348389e+02
5.118090219497680664e+02
5.153145124912261963e+02
5.184982745647430420e+02
5.216645452976226807e+02
5.248908379077911377e+02
5.280605897903442383e+02
5.312814784049987793e+02
5.344272122383117676e+02
5.375104033946990967e+02
5.406226141452789307e+02
5.437753534317016602e+02
5.468795592784881592e+02
5.500953433513641357e+02
5.531975491046905518e+02
5.563557963371276855e+02
5.595385580062866211e+02
5.628714256286621094e+02
5.662603485584259033e+02
5.695156605243682861e+02
5.728160049915313721e+02
5.760402963161468506e+02
5.793586530685424805e+02
5.825799415111541748e+02
5.857381846904754639e+02
5.888814177513122559e+02
5.920341775417327881e+02
5.951949241161346436e+02
5.983276488780975342e+02
6.014813892841339111e+02
6.046666524410247803e+02
6.084878668785095215e+02
6.116516144275665283e+02
6.147838399410247803e+02
6.179325768947601318e+02
6.210758090019226074e+02
6.241524949073791504e+02
6.272677083015441895e+02
