3.305965185165405273e+00
6.165482997894287109e+00
9.050032138824462891e+00
1.196129775047302246e+01
1.499713206291198730e+01
1.807331752777099609e+01
2.092234110832214355e+01
2.383219861984252930e+01
2.672662019729614258e+01
2.959083986282348633e+01
3.245887732505798340e+01
3.536487841606140137e+01
3.831347346305847168e+01
4.119852304458618164e+01
4.407666587829589844e+01
4.698045468330383301e+01
4.990765118598937988e+01
5.282522392272949219e+01
5.597446131706237793e+01
5.894658064842224121e+01
6.184964275360107422e+01
6.476621890068054199e+01
6.768579316139221191e+01
7.071857929229736328e+01
7.360913252830505371e+01
7.653120851516723633e+01
7.945778751373291016e+01
8.232382345199584961e+01
8.521237564086914062e+01
8.823352146148681641e+01
9.116761350631713867e+01
9.447946619987487793e+01
9.736494088172912598e+01
1.002582972049713135e+02
1.032113950252532959e+02
1.061169590950012207e+02
1.090548734664916992e+02
1.119889798164367676e+02
1.149450798034667969e+02
1.178796646595001221e+02
1.207872297763824463e+02
1.237368254661560059e+02
1.266624035835266113e+02
1.296370165348052979e+02
1.325615942478179932e+02
1.355106899738311768e+02
1.384697983264923096e+02
1.413988795280456543e+02
1.443189537525177002e+02
1.472100138664245605e+02
1.501040689945220947e+02
1.530091331005096436e+02
1.560362472534179688e+02
1.591524670124053955e+02
1.620420196056365967e+02
1.650296874046325684e+02
1.679916934967041016e+02
1.708622400760650635e+02
1.737678039073944092e+02
1.767043900489807129e+02
1.796367971897125244e+02
1.825328543186187744e+02
1.858562159538269043e+02
1.887707858085632324e+02
1.917028687000274658e+02
1.946052489280700684e+02
1.975858929157257080e+02
2.004594342708587646e+02
2.033649985790252686e+02
2.063306047916412354e+02
2.092435839176177979e+02
2.121655941009521484e+02
2.151016807556152344e+02
2.180142500400543213e+02
2.209232146739959717e+02
2.238217740058898926e+02
2.267313480377197266e+02
2.296399145126342773e+02
2.325654921531677246e+02
2.355475945472717285e+02
2.384051239490509033e+02
2.412824850082397461e+02
2.442671058177947998e+02
2.472928283214569092e+02
2.502082624435424805e+02
2.531347491741180420e+02
2.560656611919403076e+02
2.590041484832763672e+02
2.619126243591308594e+02
2.648176889419555664e+02
2.677415499687194824e+02
2.706656279563903809e+02
2.735712044239044189e+02
2.765241322517395020e+02
2.794522123336791992e+02
2.823267543315887451e+02
2.852483296394348145e+02
2.881639008522033691e+02
2.911034889221191406e+02
2.940090608596801758e+02
2.969417047500610352e+02
2.998842961788177490e+02
3.027869327068328857e+02
3.056848363876342773e+02
3.085984065532684326e+02
3.115484828948974609e+02
3.144850687980651855e+02
3.174159629344940186e+02
3.203335428237915039e+02
3.232481133937835693e+02
3.261595733165740967e+02
3.290551302433013916e+02
3.320130634307861328e+02
3.349366405010223389e+02
3.378548731803894043e+02
3.407894582748413086e+02
3.437365512847900391e+02
3.466284465789794922e+02
3.495280063152313232e+02
3.524285666942596436e+02
3.554757316112518311e+02
3.584620442390441895e+02
3.613951282501220703e+02
3.643011927604675293e+02
3.672183248996734619e+02
3.700847139358520508e+02
3.730356147289276123e+02
3.759651961326599121e+02
3.788942773342132568e+02
3.818325607776641846e+02
3.847181112766265869e+02
3.876471922397613525e+02
3.906107971668243408e+02
3.935068540573120117e+02
3.964424462318420410e+02
3.993648986816406250e+02
4.022942333221435547e+02
4.051829471588134766e+02
4.081035211086273193e+02
4.110022096633911133e+02
4.139463012218475342e+02
4.168343524932861328e+02
4.197874510288238525e+02
4.226830074787139893e+02
4.256124470233917236e+02
4.285354959964752197e+02
4.314545700550079346e+02
4.343296120166778564e+02
4.372441828250885010e+02
4.401731746196746826e+02
4.430806891918182373e+02
4.460334746837615967e+02
4.489670586585998535e+02
4.518861324787139893e+02
4.548192389011383057e+02
4.577618298530578613e+02
4.606864070892333984e+02
4.636045031547546387e+02
4.665410895347595215e+02
4.695277116298675537e+02
4.724562916755676270e+02
4.753983819484710693e+02
4.782904357910156250e+02
4.812330272197723389e+02
4.842046377658843994e+02
4.874404366016387939e+02
4.904398121833801270e+02
4.933623878955841064e+02
4.962919139862060547e+02
4.992083735466003418e+02
5.021918413639068604e+02
5.051109147071838379e+02
5.080384948253631592e+02
5.109341301918029785e+02
5.138677260875701904e+02
5.168138043880462646e+02
5.197217819690704346e+02
5.226568717956542969e+02
5.255959601402282715e+02
5.285550675392150879e+02
5.314956567287445068e+02
5.344187421798706055e+02
5.374263782501220703e+02
5.403689687252044678e+02
5.432595224380493164e+02
5.461493051052093506e+02
5.490671744346618652e+02
5.520477917194366455e+02
5.549412348270416260e+02
5.579113452434539795e+02
5.608357820510864258e+02
5.637761988639831543e+02
5.667367346286773682e+02
5.696277971267700195e+02
5.725792939662933350e+02
5.754707345962524414e+02
5.784168279170989990e+02
5.813569159507751465e+02
5.842842440605163574e+02
5.872093224525451660e+02
