3.075184583663940430e+00
5.831142187118530273e+00
8.568587064743041992e+00
1.130555152893066406e+01
1.401797795295715332e+01
1.671989774703979492e+01
1.946184563636779785e+01
2.219828987121582031e+01
2.496165800094604492e+01
2.771760129928588867e+01
3.043603277206420898e+01
3.315546417236328125e+01
3.592993521690368652e+01
3.864738130569458008e+01
4.135989594459533691e+01
4.423961687088012695e+01
4.705761909484863281e+01
4.979806470870971680e+01
5.252149987220764160e+01
5.523392701148986816e+01
5.799697422981262207e+01
6.074570703506469727e+01
6.353056764602661133e+01
6.635410046577453613e+01
6.913856387138366699e+01
7.189102005958557129e+01
7.461067867279052734e+01
7.739565825462341309e+01
8.020415210723876953e+01
8.294409894943237305e+01
8.570733499526977539e+01
8.869245624542236328e+01
9.144758319854736328e+01
9.423108720779418945e+01
9.697303533554077148e+01
9.985958719253540039e+01
1.026190464496612549e+02
1.054290425777435303e+02
1.081729922294616699e+02
1.109919943809509277e+02
1.137489528656005859e+02
1.165039103031158447e+02
1.192448573112487793e+02
1.219955520629882812e+02
1.247470066547393799e+02
1.275214776992797852e+02
1.302869422435760498e+02
1.330103769302368164e+02
1.358078646659851074e+02
1.385573174953460693e+02
1.414210159778594971e+02
1.441434495449066162e+02
1.469049110412597656e+02
1.496768803596496582e+02
1.526124732494354248e+02
1.553324043750762939e+02
1.580623440742492676e+02
1.608171632289886475e+02
1.635726261138916016e+02
1.663155751228332520e+02
1.690710358619689941e+02
1.718860356807708740e+02
1.748916802406311035e+02
1.776516411304473877e+02
1.803895859718322754e+02
1.831460447311401367e+02
1.863318076133728027e+02
1.890942811965942383e+02
1.918640358448028564e+02
1.946097705364227295e+02
1.973622260093688965e+02
2.000956680774688721e+02
2.028661358356475830e+02
2.056521153450012207e+02
2.083906655311584473e+02
2.111661376953125000e+02
2.139571199417114258e+02
2.167075824737548828e+02
2.194871408939361572e+02
2.222485792636871338e+02
2.249965612888336182e+02
2.277865464687347412e+02
2.308662340641021729e+02
2.336452102661132812e+02
2.364116868972778320e+02
2.391876583099365234e+02
2.419451177120208740e+02
2.446992640495300293e+02
2.474930810928344727e+02
2.502895674705505371e+02
2.530605361461639404e+02
2.558243107795715332e+02
2.586478166580200195e+02
2.613874363899230957e+02
2.641312603950500488e+02
2.668680992126464844e+02
2.696705756187438965e+02
2.724540526866912842e+02
2.752615475654602051e+02
2.779779770374298096e+02
2.807564508914947510e+02
2.835164117813110352e+02
2.862878801822662354e+02
2.890603499412536621e+02
2.918042995929718018e+02
2.945532522201538086e+02
2.973677663803100586e+02
3.000866210460662842e+02
3.030997617244720459e+02
3.058765718936920166e+02
3.086375334262847900e+02
3.113944911956787109e+02
3.142023746967315674e+02
3.170759158134460449e+02
3.198959190845489502e+02
3.226668877601623535e+02
3.254222297668457031e+02
3.281617801189422607e+02
3.309367520809173584e+02
3.337362401485443115e+02
3.365243279933929443e+02
3.392702786922454834e+02
3.420472507476806641e+02
3.448287279605865479e+02
3.476282157897949219e+02
3.503906786441802979e+02
3.531776580810546875e+02
3.559536507129669189e+02
3.587331104278564453e+02
3.614690592288970947e+02
3.641890645027160645e+02
3.669420204162597656e+02
3.697114877700805664e+02
3.724679455757141113e+02
3.752724380493164062e+02
3.780609190464019775e+02
3.809804935455322266e+02
3.838205447196960449e+02
3.865684971809387207e+02
3.893744902610778809e+02
3.921669754981994629e+02
3.949574563503265381e+02
3.977399330139160156e+02
4.005374205112457275e+02
4.033277897834777832e+02
4.061395838260650635e+02
4.088760280609130859e+02
4.116720144748687744e+02
4.144394860267639160e+02
4.172229728698730469e+02
4.200469791889190674e+02
4.228160438537597656e+02
4.255795073509216309e+02
4.283474731445312500e+02
4.311279487609863281e+02
4.339009184837341309e+02
4.366914012432098389e+02
4.394989209175109863e+02
4.422818975448608398e+02
4.450850496292114258e+02
4.479305713176727295e+02
4.507030408382415771e+02
4.535115363597869873e+02
4.562890095710754395e+02
4.590499703884124756e+02
4.618404533863067627e+02
4.646374399662017822e+02
4.674244196414947510e+02
4.701908848285675049e+02
4.729523472785949707e+02
4.757293195724487305e+02
4.785418426990509033e+02
4.813348267078399658e+02
4.841363224983215332e+02
4.869013214111328125e+02
4.896797957420349121e+02
4.924431185722351074e+02
4.952170891761779785e+02
4.980190796852111816e+02
5.007984504699707031e+02
5.036169533729553223e+02
5.064279596805572510e+02
5.091989183425903320e+02
5.120114214420318604e+02
5.148189167976379395e+02
5.175978903770446777e+02
5.204188950061798096e+02
5.232288906574249268e+02
5.260426101684570312e+02
5.288757288455963135e+02
5.316847243309020996e+02
5.345069801807403564e+02
5.372724454402923584e+02
5.400818095207214355e+02
5.429063158035278320e+02
5.456972982883453369e+02
5.485087149143218994e+02
5.512771906852722168e+02
5.540586676597595215e+02
5.568437397480010986e+02
