4.115923643112182617e+00
7.379242658615112305e+00
1.062304687500000000e+01
1.400394821166992188e+01
1.729228401184082031e+01
2.058663249015808105e+01
2.386946487426757812e+01
2.713228225708007812e+01
3.048916673660278320e+01
3.374147844314575195e+01
3.698378109931945801e+01
4.023709249496459961e+01
4.355845189094543457e+01
4.687330603599548340e+01
5.016214299201965332e+01
5.340044355392456055e+01
5.667376875877380371e+01
5.995760178565979004e+01
6.321641635894775391e+01
6.650875544548034668e+01
6.979559063911437988e+01
7.307242345809936523e+01
7.639578485488891602e+01
7.972915244102478027e+01
8.300239825248718262e+01
8.632275652885437012e+01
8.962811946868896484e+01
9.294298315048217773e+01
9.625383496284484863e+01
9.962923312187194824e+01
1.032387971878051758e+02
1.065686960220336914e+02
1.098420212268829346e+02
1.131643817424774170e+02
1.164462184906005859e+02
1.197375564575195312e+02
1.230604171752929688e+02
1.263892817497253418e+02
1.296921281814575195e+02
1.329890220165252686e+02
1.363679225444793701e+02
1.396937932968139648e+02
1.430581831932067871e+02
1.468243591785430908e+02
1.501417162418365479e+02
1.534671070575714111e+02
1.568505110740661621e+02
1.601373457908630371e+02
1.634642090797424316e+02
1.668030953407287598e+02
1.701004235744476318e+02
1.733877587318420410e+02
1.767196261882781982e+02
1.800039596557617188e+02
1.833073065280914307e+02
1.866166770458221436e+02
1.899380359649658203e+02
1.932666041851043701e+02
1.965904650688171387e+02
1.998968143463134766e+02
2.032361865043640137e+02
2.065545446872711182e+02
2.098643951416015625e+02
2.131782491207122803e+02
2.164475722312927246e+02
2.197689316272735596e+02
2.230847871303558350e+02
2.264001424312591553e+02
2.301443023681640625e+02
2.334756689071655273e+02
2.367680206298828125e+02
2.400953843593597412e+02
2.434377584457397461e+02
2.467115848064422607e+02
2.500584621429443359e+02
2.533873424530029297e+02
2.567082018852233887e+02
2.599935359954833984e+02
2.633163967132568359e+02
2.666552681922912598e+02
2.701037180423736572e+02
2.734290809631347656e+02
2.767534420490264893e+02
2.800868101119995117e+02
2.833996639251708984e+02
2.867140183448791504e+02
2.900458850860595703e+02
2.933242144584655762e+02
2.966475749015808105e+02
2.999684629440307617e+02
3.042319924831390381e+02
3.079025990962982178e+02
3.112789976596832275e+02
3.146959307193756104e+02
3.180172905921936035e+02
3.213321461677551270e+02
3.246310119628906250e+02
3.279618792533874512e+02
3.313582916259765625e+02
3.346706442832946777e+02
3.380005099773406982e+02
3.412798402309417725e+02
3.445987040996551514e+02
3.479115574359893799e+02
3.514305577278137207e+02
3.547549185752868652e+02
3.580757040977478027e+02
3.613660421371459961e+02
3.647557263374328613e+02
3.680505676269531250e+02
3.713751358985900879e+02
3.747115063667297363e+02
3.779681293964385986e+02
3.812638733386993408e+02
3.845352025032043457e+02
3.878470551967620850e+02
3.911203875541687012e+02
3.944316682815551758e+02
3.977285103797912598e+02
4.010102066993713379e+02
4.043240613937377930e+02
4.075891716480255127e+02
4.108845055103302002e+02
4.141477930545806885e+02
4.174026055335998535e+02
4.207084541320800781e+02
4.240401554107666016e+02
4.273470115661621094e+02
4.306273417472839355e+02
4.339196803569793701e+02
4.371759939193725586e+02
4.404987163543701172e+02
4.437614252567291260e+02
4.470562810897827148e+02
4.503241028785705566e+02
4.536804871559143066e+02
4.569481573104858398e+02
4.602375276088714600e+02
4.635702769756317139e+02
4.668426020145416260e+02
4.701028687953948975e+02
4.733890714645385742e+02
4.766979451179504395e+02
4.799872817993164062e+02
4.833276550769805908e+02
4.866290006637573242e+02
4.898837435245513916e+02
4.931900925636291504e+02
4.964469058513641357e+02
4.997572584152221680e+02
5.030886373519897461e+02
5.063763084411621094e+02
5.096556377410888672e+02
5.129394705295562744e+02
5.162483212947845459e+02
5.195021326541900635e+02
5.227854650020599365e+02
5.260878112316131592e+02
5.293986630439758301e+02
5.327360339164733887e+02
5.360358779430389404e+02
5.393207116127014160e+02
5.425905346870422363e+02
5.458883776664733887e+02
5.491662058830261230e+02
5.524670510292053223e+02
5.557894113063812256e+02
5.591151146888732910e+02
5.623679254055023193e+02
5.656492564678192139e+02
5.690391647815704346e+02
5.723785574436187744e+02
5.756418752670288086e+02
5.789347140789031982e+02
5.822956097126007080e+02
5.856250152587890625e+02
5.889123504161834717e+02
5.921946823596954346e+02
5.955035333633422852e+02
5.988263940811157227e+02
6.020967214107513428e+02
6.054165794849395752e+02
6.087149229049682617e+02
6.120597996711730957e+02
6.153431313037872314e+02
6.186409742832183838e+02
6.219453222751617432e+02
6.252605929374694824e+02
6.287711539268493652e+02
6.327059490680694580e+02
6.361400530338287354e+02
6.394307703971862793e+02
6.428256821632385254e+02
6.461425576210021973e+02
6.494534096717834473e+02
6.527647621631622314e+02
6.560861308574676514e+02
6.593919796943664551e+02
6.627443611621856689e+02
6.660872356891632080e+02
