1.489059686660766602e+00
2.858033657073974609e+00
4.175970554351806641e+00
5.463887929916381836e+00
6.790831089019775391e+00
8.594112873077392578e+00
9.992998600006103516e+00
1.128091454505920410e+01
1.260435605049133301e+01
1.411727762222290039e+01
1.539418554306030273e+01
1.667509675025939941e+01
1.820518565177917480e+01
1.967222905158996582e+01
2.103870081901550293e+01
2.231114029884338379e+01
2.367260885238647461e+01
2.503007411956787109e+01
2.632549595832824707e+01
2.762592101097106934e+01
2.893435120582580566e+01
3.044142365455627441e+01
3.180489325523376465e+01
3.313984274864196777e+01
3.470378065109252930e+01
3.606875157356262207e+01
3.746826100349426270e+01
3.874315381050109863e+01
4.002906990051269531e+01
4.131798577308654785e+01
4.260940384864807129e+01
4.385579085350036621e+01
4.510668063163757324e+01
4.637258076667785645e+01
4.761373472213745117e+01
4.884611082077026367e+01
5.009850215911865234e+01
5.137190818786621094e+01
5.261879491806030273e+01
5.392222237586975098e+01
5.531371212005615234e+01
5.664816117286682129e+01
5.797960901260375977e+01
5.924000573158264160e+01
6.052191638946533203e+01
6.177788805961608887e+01
6.306930661201477051e+01
6.433620834350585938e+01
6.563363075256347656e+01
6.691304111480712891e+01
6.823398137092590332e+01
6.955091714859008789e+01
7.085384416580200195e+01
7.222131633758544922e+01
7.359679532051086426e+01
7.486269569396972656e+01
7.623567271232604980e+01
7.751808428764343262e+01
7.879149007797241211e+01
8.011393094062805176e+01
8.140484905242919922e+01
8.268926262855529785e+01
8.397067379951477051e+01
8.527860450744628906e+01
8.668410468101501465e+01
8.819017577171325684e+01
8.947709107398986816e+01
9.081077885627746582e+01
9.211795258522033691e+01
9.344689750671386719e+01
9.473331379890441895e+01
9.606826233863830566e+01
9.743623566627502441e+01
9.873766112327575684e+01
1.000440912246704102e+02
1.013585255146026611e+02
1.027950475215911865e+02
1.043891816139221191e+02
1.057771694660186768e+02
1.071051130294799805e+02
1.084885966777801514e+02
1.097875213623046875e+02
1.111364810466766357e+02
1.124504165649414062e+02
1.138098824024200439e+02
1.151048030853271484e+02
1.164072299003601074e+02
1.177556889057159424e+02
1.190886368751525879e+02
1.203990707397460938e+02
1.216894876956939697e+02
1.229954161643981934e+02
1.243368704319000244e+02
1.256242856979370117e+02
1.269237101078033447e+02
1.282201325893402100e+02
1.295410723686218262e+02
1.308720192909240723e+02
1.323745882511138916e+02
1.337900950908660889e+02
1.351715774536132812e+02
1.364259693622589111e+02
1.376833724975585938e+02
1.389622821807861328e+02
1.402702126502990723e+02
1.416844437122344971e+02
1.429878704547882080e+02
1.443778588771820068e+02
1.457208151817321777e+02
1.469777081012725830e+02
1.482756321430206299e+02
1.496466069221496582e+02
1.509475333690643311e+02
1.523715453147888184e+02
1.536929855346679688e+02
1.550159273147583008e+02
1.564329335689544678e+02
1.577888984680175781e+02
1.591153430938720703e+02
1.604808132648468018e+02
1.620154049396514893e+02
1.633833780288696289e+02
1.646828022003173828e+02
1.660062441825866699e+02
1.673146748542785645e+02
1.686439650058746338e+02
1.699609005451202393e+02
1.715105030536651611e+02
1.728844807147979736e+02
1.744340827465057373e+02
1.757580246925354004e+02
1.771300001144409180e+02
1.784604463577270508e+02
1.798074045181274414e+02
1.811828832626342773e+02
1.825023221969604492e+02
1.837967429161071777e+02
1.852993121147155762e+02
1.866137461662292480e+02
1.880782885551452637e+02
1.893987271785736084e+02
1.907331769466400146e+02
1.920571460723876953e+02
1.933731780052185059e+02
1.947426517009735107e+02
1.961346411705017090e+02
1.976258211135864258e+02
1.989547667503356934e+02
2.004890751838684082e+02
2.019085845947265625e+02
2.032930693626403809e+02
2.046250169277191162e+02
2.059389522075653076e+02
2.072829082012176514e+02
2.085983436107635498e+02
2.099643151760101318e+02
2.115424375534057617e+02
2.128598747253417969e+02
2.141938238143920898e+02
2.155602953433990479e+02
2.170603632926940918e+02
2.187765843868255615e+02
2.204722895622253418e+02
2.217747161388397217e+02
2.230866494178771973e+02
2.245361800193786621e+02
2.258316020965576172e+02
2.271155145168304443e+02
2.284114367961883545e+02
2.297559077739715576e+02
2.311023511886596680e+02
2.324338123798370361e+02
2.338283040523529053e+02
2.351912741661071777e+02
2.366242926120758057e+02
2.379807579517364502e+02
2.393026978969573975e+02
2.406311428546905518e+02
2.419450774192810059e+02
2.432585115432739258e+02
2.446745188236236572e+02
2.460239787101745605e+02
2.473729391098022461e+02
2.487138931751251221e+02
2.501809358596801758e+02
2.515419044494628906e+02
2.530074465274810791e+02
2.545060129165649414e+02
2.560461075305938721e+02
2.574546108245849609e+02
2.587995662689208984e+02
2.601720430850982666e+02
2.615480215549468994e+02
2.630356636047363281e+02
2.645612487792968750e+02
2.660473768711090088e+02
2.673968374729156494e+02
2.687377915382385254e+02
2.700517256259918213e+02
2.713841736316680908e+02
