1.477832440286874771e-02
1.576354540884494781e-02
1.444991771131753922e-02
1.477832440286874771e-02
1.609195396304130554e-02
1.412151101976633072e-02
1.543513964861631393e-02
1.510673109441995621e-02
1.543514057993888855e-02
1.477832533419132233e-02
1.477832533419132233e-02
1.510673202574253082e-02
1.477832533419132233e-02
1.477832440286874771e-02
1.510673202574253082e-02
1.510673109441995621e-02
1.510673202574253082e-02
1.510673109441995621e-02
1.510673202574253082e-02
1.576354540884494781e-02
1.543513964861631393e-02
1.510673109441995621e-02
1.477832440286874771e-02
1.543513871729373932e-02
1.510673202574253082e-02
1.510673109441995621e-02
1.576354727149009705e-02
1.576354540884494781e-02
1.510673202574253082e-02
1.510673202574253082e-02
1.510673202574253082e-02
1.510673202574253082e-02
1.477832440286874771e-02
1.510673202574253082e-02
1.510673202574253082e-02
1.510673109441995621e-02
1.543513871729373932e-02
1.510673202574253082e-02
1.510673202574253082e-02
1.543513871729373932e-02
1.444991677999496460e-02
1.510673202574253082e-02
1.510673109441995621e-02
1.510673202574253082e-02
1.510673202574253082e-02
1.510673202574253082e-02
1.510673202574253082e-02
1.510673109441995621e-02
1.510673109441995621e-02
1.510673109441995621e-02
1.510673109441995621e-02
1.510673202574253082e-02
1.510673109441995621e-02
1.510673109441995621e-02
1.510673202574253082e-02
1.510673202574253082e-02
1.510673109441995621e-02
1.510673109441995621e-02
1.510673202574253082e-02
1.510673202574253082e-02
1.477832533419132233e-02
1.510673109441995621e-02
1.510673202574253082e-02
1.510673202574253082e-02
1.510673202574253082e-02
1.510673109441995621e-02
1.510673202574253082e-02
1.510673109441995621e-02
1.477832440286874771e-02
1.576354540884494781e-02
1.510673109441995621e-02
1.510673202574253082e-02
1.510673202574253082e-02
1.510673202574253082e-02
1.510673202574253082e-02
1.477832440286874771e-02
1.510673109441995621e-02
1.510673109441995621e-02
1.510673202574253082e-02
1.510673202574253082e-02
1.510673202574253082e-02
1.510673202574253082e-02
1.543513871729373932e-02
1.510673109441995621e-02
1.510673109441995621e-02
1.543513871729373932e-02
1.510673109441995621e-02
1.510673202574253082e-02
1.510673109441995621e-02
1.510673202574253082e-02
1.477832347154617310e-02
1.510673202574253082e-02
1.510673202574253082e-02
1.510673202574253082e-02
1.510673202574253082e-02
1.510673202574253082e-02
1.510673109441995621e-02
1.510673202574253082e-02
1.510673202574253082e-02
1.510673109441995621e-02
1.510673202574253082e-02
1.510673202574253082e-02
1.510673202574253082e-02
1.510673202574253082e-02
1.510673202574253082e-02
1.510673109441995621e-02
1.510673202574253082e-02
1.510673202574253082e-02
1.510673202574253082e-02
1.510673109441995621e-02
1.510673202574253082e-02
1.510673202574253082e-02
1.477832533419132233e-02
1.510673202574253082e-02
1.510673202574253082e-02
1.510673202574253082e-02
1.510673202574253082e-02
1.510673202574253082e-02
1.510673109441995621e-02
1.510673109441995621e-02
1.510673109441995621e-02
1.510673202574253082e-02
1.510673109441995621e-02
1.477832440286874771e-02
1.510673202574253082e-02
1.510673202574253082e-02
1.510673109441995621e-02
1.510673202574253082e-02
1.510673109441995621e-02
1.510673109441995621e-02
1.510673202574253082e-02
1.510673109441995621e-02
1.510673109441995621e-02
1.510673202574253082e-02
1.510673202574253082e-02
1.510673202574253082e-02
1.510673202574253082e-02
1.510673109441995621e-02
1.576354540884494781e-02
1.576354540884494781e-02
1.510673109441995621e-02
1.510673202574253082e-02
1.510673202574253082e-02
1.510673202574253082e-02
1.510673202574253082e-02
1.477832533419132233e-02
1.510673109441995621e-02
1.510673202574253082e-02
1.510673202574253082e-02
1.510673109441995621e-02
1.510673202574253082e-02
1.510673202574253082e-02
1.477832440286874771e-02
1.543513871729373932e-02
1.477832440286874771e-02
1.510673202574253082e-02
1.543513871729373932e-02
1.510673109441995621e-02
1.510673202574253082e-02
1.510673202574253082e-02
1.477832533419132233e-02
1.510673109441995621e-02
1.510673202574253082e-02
1.510673109441995621e-02
1.510673109441995621e-02
1.510673109441995621e-02
1.510673202574253082e-02
1.510673202574253082e-02
1.510673202574253082e-02
1.510673109441995621e-02
1.510673202574253082e-02
1.510673202574253082e-02
1.510673109441995621e-02
1.609195396304130554e-02
1.510673202574253082e-02
1.543513964861631393e-02
1.510673202574253082e-02
1.510673109441995621e-02
1.510673202574253082e-02
1.510673109441995621e-02
1.543513871729373932e-02
1.510673202574253082e-02
1.543513871729373932e-02
1.510673202574253082e-02
1.510673202574253082e-02
1.510673109441995621e-02
1.510673202574253082e-02
1.510673109441995621e-02
1.510673202574253082e-02
1.444991677999496460e-02
1.543513871729373932e-02
1.510673109441995621e-02
1.477832440286874771e-02
1.510673202574253082e-02
1.510673109441995621e-02
1.477832440286874771e-02
1.543513871729373932e-02
1.510673202574253082e-02
1.543513871729373932e-02
1.510673202574253082e-02
