4.204486608505249023e+00
1.484204363822937012e+01
2.542556262016296387e+01
3.601558566093444824e+01
4.660260677337646484e+01
5.716461014747619629e+01
6.775113081932067871e+01
7.832464289665222168e+01
8.891566634178161621e+01
9.950919198989868164e+01
1.101142258644104004e+02
1.206957433223724365e+02
1.312577650547027588e+02
1.418212766647338867e+02
1.525939300060272217e+02
1.632324912548065186e+02
1.738185112476348877e+02
1.844155395030975342e+02
1.950075707435607910e+02
2.056191093921661377e+02
2.162696747779846191e+02
2.269047300815582275e+02
2.375357823371887207e+02
2.481238038539886475e+02
2.587073233127593994e+02
2.693233647346496582e+02
2.799524152278900146e+02
2.905794649124145508e+02
3.011800224781036377e+02
3.117855567932128906e+02
3.224571375846862793e+02
3.330731794834136963e+02
3.437127377986907959e+02
3.543117678165435791e+02
3.649708395004272461e+02
3.755904345512390137e+02
3.861804580688476562e+02
3.967749838829040527e+02
4.073965296745300293e+02
4.180546011924743652e+02
4.287572112083435059e+02
4.393837602138519287e+02
4.499537689685821533e+02
4.605963296890258789e+02
4.712243793010711670e+02
4.818489274978637695e+02
4.924484577178955078e+02
5.030104610919952393e+02
5.136265027523040771e+02
5.242230305671691895e+02
5.348340685367584229e+02
5.454836344718933105e+02
5.560841650962829590e+02
5.667012076377868652e+02
5.772852265834808350e+02
5.878832552433013916e+02
5.984832849502563477e+02
6.090913207530975342e+02
6.197033603191375732e+02
6.303279075622558594e+02
6.409624631404876709e+02
6.515805513858795166e+02
6.621886205673217773e+02
6.727936539649963379e+02
6.833636634349822998e+02
6.940177316665649414e+02
7.046377761363983154e+02
7.152197942733764648e+02
7.258156154155731201e+02
7.364141445159912109e+02
7.470436964035034180e+02
7.576942629814147949e+02
7.683123054504394531e+02
7.789463605880737305e+02
7.895879199504852295e+02
8.001934542655944824e+02
8.108129978179931641e+02
8.214465525150299072e+02
8.320796065330505371e+02
8.427111587524414062e+02
8.532966792583465576e+02
8.639187357425689697e+02
8.745660605430603027e+02
8.852281348705291748e+02
8.958426761627197266e+02
9.064947431087493896e+02
9.171137874126434326e+02
9.277708580493927002e+02
9.385005068778991699e+02
9.492141175270080566e+02
9.599897727966308594e+02
9.706553506851196289e+02
9.812793970108032227e+02
9.918469045162200928e+02
1.002477642774581909e+03
1.013115199327468872e+03
1.023749253988265991e+03
1.034379667997360229e+03
1.044994245529174805e+03
1.055634804725646973e+03
1.066292880773544312e+03
1.076941445589065552e+03
1.087570496559143066e+03
1.098181535243988037e+03
1.108821593523025513e+03
1.119459650993347168e+03
1.130135735750198364e+03
1.140788302898406982e+03
1.151394338130950928e+03
1.162025124549865723e+03
1.172698708772659302e+03
1.183335302114486694e+03
1.194002380609512329e+03
1.204756019353866577e+03
1.215372568130493164e+03
1.225986107587814331e+03
1.236631172657012939e+03
1.247228198289871216e+03
1.257864254236221313e+03
1.268475792884826660e+03
1.279120354890823364e+03
1.289811450004577637e+03
1.300432995796203613e+03
1.311088064908981323e+03
1.321728123426437378e+03
1.332357675313949585e+03
1.343011243343353271e+03
1.353674819231033325e+03
1.364308373451232910e+03
1.374942427873611450e+03
1.385586488962173462e+03
1.396195077419281006e+03
1.406837637901306152e+03
1.417460183858871460e+03
1.428168791294097900e+03
1.438794839859008789e+03
1.449401903867721558e+03
1.460014942884445190e+03
1.470674014806747437e+03
1.481308570146560669e+03
1.491934118747711182e+03
1.502584684371948242e+03
1.513315808296203613e+03
1.523971377849578857e+03
1.534623445272445679e+03
1.545270008802413940e+03
1.555895056962966919e+03
1.566546623468399048e+03
1.577152162075042725e+03
1.587813736200332642e+03
1.598464802503585815e+03
1.609116369962692261e+03
1.619776943206787109e+03
1.630408547878265381e+03
1.641073123455047607e+03
1.651724711418151855e+03
1.662472846984863281e+03
1.673118409872055054e+03
1.683754966020584106e+03
1.694371507883071899e+03
1.705007063627243042e+03
1.715633612871170044e+03
1.726277674674987793e+03
1.736936747074127197e+03
1.747615833044052124e+03
1.758189344644546509e+03
1.768837409257888794e+03
1.779466961145401001e+03
1.790153051853179932e+03
1.800767093181610107e+03
1.811561083555221558e+03
1.822267189979553223e+03
1.832914252758026123e+03
1.843564824819564819e+03
1.854228908538818359e+03
1.864881977558135986e+03
1.875497795820236206e+03
1.886132851362228394e+03
1.896766905069351196e+03
1.907412998914718628e+03
1.918055059194564819e+03
1.928684610128402710e+03
1.939289644002914429e+03
1.949917194128036499e+03
1.960590276479721069e+03
1.971339954614639282e+03
1.982048060894012451e+03
1.992672609090805054e+03
2.003318197250366211e+03
2.014020775318145752e+03
2.024684350252151489e+03
2.035348426342010498e+03
2.045997991323471069e+03
2.056667571067810059e+03
2.067269616842269897e+03
2.077911227464675903e+03
2.088579305887222290e+03
2.099250386714935303e+03
2.110003025531768799e+03
2.120693620204925537e+03
