1.839080452919006348e-02
2.167487889528274536e-02
1.707717776298522949e-02
1.806239783763885498e-02
1.970443315804004669e-02
1.937602646648883820e-02
1.707717590034008026e-02
2.068965509533882141e-02
1.970443502068519592e-02
1.806239783763885498e-02
1.904761977493762970e-02
1.707717590034008026e-02
1.970443502068519592e-02
2.003283984959125519e-02
2.101806364953517914e-02
1.937602646648883820e-02
1.904761791229248047e-02
2.266009710729122162e-02
2.758620679378509521e-02
2.824302017688751221e-02
2.824302017688751221e-02
2.889983355998992920e-02
3.316913172602653503e-02
3.579638898372650146e-02
4.006567969918251038e-02
4.269294068217277527e-02
4.105090349912643433e-02
5.517241358757019043e-02
5.977011471986770630e-02
6.535303592681884766e-02
6.568144261837005615e-02
7.192118465900421143e-02
8.866994827985763550e-02
1.024630516767501831e-01
1.221674829721450806e-01
1.316912919282913208e-01
1.343185603618621826e-01
1.487684845924377441e-01
1.651888340711593628e-01
1.724137961864471436e-01
1.796387434005737305e-01
1.983579695224761963e-01
2.190476059913635254e-01
2.367815971374511719e-01
2.400656789541244507e-01
2.548440098762512207e-01
2.676518857479095459e-01
2.844006419181823730e-01
2.945812940597534180e-01
3.146141171455383301e-01
3.152709007263183594e-01
3.195402026176452637e-01
3.569786548614501953e-01
3.612479269504547119e-01
3.642035722732543945e-01
3.714285492897033691e-01
3.816091716289520264e-01
3.839080333709716797e-01
3.963875174522399902e-01
3.908045589923858643e-01
4.170771539211273193e-01
4.282430112361907959e-01
4.193759858608245850e-01
4.308702349662780762e-01
4.298850297927856445e-01
4.443349242210388184e-01
4.466338157653808594e-01
4.643677771091461182e-01
4.528735280036926270e-01
4.594416618347167969e-01
4.811165928840637207e-01
4.837437868118286133e-01
4.617404937744140625e-01
4.853858351707458496e-01
4.903119504451751709e-01
4.929391741752624512e-01
4.955664873123168945e-01
5.001641511917114258e-01
5.083743333816528320e-01
5.208538770675659180e-01
5.218390226364135742e-01
5.162560939788818359e-01
5.339901447296142578e-01
5.405582189559936523e-01
5.326764583587646484e-01
5.290639996528625488e-01
5.540229678153991699e-01
5.517240762710571289e-01
5.487684607505798340e-01
5.527092814445495605e-01
5.536945462226867676e-01
5.536944866180419922e-01
5.507389307022094727e-01
5.701148509979248047e-01
5.632183551788330078e-01
5.671591758728027344e-01
5.671592354774475098e-01
5.688012838363647461e-01
5.747125744819641113e-01
5.908045768737792969e-01
5.802955031394958496e-01
5.829227566719055176e-01
5.832511186599731445e-01
5.753693580627441406e-01
5.816091895103454590e-01
5.894908905029296875e-01
6.022987961769104004e-01
5.977011322975158691e-01
6.065680980682373047e-01
5.977011322975158691e-01
6.006567478179931641e-01
5.937601923942565918e-01
6.032840609550476074e-01
6.078816652297973633e-01
6.226599812507629395e-01
6.164203286170959473e-01
6.193759441375732422e-01
6.082100868225097656e-01
6.141214370727539062e-01
6.226600408554077148e-01
6.160918474197387695e-01
6.279145479202270508e-01
6.302133202552795410e-01
6.203611493110656738e-01
6.331690549850463867e-01
6.223316192626953125e-01
6.282429695129394531e-01
6.249588727951049805e-01
6.361247301101684570e-01
6.331690549850463867e-01
6.318554282188415527e-01
6.377667188644409180e-01
6.308702230453491211e-01
6.426928043365478516e-01
6.364531517028808594e-01
6.466337442398071289e-01
6.394087672233581543e-01
6.482757925987243652e-01
6.387519836425781250e-01
6.446632742881774902e-01
6.502462625503540039e-01
6.561576128005981445e-01
6.627256870269775391e-01
6.423644423484802246e-01
6.594416499137878418e-01
6.505746245384216309e-01
6.597700715065002441e-01
6.499178409576416016e-01
6.640393137931823730e-01
6.646961569786071777e-01
6.551723480224609375e-01
6.509030461311340332e-01
6.627256870269775391e-01
6.748768091201782227e-01
6.709359884262084961e-01
6.811164617538452148e-01
6.600984334945678711e-01
6.643676757812500000e-01
6.729063391685485840e-01
6.669949889183044434e-01
6.581279635429382324e-01
6.768472194671630859e-01
6.683085560798645020e-01
6.669950485229492188e-01
6.633824706077575684e-01
6.692938804626464844e-01
6.765187978744506836e-01
6.876846551895141602e-01
6.811164617538452148e-01
6.837437152862548828e-01
6.801312565803527832e-01
6.775040626525878906e-01
6.903119087219238281e-01
6.801312565803527832e-01
6.896551847457885742e-01
6.834153532981872559e-01
6.876846551895141602e-01
6.804596781730651855e-01
6.880130767822265625e-01
6.794744729995727539e-01
6.807881593704223633e-01
6.945811510086059570e-01
6.844005584716796875e-01
6.834152936935424805e-01
6.909686923027038574e-01
7.008209228515625000e-01
6.824301481246948242e-01
6.824301481246948242e-01
6.886698603630065918e-01
6.798028945922851562e-01
6.922823190689086914e-01
6.949096322059631348e-01
6.791461110115051270e-01
6.873562335968017578e-01
6.919539570808410645e-01
6.840721964836120605e-01
6.834154129028320312e-01
6.919538974761962891e-01
7.080458998680114746e-01
6.873562932014465332e-01
