8.874304533004760742e+00
1.611444807052612305e+01
2.318096804618835449e+01
2.988172817230224609e+01
3.660950756072998047e+01
4.282292222976684570e+01
4.963476085662841797e+01
5.638057565689086914e+01
6.427818584442138672e+01
7.007580447196960449e+01
7.814003372192382812e+01
8.587903141975402832e+01
9.166664290428161621e+01
9.759885764122009277e+01
1.053385555744171143e+02
1.104837102890014648e+02
1.159030609130859375e+02
1.226178309917449951e+02
1.278350379467010498e+02
1.343021314144134521e+02
1.401803073883056641e+02
1.505206627845764160e+02
1.570993368625640869e+02
1.615630207061767578e+02
1.660416896343231201e+02
1.715190801620483398e+02
1.771986598968505859e+02
1.842551729679107666e+02
1.903795247077941895e+02
1.969026579856872559e+02
2.025006349086761475e+02
2.080976111888885498e+02
2.144431307315826416e+02
2.207280967235565186e+02
2.269430747032165527e+02
2.340796451568603516e+02
2.456273491382598877e+02
2.505058140754699707e+02
2.566131532192230225e+02
2.619879710674285889e+02
2.664686553478240967e+02
2.719970822334289551e+02
2.773228650093078613e+02
2.830699479579925537e+02
2.882446238994598389e+02
2.935634026527404785e+02
2.987876138687133789e+02
3.053612835407257080e+02
3.100091359615325928e+02
3.149661571979522705e+02
3.194278273582458496e+02
3.243833482265472412e+02
3.289916210174560547e+02
3.341372771263122559e+02
3.389266800880432129e+02
3.434378840923309326e+02
3.487726745605468750e+02
3.535650784969329834e+02
3.585871460437774658e+02
3.642646799087524414e+02
3.708488569259643555e+02
3.771493325233459473e+02
3.829739706516265869e+02
3.899459238052368164e+02
3.954518346786499023e+02
4.007906281948089600e+02
4.062920362949371338e+02
4.122902977466583252e+02
4.170837023258209229e+02
4.223664562702178955e+02
4.278818743228912354e+02
4.335163764953613281e+02
4.404503026008605957e+02
4.467432730197906494e+02
4.526724851131439209e+02
4.588533761501312256e+02
4.650162541866302490e+02
4.706997916698455811e+02
4.762067036628723145e+02
4.821244080066680908e+02
4.876998701095581055e+02
4.955294308662414551e+02
5.028266148567199707e+02
5.092106504440307617e+02
5.211025981903076172e+02
5.316190698146820068e+02
5.409952301979064941e+02
5.480902705192565918e+02
5.551667973995208740e+02
5.648291621208190918e+02
5.757379119396209717e+02
5.811257390975952148e+02
5.859386579990386963e+02
5.907325637340545654e+02
5.954133892059326172e+02
5.998245232105255127e+02
6.039079239368438721e+02
6.081769564151763916e+02
6.131644992828369141e+02
6.175331029891967773e+02
6.219172179698944092e+02
6.278189108371734619e+02
6.338857207298278809e+02
6.407906255722045898e+02
6.466923182010650635e+02
6.529507639408111572e+02
6.581789784431457520e+02
6.636058332920074463e+02
6.701259655952453613e+02
6.763939182758331299e+02
6.808560888767242432e+02
6.856354844570159912e+02
6.900506203174591064e+02
6.944692595005035400e+02
6.988724317550659180e+02
7.029768474102020264e+02
7.109615197181701660e+02
7.153111095428466797e+02
7.207900028228759766e+02
7.281367220878601074e+02
7.345017428398132324e+02
7.395893583297729492e+02
7.459288616180419922e+02
7.533741502761840820e+02
7.599047899246215820e+02
7.643984818458557129e+02
7.692909586429595947e+02
7.758371083736419678e+02
7.815506672859191895e+02
7.869279873371124268e+02
7.925309674739837646e+02
7.965713376998901367e+02
8.005606718063354492e+02
8.050413551330566406e+02
8.092863707542419434e+02
8.133572628498077393e+02
8.174922003746032715e+02
8.216091248989105225e+02
8.265261182785034180e+02
8.315231680870056152e+02
8.369014885425567627e+02
8.417039005756378174e+02
8.475895817279815674e+02
8.548542423248291016e+02
8.610191218852996826e+02
8.656118848323822021e+02
8.695807042121887207e+02
8.734839768409729004e+02
8.773472216129302979e+02
8.810953841209411621e+02
8.848935828208923340e+02
8.887448191642761230e+02
8.934211409091949463e+02
8.990021049976348877e+02
9.028768579959869385e+02
9.086234407424926758e+02
9.150114784240722656e+02
9.312410085201263428e+02
9.407242596149444580e+02
9.522619562149047852e+02
9.647713432312011719e+02
9.754579350948333740e+02
9.855681173801422119e+02
9.989331116676330566e+02
1.007142453193664551e+03
1.015508897066116333e+03
1.026518718004226685e+03
1.034003535509109497e+03
1.040646254539489746e+03
1.046254238367080688e+03
1.052388595819473267e+03
1.057822456121444702e+03
1.065515421628952026e+03
1.072260713338851929e+03
1.076838465929031372e+03
1.082037158966064453e+03
1.087444499969482422e+03
1.091798592805862427e+03
1.097832880258560181e+03
1.107781447410583496e+03
1.113866270542144775e+03
1.118718717575073242e+03
1.123897896766662598e+03
1.128876433849334717e+03
1.133415157794952393e+03
1.138450735092163086e+03
1.145332123994827271e+03
1.155671468973159790e+03
1.167247709751129150e+03
1.178580785512924194e+03
1.185046878576278687e+03
1.191060651063919067e+03
1.195538332223892212e+03
1.200679989814758301e+03
1.207687468767166138e+03
1.213811318635940552e+03
1.218637246370315552e+03
1.229491457939147949e+03
1.235453693389892578e+03
1.240753457784652710e+03
