1.958893299102783203e+00
3.792211055755615234e+00
5.654523134231567383e+00
7.488326311111450195e+00
9.341144084930419922e+00
1.118045258522033691e+01
1.301881194114685059e+01
1.485011506080627441e+01
1.674246096611022949e+01
1.854524374008178711e+01
2.039255762100219727e+01
2.221085095405578613e+01
2.405116057395935059e+01
2.584793734550476074e+01
2.774430084228515625e+01
2.956308078765869141e+01
3.145042324066162109e+01
3.328372716903686523e+01
3.510502290725708008e+01
3.693632507324218750e+01
3.874160909652709961e+01
4.059142541885375977e+01
4.242824363708496094e+01
4.425104022026062012e+01
4.605732560157775879e+01
4.791064405441284180e+01
4.973844361305236816e+01
5.158275532722473145e+01
5.343157052993774414e+01
5.528338789939880371e+01
5.712619876861572266e+01
5.898752307891845703e+01
6.080531620979309082e+01
6.266190171241760254e+01
6.450542902946472168e+01
6.640628170967102051e+01
6.827711224555969238e+01
7.008639955520629883e+01
7.193421411514282227e+01
7.380354332923889160e+01
7.564034986495971680e+01
7.750567650794982910e+01
7.932948851585388184e+01
8.116230654716491699e+01
8.303812646865844727e+01
8.486842775344848633e+01
8.673125338554382324e+01
8.857706618309020996e+01
9.043588876724243164e+01
9.227569723129272461e+01
9.409649229049682617e+01
9.595381355285644531e+01
9.779312133789062500e+01
9.964644026756286621e+01
1.015122678279876709e+02
1.033686208724975586e+02
1.052489585876464844e+02
1.071568155288696289e+02
1.089921212196350098e+02
1.108380460739135742e+02
1.127184758186340332e+02
1.146003136634826660e+02
1.164466271400451660e+02
1.183053660392761230e+02
1.201401712894439697e+02
1.220090007781982422e+02
1.238683228492736816e+02
1.257366518974304199e+02
1.276059811115264893e+02
1.294412872791290283e+02
1.312815966606140137e+02
1.331078953742980957e+02
1.349592120647430420e+02
1.368340456485748291e+02
1.386918673515319824e+02
1.405526909828186035e+02
1.424085106849670410e+02
1.442808427810668945e+02
1.461281569004058838e+02
1.480034906864166260e+02
1.498508043289184570e+02
1.517066264152526855e+02
1.535694594383239746e+02
1.554387793540954590e+02
1.573196172714233398e+02
1.591524214744567871e+02
1.609942314624786377e+02
1.628400442600250244e+02
1.647158784866333008e+02
1.665752010345458984e+02
1.684715502262115479e+02
1.704149324893951416e+02
1.723408021926879883e+02
1.741911187171936035e+02
1.760514414310455322e+02
1.778997564315795898e+02
1.797295572757720947e+02
1.816023900508880615e+02
1.834837279319763184e+02
1.853780755996704102e+02
1.872228879928588867e+02
1.890852127075195312e+02
1.909380307197570801e+02
1.927838454246520996e+02
1.946216711997985840e+02
1.964774911403656006e+02
1.983243045806884766e+02
2.002406678199768066e+02
2.021210193634033203e+02
2.039566819667816162e+02
2.058320164680480957e+02
2.077338683605194092e+02
2.095919623374938965e+02
2.114758019447326660e+02
2.133516359329223633e+02
2.151904456615447998e+02
2.170402603149414062e+02
2.189151117801666260e+02
2.207754344940185547e+02
2.226332566738128662e+02
2.244675607681274414e+02
2.263273837566375732e+02
2.281947126388549805e+02
2.300620553493499756e+02
2.319528858661651611e+02
2.338172111511230469e+02
2.356755332946777344e+02
2.375163428783416748e+02
2.394001827239990234e+02
2.412975325584411621e+02
2.431623733043670654e+02
2.450036687850952148e+02
2.469250349998474121e+02
2.487810294628143311e+02
2.506243393421173096e+02
2.525206880569458008e+02
2.543880167007446289e+02
2.562548441886901855e+02
2.581351821422576904e+02
2.600075142383575439e+02
2.618833477497100830e+02
2.637746934890747070e+02
2.656290125846862793e+02
2.675073981285095215e+02
2.693777294158935547e+02
2.712535629272460938e+02
2.731213915348052979e+02
2.749857175350189209e+02
2.768600509166717529e+02
2.787313823699951172e+02
2.805666873455047607e+02
2.824585330486297607e+02
2.843648896217346191e+02
2.862252123355865479e+02
2.881190598011016846e+02
2.900119063854217529e+02
2.918864669799804688e+02
2.937738099098205566e+02
2.956311304569244385e+02
2.975101020336151123e+02
2.994674949645996094e+02
3.013508343696594238e+02
3.032111577987670898e+02
3.051030035018920898e+02
3.069718327522277832e+02
3.088401615619659424e+02
3.107345087528228760e+02
3.126213510036468506e+02
3.144911811351776123e+02
3.163560080528259277e+02
3.182498548030853271e+02
3.201096780300140381e+02
3.220025243759155273e+02
3.239098811149597168e+02
3.258512620925903320e+02
3.277631216049194336e+02
3.296374590396881104e+02
3.315012841224670410e+02
3.333895232677459717e+02
3.352793676853179932e+02
3.371356875896453857e+02
3.390460469722747803e+02
3.409398939609527588e+02
3.428082230091094971e+02
3.446946232318878174e+02
3.466029653549194336e+02
3.484978134632110596e+02
3.503881583213806152e+02
3.522374737262725830e+02
3.541158092021942139e+02
3.559921128749847412e+02
3.578839588165283203e+02
3.597407798767089844e+02
3.615740976333618164e+02
3.634579234123229980e+02
3.653402626514434814e+02
3.672185983657836914e+02
3.691184501647949219e+02
3.710072937011718750e+02
3.729006400108337402e+02
