2.027441740036010742e+00
3.929795265197753906e+00
5.800125360488891602e+00
7.697499036788940430e+00
9.587858438491821289e+00
1.147068452835083008e+01
1.340567827224731445e+01
1.527410793304443359e+01
1.717295861244201660e+01
1.904779219627380371e+01
2.091663670539855957e+01
2.282247686386108398e+01
2.471082019805908203e+01
2.660816979408264160e+01
2.849751353263854980e+01
3.040386986732482910e+01
3.228265237808227539e+01
3.417799997329711914e+01
3.605933833122253418e+01
3.796119141578674316e+01
3.987363553047180176e+01
4.177598834037780762e+01
4.367834210395812988e+01
4.553816461563110352e+01
4.745002484321594238e+01
4.935387921333312988e+01
5.127524614334106445e+01
5.316709113121032715e+01
5.509045910835266113e+01
5.695828795433044434e+01
5.886764645576477051e+01
6.074898481369018555e+01
6.263582634925842285e+01
6.452116799354553223e+01
6.646204805374145508e+01
6.837190675735473633e+01
7.023419618606567383e+01
7.215054631233215332e+01
7.408242034912109375e+01
7.597526693344116211e+01
7.797168731689453125e+01
7.990556311607360840e+01
8.181642174720764160e+01
8.370953702926635742e+01
8.556685900688171387e+01
8.744569420814514160e+01
8.933453822135925293e+01
9.124940037727355957e+01
9.314576315879821777e+01
9.504811668395996094e+01
9.691194200515747070e+01
9.880478906631469727e+01
1.006711163520812988e+02
1.025614609718322754e+02
1.044703187942504883e+02
1.063726720809936523e+02
1.082880346775054932e+02
1.102109022140502930e+02
1.121072516441345215e+02
1.139960944652557373e+02
1.159069542884826660e+02
1.178458325862884521e+02
1.197631967067718506e+02
1.216730551719665527e+02
1.238851287364959717e+02
1.257984788417816162e+02
1.276808161735534668e+02
1.296006817817687988e+02
1.315439782142639160e+02
1.334773533344268799e+02
1.353917143344879150e+02
1.373130919933319092e+02
1.393730576038360596e+02
1.413104355335235596e+02
1.432473137378692627e+02
1.451731834411621094e+02
1.471205680370330811e+02
1.490504419803619385e+02
1.509628014564514160e+02
1.529011802673339844e+02
1.547705783843994141e+02
1.567169632911682129e+02
1.586418323516845703e+02
1.605707039833068848e+02
1.624640510082244873e+02
1.643929390907287598e+02
1.662757792472839355e+02
1.682261662483215332e+02
1.701245167255401611e+02
1.721944887638092041e+02
1.741135978698730469e+02
1.760399682521820068e+02
1.779808485507965088e+02
1.799057176113128662e+02
1.818310666084289551e+02
1.837634410858154297e+02
1.856758008003234863e+02
1.876151809692382812e+02
1.895535888671875000e+02
1.914779577255249023e+02
1.933963224887847900e+02
1.952931718826293945e+02
1.972175602912902832e+02
1.991624431610107422e+02
2.010813078880310059e+02
2.029966709613800049e+02
2.049070293903350830e+02
2.068424060344696045e+02
2.087767820358276367e+02
2.106916446685791016e+02
2.126510381698608398e+02
2.145700409412384033e+02
2.164994137287139893e+02
2.184147758483886719e+02
2.203201310634613037e+02
2.222855291366577148e+02
2.242324140071868896e+02
2.261357676982879639e+02
2.281151759624481201e+02
2.301881501674652100e+02
2.321880729198455811e+02
2.341914975643157959e+02
2.361253736019134521e+02
2.380417368412017822e+02
2.400131392478942871e+02
2.420831112861633301e+02
2.439974880218505859e+02
2.459643721580505371e+02
2.480248489379882812e+02
2.500262722969055176e+02
2.519751584529876709e+02
2.538945238590240479e+02
2.558263974189758301e+02
2.578313241004943848e+02
2.597967362403869629e+02
2.618787033557891846e+02
2.639146518707275391e+02
2.659986333847045898e+02
2.680225732326507568e+02
2.705583775043487549e+02
2.727419302463531494e+02
2.746928181648254395e+02
2.766602175235748291e+02
2.786491923332214355e+02
2.808542602062225342e+02
2.829367413520812988e+02
2.848591084480285645e+02
2.868225047588348389e+02
2.887538785934448242e+02
2.906877546310424805e+02
2.926586811542510986e+02
2.946145715713500977e+02
2.965549516677856445e+02
2.985173475742340088e+02
3.004637327194213867e+02
3.024016106128692627e+02
3.043710112571716309e+02
3.063349084854125977e+02
3.082862961292266846e+02
3.102201857566833496e+02
3.121830682754516602e+02
3.141574726104736328e+02
3.161719057559967041e+02
3.184575314521789551e+02
3.208242151737213135e+02
3.229157035350799561e+02
3.251678047180175781e+02
3.276010355949401855e+02
3.299221942424774170e+02
3.320346970558166504e+02
3.341076328754425049e+02
3.362101280689239502e+02
3.383048288822174072e+02
3.404228353500366211e+02
3.426394939422607422e+02
3.447549991607666016e+02
3.468524909019470215e+02
3.490240359306335449e+02
3.513857858180999756e+02
3.537814898490905762e+02
3.560095746517181396e+02
3.583932704925537109e+02
3.606508760452270508e+02
3.627333571910858154e+02
3.649739511013031006e+02
3.671249809265136719e+02
3.693000340461730957e+02
3.713950181007385254e+02
3.735455482006072998e+02
3.757361063957214355e+02
3.778320975303649902e+02
3.799105761051177979e+02
3.820245795249938965e+02
3.840730364322662354e+02
3.861345028877258301e+02
3.882184853553771973e+02
3.903339898586273193e+02
3.924379858970642090e+02
3.945494883060455322e+02
3.966192495822906494e+02
