1.951219514012336731e-02
9.756097570061683655e-03
2.926829457283020020e-02
2.439024392515420914e-03
7.317073177546262741e-03
1.463414542376995087e-02
9.756097570061683655e-03
1.219512149691581726e-02
2.195121720433235168e-02
1.951219327747821808e-02
4.878048785030841827e-03
2.439024485647678375e-02
1.463414542376995087e-02
1.463414542376995087e-02
3.170731663703918457e-02
1.707316935062408447e-02
2.195121906697750092e-02
9.756097570061683655e-03
2.195121906697750092e-02
1.219512149691581726e-02
2.195121720433235168e-02
1.951219514012336731e-02
1.707316935062408447e-02
1.463414542376995087e-02
1.707316935062408447e-02
1.463414635509252548e-02
1.463414542376995087e-02
1.951219327747821808e-02
1.463414635509252548e-02
1.219512149691581726e-02
2.439024299383163452e-02
1.951219514012336731e-02
1.707316935062408447e-02
1.463414542376995087e-02
1.463414542376995087e-02
1.463414635509252548e-02
1.219512149691581726e-02
4.878048785030841827e-03
1.951219514012336731e-02
1.951219327747821808e-02
1.463414635509252548e-02
1.463414542376995087e-02
1.707316935062408447e-02
1.707317121326923370e-02
1.707316935062408447e-02
1.463414635509252548e-02
2.439024299383163452e-02
1.707316935062408447e-02
1.951219327747821808e-02
1.463414542376995087e-02
1.463414635509252548e-02
2.195121906697750092e-02
1.219512149691581726e-02
1.219512149691581726e-02
1.951219514012336731e-02
1.951219327747821808e-02
1.463414542376995087e-02
1.463414542376995087e-02
1.707316935062408447e-02
1.463414635509252548e-02
1.951219327747821808e-02
1.707316935062408447e-02
1.463414635509252548e-02
1.951219514012336731e-02
7.317073177546262741e-03
9.756097570061683655e-03
1.707317121326923370e-02
1.219512149691581726e-02
1.951219327747821808e-02
1.219512149691581726e-02
1.463414635509252548e-02
1.219512149691581726e-02
2.682926878333091736e-02
7.317073177546262741e-03
1.219512149691581726e-02
1.463414542376995087e-02
1.463414542376995087e-02
1.219512149691581726e-02
1.219512149691581726e-02
9.756097570061683655e-03
1.707316935062408447e-02
1.219512149691581726e-02
2.682926878333091736e-02
9.756097570061683655e-03
2.195121720433235168e-02
7.317073177546262741e-03
1.219512149691581726e-02
1.951219514012336731e-02
2.195121906697750092e-02
1.463414542376995087e-02
1.951219514012336731e-02
3.658536449074745178e-02
2.195122092962265015e-02
2.195121720433235168e-02
9.756097570061683655e-03
1.707316935062408447e-02
1.219512149691581726e-02
1.951219514012336731e-02
2.439024299383163452e-02
2.439024113118648529e-02
1.463414635509252548e-02
1.463414542376995087e-02
3.170731663703918457e-02
7.317073177546262741e-03
3.658536449074745178e-02
7.317073177546262741e-03
1.463414635509252548e-02
1.951219514012336731e-02
2.926829271018505096e-02
1.463414542376995087e-02
1.219512149691581726e-02
2.195122092962265015e-02
2.195121906697750092e-02
2.195121720433235168e-02
2.682926692068576813e-02
2.682926692068576813e-02
2.195121720433235168e-02
1.951219327747821808e-02
2.195122092962265015e-02
1.707316935062408447e-02
1.463414542376995087e-02
2.926829271018505096e-02
2.926829084753990173e-02
7.317073177546262741e-03
1.463414542376995087e-02
3.170731291174888611e-02
2.195121720433235168e-02
3.170731663703918457e-02
2.195121906697750092e-02
2.195121720433235168e-02
1.219512149691581726e-02
2.926829271018505096e-02
2.439024299383163452e-02
1.463414542376995087e-02
2.195121906697750092e-02
1.707316935062408447e-02
2.926829084753990173e-02
1.463414542376995087e-02
1.707317121326923370e-02
1.951219514012336731e-02
2.439024299383163452e-02
3.414633870124816895e-02
9.756097570061683655e-03
1.463414635509252548e-02
4.146341606974601746e-02
1.951219514012336731e-02
3.414634242653846741e-02
2.195121720433235168e-02
1.951219327747821808e-02
2.439024299383163452e-02
2.682926878333091736e-02
3.658536821603775024e-02
1.707317121326923370e-02
9.756097570061683655e-03
2.682926505804061890e-02
4.634146392345428467e-02
2.439024299383163452e-02
4.146341606974601746e-02
3.414633870124816895e-02
2.926829084753990173e-02
3.902439028024673462e-02
2.682926878333091736e-02
1.951219514012336731e-02
1.951219514012336731e-02
3.414634242653846741e-02
2.439024299383163452e-02
4.634146392345428467e-02
3.902439028024673462e-02
3.658536821603775024e-02
3.658536076545715332e-02
2.926829271018505096e-02
3.414633870124816895e-02
4.878048971295356750e-02
3.658536449074745178e-02
2.439024485647678375e-02
4.146341606974601746e-02
2.682926505804061890e-02
2.682926692068576813e-02
2.195121906697750092e-02
3.902439773082733154e-02
2.439024299383163452e-02
3.414634242653846741e-02
6.097561120986938477e-02
3.658536449074745178e-02
5.121951177716255188e-02
3.170731663703918457e-02
5.121951550245285034e-02
4.634146392345428467e-02
3.658536449074745178e-02
4.146341979503631592e-02
5.609756335616111755e-02
3.902439400553703308e-02
5.365853756666183472e-02
5.853658914566040039e-02
4.634146392345428467e-02
5.365853756666183472e-02
4.634146392345428467e-02
2.682926692068576813e-02
6.585365533828735352e-02
4.878048971295356750e-02
