7.317073177546262741e-03
4.878048785030841827e-03
9.756097570061683655e-03
1.463414542376995087e-02
1.707316935062408447e-02
1.951219514012336731e-02
2.195122092962265015e-02
2.439024299383163452e-02
2.439024299383163452e-02
1.951219514012336731e-02
1.707316935062408447e-02
2.195121906697750092e-02
1.219512149691581726e-02
1.219512149691581726e-02
1.951219514012336731e-02
1.707317121326923370e-02
1.707316935062408447e-02
1.463414635509252548e-02
9.756097570061683655e-03
1.707317121326923370e-02
1.707317121326923370e-02
1.219512149691581726e-02
2.439024299383163452e-02
2.439024113118648529e-02
1.951219327747821808e-02
1.219512149691581726e-02
2.439024299383163452e-02
9.756097570061683655e-03
1.463414542376995087e-02
2.195121906697750092e-02
2.439024299383163452e-02
2.682926692068576813e-02
1.463414542376995087e-02
1.707316935062408447e-02
1.951219514012336731e-02
1.707316935062408447e-02
2.439024299383163452e-02
7.317073177546262741e-03
9.756097570061683655e-03
1.463414542376995087e-02
1.707316935062408447e-02
1.463414542376995087e-02
7.317073177546262741e-03
1.463414635509252548e-02
2.439024485647678375e-02
1.463414542376995087e-02
3.414633870124816895e-02
1.951219514012336731e-02
2.439024299383163452e-02
1.463414542376995087e-02
2.439024299383163452e-02
2.926829271018505096e-02
9.756097570061683655e-03
1.219512149691581726e-02
2.195121720433235168e-02
7.317073177546262741e-03
2.926829084753990173e-02
3.414634242653846741e-02
2.439024299383163452e-02
1.951219514012336731e-02
2.195121720433235168e-02
1.951219327747821808e-02
2.195121906697750092e-02
1.219512149691581726e-02
2.195121720433235168e-02
1.707316935062408447e-02
2.439024299383163452e-02
3.414634242653846741e-02
9.756097570061683655e-03
2.926829084753990173e-02
1.707316935062408447e-02
2.195121906697750092e-02
2.682926692068576813e-02
1.707317121326923370e-02
1.707316935062408447e-02
1.951219514012336731e-02
1.707317121326923370e-02
4.146341606974601746e-02
1.951219514012336731e-02
2.926829084753990173e-02
2.926829084753990173e-02
1.951219514012336731e-02
3.414633870124816895e-02
2.439024485647678375e-02
2.195121720433235168e-02
3.414634242653846741e-02
3.414633870124816895e-02
2.926829084753990173e-02
1.219512149691581726e-02
1.951219514012336731e-02
2.195121906697750092e-02
3.414634242653846741e-02
3.902439028024673462e-02
9.756097570061683655e-03
4.634146392345428467e-02
1.951219327747821808e-02
3.658536449074745178e-02
2.195121906697750092e-02
2.682926692068576813e-02
2.682926692068576813e-02
4.634146764874458313e-02
4.390243813395500183e-02
3.170731663703918457e-02
2.195122092962265015e-02
4.878048971295356750e-02
2.195122092962265015e-02
5.609755590558052063e-02
2.682926505804061890e-02
3.414633870124816895e-02
2.926829084753990173e-02
3.170731663703918457e-02
3.170731663703918457e-02
3.414633870124816895e-02
2.195121906697750092e-02
3.902439028024673462e-02
3.902439028024673462e-02
2.682926692068576813e-02
3.902439028024673462e-02
2.926829457283020020e-02
2.682926692068576813e-02
2.682926505804061890e-02
3.170731663703918457e-02
3.902439400553703308e-02
1.951219514012336731e-02
3.902439028024673462e-02
5.365853756666183472e-02
3.658536821603775024e-02
2.439024113118648529e-02
6.829268485307693481e-02
4.634146392345428467e-02
4.878048598766326904e-02
5.121951550245285034e-02
3.170731291174888611e-02
2.926829271018505096e-02
4.146341606974601746e-02
5.609756708145141602e-02
5.121951177716255188e-02
5.121951177716255188e-02
5.121951177716255188e-02
2.926829084753990173e-02
4.878048598766326904e-02
4.390244185924530029e-02
4.878048971295356750e-02
3.170731663703918457e-02
3.902439028024673462e-02
4.634146392345428467e-02
4.146341606974601746e-02
4.634146392345428467e-02
5.365854129195213318e-02
5.609756335616111755e-02
6.341463327407836914e-02
4.146341234445571899e-02
4.634146392345428467e-02
3.414633870124816895e-02
4.878048971295356750e-02
3.658536449074745178e-02
7.073170691728591919e-02
5.609755963087081909e-02
8.292682468891143799e-02
5.365853384137153625e-02
6.585365533828735352e-02
8.048780262470245361e-02
6.341463327407836914e-02
6.097561120986938477e-02
8.048780262470245361e-02
6.097561120986938477e-02
6.585366278886795044e-02
7.073170691728591919e-02
5.365853384137153625e-02
4.634146392345428467e-02
7.073171436786651611e-02
6.097561120986938477e-02
6.829268485307693481e-02
9.512194991111755371e-02
6.097561120986938477e-02
7.317072898149490356e-02
6.097561120986938477e-02
8.536585420370101929e-02
7.317073643207550049e-02
9.512194991111755371e-02
9.024390578269958496e-02
6.829268485307693481e-02
8.292682468891143799e-02
8.780488371849060059e-02
9.512194991111755371e-02
7.560975849628448486e-02
9.756097197532653809e-02
1.219512149691581726e-01
1.097560971975326538e-01
1.146341413259506226e-01
9.512194991111755371e-02
1.219512149691581726e-01
8.780487626791000366e-02
8.780487626791000366e-02
8.780487626791000366e-02
1.219512224197387695e-01
8.780487626791000366e-02
1.000000089406967163e-01
1.024390310049057007e-01
1.048780381679534912e-01
