1.314935684204101562e+00
2.458747625350952148e+00
3.665605783462524414e+00
4.897481679916381836e+00
6.054304122924804688e+00
7.251155376434326172e+00
8.472023248672485352e+00
9.621841192245483398e+00
1.074363803863525391e+01
1.193048429489135742e+01
1.312232995033264160e+01
1.427715063095092773e+01
1.540695428848266602e+01
1.652875208854675293e+01
1.771859765052795410e+01
1.884940218925476074e+01
2.002423691749572754e+01
2.121608448028564453e+01
2.237991237640380859e+01
2.353773498535156250e+01
2.471157002449035645e+01
2.585639691352844238e+01
2.697617983818054199e+01
2.819404578208923340e+01
2.935287022590637207e+01
3.048667693138122559e+01
3.164249777793884277e+01
3.280734872817993164e+01
3.401822423934936523e+01
3.517603278160095215e+01
3.636087512969970703e+01
3.752069997787475586e+01
3.868652939796447754e+01
3.986436653137207031e+01
4.104920935630798340e+01
4.223204994201660156e+01
4.340688538551330566e+01
4.457971906661987305e+01
4.577456879615783691e+01
4.690136981010437012e+01
4.802516913414001465e+01
4.927005410194396973e+01
5.043488240242004395e+01
5.157669615745544434e+01
5.276553916931152344e+01
5.394838070869445801e+01
5.512121391296386719e+01
5.627303361892700195e+01
5.747688961029052734e+01
5.861169624328613281e+01
5.981355047225952148e+01
6.096937394142150879e+01
6.216222023963928223e+01
6.332204532623291016e+01
6.449488043785095215e+01
6.566471076011657715e+01
6.683354187011718750e+01
6.799937057495117188e+01
6.917120432853698730e+01
7.033903431892395020e+01
7.163195347785949707e+01
7.349728083610534668e+01
7.581861114501953125e+01
7.704448246955871582e+01
7.829637265205383301e+01
7.947935628890991211e+01
8.084833025932312012e+01
8.203317236900329590e+01
8.321901559829711914e+01
8.442587351799011230e+01
8.568877124786376953e+01
8.681157040596008301e+01
8.800742053985595703e+01
8.920026850700378418e+01
9.036809873580932617e+01
9.150890970230102539e+01
9.276480269432067871e+01
9.401617503166198730e+01
9.525840616226196289e+01
9.645725822448730469e+01
9.777419495582580566e+01
9.893602108955383301e+01
1.001448953151702881e+02
1.013567419052124023e+02
1.026676740646362305e+02
1.039255683422088623e+02
1.051294243335723877e+02
1.063853178024291992e+02
1.075541484355926514e+02
1.088020360469818115e+02
1.101338913440704346e+02
1.113227360248565674e+02
1.125666205883026123e+02
1.137874882221221924e+02
1.150113584995269775e+02
1.161951999664306641e+02
1.173550245761871338e+02
1.185627973079681396e+02
1.197336297035217285e+02
1.209184725284576416e+02
1.220913064479827881e+02
1.232511308193206787e+02
1.244579885005950928e+02
1.256298224925994873e+02
1.267786388397216797e+02
1.279454681873321533e+02
1.291063082218170166e+02
1.302791280746459961e+02
1.314519612789154053e+02
1.326388053894042969e+02
1.338106396198272705e+02
1.350575253963470459e+02
1.362093441486358643e+02
1.374121992588043213e+02
1.386270632743835449e+02
1.398129065036773682e+02
1.410037534236907959e+02
1.421885952949523926e+02
1.433774409294128418e+02
1.445812973976135254e+02
1.457771465778350830e+02
1.469629898071289062e+02
1.480987977981567383e+02
1.493206665515899658e+02
1.504975032806396484e+02
1.516783428192138672e+02
1.528664221763610840e+02
1.540692770481109619e+02
1.552921471595764160e+02
1.564489691257476807e+02
1.577759130001068115e+02
1.590187971591949463e+02
1.601936321258544922e+02
1.613512392044067383e+02
1.625851159095764160e+02
1.638770356178283691e+02
1.650478668212890625e+02
1.662577266693115234e+02
1.674335627555847168e+02
1.686384196281433105e+02
1.700153987407684326e+02
1.712482757568359375e+02
1.725211808681488037e+02
1.736850078105926514e+02
1.748478353023529053e+02
1.760456867218017578e+02
1.772306771278381348e+02
1.783955059051513672e+02
1.796664080619812012e+02
1.809253044128417969e+02
1.820571086406707764e+02
1.832266936302185059e+02
1.844245452880859375e+02
1.856304025650024414e+02
1.868102416992187500e+02
1.880040903091430664e+02
1.891599121093750000e+02
1.904118025302886963e+02
1.915626204013824463e+02
1.927784848213195801e+02
1.939983525276184082e+02
1.952032091617584229e+02
1.963780448436737061e+02
1.976029155254364014e+02
1.987967638969421387e+02
2.000036222934722900e+02
2.012455048561096191e+02
2.024243438243865967e+02
2.036291999816894531e+02
2.048010332584381104e+02
2.059868760108947754e+02
2.071827268600463867e+02
2.083745744228363037e+02
2.095664215087890625e+02
2.107392551898956299e+02
2.119971497058868408e+02
2.131679823398590088e+02
2.144518952369689941e+02
2.156697742938995361e+02
2.168976342678070068e+02
2.180904824733734131e+02
2.192913358211517334e+02
2.204751920700073242e+02
2.217250661849975586e+02
2.229159128665924072e+02
2.241347801685333252e+02
2.253356332778930664e+02
2.265304839611053467e+02
2.277883772850036621e+02
2.289722189903259277e+02
2.301730730533599854e+02
2.313824436664581299e+02
2.326033120155334473e+02
2.337861533164978027e+02
2.349900088310241699e+02
2.361998689174652100e+02
2.374027247428894043e+02
2.386255943775177002e+02
2.398264474868774414e+02
2.410223116874694824e+02
