1.191848516464233398e+00
2.306639909744262695e+00
3.407422304153442383e+00
4.550234794616699219e+00
5.613991498947143555e+00
6.728784322738647461e+00
7.857587099075317383e+00
8.953365802764892578e+00
1.009517741203308105e+01
1.118995571136474609e+01
1.229874467849731445e+01
1.344155669212341309e+01
1.451533365249633789e+01
1.561710381507873535e+01
1.672989511489868164e+01
1.778564596176147461e+01
1.895647764205932617e+01
1.999721789360046387e+01
2.117106676101684570e+01
2.225982713699340820e+01
2.336761450767517090e+01
2.449641752243041992e+01
2.557118153572082520e+01
2.666195678710937500e+01
2.781177425384521484e+01
2.886752486228942871e+01
2.998932266235351562e+01
3.114914679527282715e+01
3.221490454673767090e+01
3.331668782234191895e+01
3.440946555137634277e+01
3.553026223182678223e+01
3.662303876876831055e+01
3.774883985519409180e+01
3.886963677406311035e+01
3.997842502593994141e+01
4.111323189735412598e+01
4.225004005432128906e+01
4.336983633041381836e+01
4.447362089157104492e+01
4.556239509582519531e+01
4.667218446731567383e+01
4.780098748207092285e+01
4.887975358963012695e+01
5.002057886123657227e+01
5.113936018943786621e+01
5.224014329910278320e+01
5.334793090820312500e+01
5.449074339866638184e+01
5.565657210350036621e+01
5.675535345077514648e+01
5.787114644050598145e+01
5.895791935920715332e+01
6.006572151184082031e+01
6.119050669670104980e+01
6.234933114051818848e+01
6.344811177253723145e+01
6.457291197776794434e+01
6.579478049278259277e+01
6.688655638694763184e+01
6.800335097312927246e+01
6.914818000793457031e+01
7.027596664428710938e+01
7.138575601577758789e+01
7.247853231430053711e+01
7.358732128143310547e+01
7.471912670135498047e+01
7.580790019035339355e+01
7.691368579864501953e+01
7.803448343276977539e+01
7.911024808883666992e+01
8.021903586387634277e+01
8.135886096954345703e+01
8.248965072631835938e+01
8.361760640144348145e+01
8.477743053436279297e+01
8.588221645355224609e+01
8.699700927734375000e+01
8.811380290985107422e+01
8.934567928314208984e+01
9.049149370193481445e+01
9.164731550216674805e+01
9.274609684944152832e+01
9.386489224433898926e+01
9.498969173431396484e+01
9.612850213050842285e+01
9.729232859611511230e+01
9.846516323089599609e+01
9.963400816917419434e+01
1.007357773780822754e+02
1.018825926780700684e+02
1.030123965740203857e+02
1.041231865882873535e+02
1.052269721031188965e+02
1.063938004970550537e+02
1.075085930824279785e+02
1.086153805255889893e+02
1.097551898956298828e+02
1.109460375308990479e+02
1.120898506641387939e+02
1.132426702976226807e+02
1.143594641685485840e+02
1.154732561111450195e+02
1.169493055343627930e+02
1.186785347461700439e+02
1.206039042472839355e+02
1.226043264865875244e+02
1.247338399887084961e+02
1.268113176822662354e+02
1.288187446594238281e+02
1.311353914737701416e+02
1.334830615520477295e+02
1.353013541698455811e+02
1.379562418460845947e+02
1.400697443485260010e+02
1.425625164508819580e+02
1.448401401042938232e+02
1.468986036777496338e+02
1.492882986068725586e+02
1.515659186840057373e+02
1.540386765003204346e+02
1.562772684097290039e+02
1.592163577079772949e+02
1.616821112632751465e+02
1.638856775760650635e+02
1.662853837013244629e+02
1.687211160659790039e+02
1.716101782321929932e+02
1.741079454421997070e+02
1.761764163970947266e+02
1.781758382320404053e+02
1.805205061435699463e+02
1.827711052894592285e+02
1.849596617221832275e+02
1.873153367042541504e+02
1.894518561363220215e+02
1.916003870964050293e+02
1.935407629013061523e+02
1.957543365955352783e+02
1.973294565677642822e+02
1.988845620155334473e+02
2.003425989151000977e+02
2.019647552967071533e+02
2.034638216495513916e+02
2.048798246383666992e+02
2.062848241329193115e+02
2.076998300552368164e+02
2.090848147869110107e+02
2.104708042144775391e+02
2.120869505405426025e+02
2.133293063640594482e+02
2.153037097454071045e+02
2.164695389270782471e+02
2.176203572750091553e+02
2.188602390289306641e+02
2.203022649288177490e+02
2.214731369018554688e+02
2.231863553524017334e+02
2.243321697711944580e+02
2.254759833812713623e+02
2.266308043003082275e+02
2.277355902194976807e+02
2.289034206867218018e+02
2.300332236289978027e+02
2.311550214290618896e+02
2.323338594436645508e+02
2.334096243381500244e+02
2.345744524002075195e+02
2.357312748432159424e+02
2.368490695953369141e+02
2.379638619422912598e+02
2.391967389583587646e+02
2.403335475921630859e+02
2.414673533439636230e+02
2.426291790008544922e+02
2.437579824924468994e+02
2.449488291740417480e+02
2.460886390209197998e+02
2.472374556064605713e+02
2.484513189792633057e+02
2.496001355648040771e+02
2.511262202262878418e+02
2.522900481224060059e+02
2.534148483276367188e+02
2.545626640319824219e+02
2.556624462604522705e+02
2.568282752037048340e+02
2.579921026229858398e+02
2.590998899936676025e+02
2.602817304134368896e+02
2.614425556659698486e+02
2.626103861331939697e+02
2.637521982192993164e+02
2.649290344715118408e+02
2.660378229618072510e+02
2.671986484527587891e+02
2.684015047550201416e+02
2.694982836246490479e+02
2.706721181869506836e+02
2.718149309158325195e+02
