1.378980636596679688e+00
2.500778675079345703e+00
3.718645095825195312e+00
4.892478942871093750e+00
6.105841159820556641e+00
7.257660388946533203e+00
8.474525451660156250e+00
9.641374349594116211e+00
1.076567363739013672e+01
1.196607208251953125e+01
1.323997831344604492e+01
1.439833807945251465e+01
1.558917212486267090e+01
1.676852536201477051e+01
1.790833544731140137e+01
1.907566595077514648e+01
2.023248863220214844e+01
2.148838067054748535e+01
2.265521740913391113e+01
2.380052518844604492e+01
2.493933463096618652e+01
2.616420507431030273e+01
2.734354424476623535e+01
2.849239754676818848e+01
2.965172171592712402e+01
3.087008714675903320e+01
3.202691006660461426e+01
3.323827171325683594e+01
3.437107729911804199e+01
3.553640556335449219e+01
3.671124053001403809e+01
3.791909933090209961e+01
3.909849429130554199e+01
4.025631761550903320e+01
4.150273537635803223e+01
4.268507623672485352e+01
4.385941123962402344e+01
4.506684136390686035e+01
4.620214843750000000e+01
4.742207241058349609e+01
4.860945820808410645e+01
4.976928377151489258e+01
5.093613958358764648e+01
5.226858663558959961e+01
5.344292235374450684e+01
5.464438414573669434e+01
5.580170583724975586e+01
5.701961803436279297e+01
5.814141464233398438e+01
5.934332680702209473e+01
6.052019762992858887e+01
6.169253182411193848e+01
6.280131959915161133e+01
6.405571126937866211e+01
6.517100405693054199e+01
6.632737803459167480e+01
6.748119783401489258e+01
6.866353893280029297e+01
6.978633713722229004e+01
7.091019821166992188e+01
7.210456800460815430e+01
7.327840256690979004e+01
7.448776221275329590e+01
7.563359642028808594e+01
7.686397194862365723e+01
7.799979782104492188e+01
7.917513346672058105e+01
8.035046935081481934e+01
8.151479721069335938e+01
8.267762374877929688e+01
8.384595417976379395e+01
8.497625803947448730e+01
8.622114419937133789e+01
8.740854024887084961e+01
8.856286144256591797e+01
8.979373574256896973e+01
9.096556925773620605e+01
9.216192030906677246e+01
9.331636333465576172e+01
9.454673886299133301e+01
9.573658442497253418e+01
9.723865246772766113e+01
9.861713194847106934e+01
9.988159775733947754e+01
1.010073976516723633e+02
1.021527342796325684e+02
1.034301431179046631e+02
1.045800538063049316e+02
1.057869114875793457e+02
1.069812932014465332e+02
1.082376871109008789e+02
1.094320354461669922e+02
1.106209425926208496e+02
1.117802901268005371e+02
1.129756395816802979e+02
1.145282850265502930e+02
1.158467495441436768e+02
1.170668196678161621e+02
1.181649944782257080e+02
1.192788915634155273e+02
1.203326852321624756e+02
1.214044473171234131e+02
1.225062310695648193e+02
1.235559771060943604e+02
1.246257376670837402e+02
1.257125105857849121e+02
1.268082895278930664e+02
1.279651119709014893e+02
1.290058524608612061e+02
1.301416592597961426e+02
1.311974241733551025e+02
1.322721745967864990e+02
1.333129143714904785e+02
1.343616604804992676e+02
1.354314205646514893e+02
1.365432109832763672e+02
1.376269817352294922e+02
1.387367708683013916e+02
1.398265459537506104e+02
1.409123184680938721e+02
1.421942288875579834e+02
1.432639896869659424e+02
1.443257446289062500e+02
1.453724892139434814e+02
1.465112993717193604e+02
1.475770568847656250e+02
1.486558234691619873e+02
1.497175784111022949e+02
1.511515982151031494e+02
1.522043466567993164e+02
1.533041286468505859e+02
1.543919017314910889e+02
1.555036921501159668e+02
1.565554409027099609e+02
1.576171951293945312e+02
1.587479994297027588e+02
1.598227641582489014e+02
1.608965263366699219e+02
1.619802973270416260e+02
1.630955364704132080e+02
1.641682996749877930e+02
1.652220494747161865e+02
1.663198292255401611e+02
1.673985967636108398e+02
1.684623527526855469e+02
1.695601480007171631e+02
1.706499087810516357e+02
1.717246718406677246e+02
1.727584071159362793e+02
1.738691976070404053e+02
1.749729819297790527e+02
1.760987825393676758e+02
1.771598672866821289e+02
1.782576472759246826e+02
1.793004031181335449e+02
1.804041733741760254e+02
1.814959497451782227e+02
1.825627086162567139e+02
1.836945133209228516e+02
1.847322506904602051e+02
1.858330338001251221e+02
1.869148025512695312e+02
1.879895668029785156e+02
1.890373117923736572e+02
1.901581082344055176e+02
1.912769045829772949e+02
1.923466649055480957e+02
1.934244308471679688e+02
1.944971942901611328e+02
1.955619511604309082e+02
1.966817471981048584e+02
1.977425012588500977e+02
1.988552923202514648e+02
1.999140450954437256e+02
2.010538558959960938e+02
2.021236164569854736e+02
2.031753640174865723e+02
2.042671399116516113e+02
2.053278942108154297e+02
2.064877190589904785e+02
2.075484728813171387e+02
2.086592631340026855e+02
2.097480375766754150e+02
2.108508210182189941e+02
2.119165794849395752e+02
2.130724008083343506e+02
2.141331551074981689e+02
2.152279334068298340e+02
2.163807532787322998e+02
2.174194917678833008e+02
2.185012609958648682e+02
2.195900347232818604e+02
2.206788091659545898e+02
2.217555878162384033e+02
2.228393449783325195e+02
2.239581408500671387e+02
2.250218970775604248e+02
2.261206784248352051e+02
2.272221596240997314e+02
2.283239428997039795e+02
