1.618150234222412109e+00
2.797989845275878906e+00
4.028865098953247070e+00
5.245729923248291016e+00
6.428570747375488281e+00
7.708481073379516602e+00
8.918341159820556641e+00
1.019725060462951660e+01
1.145670342445373535e+01
1.269858598709106445e+01
1.389436554908752441e+01
1.511223173141479492e+01
1.633810257911682129e+01
1.764903569221496582e+01
1.912808656692504883e+01
2.031393003463745117e+01
2.157082343101501465e+01
2.278168439865112305e+01
2.401055860519409180e+01
2.524643707275390625e+01
2.646130037307739258e+01
2.765114688873291016e+01
2.885400199890136719e+01
3.006085968017578125e+01
3.128573060035705566e+01
3.248758530616760254e+01
3.380552220344543457e+01
3.503139400482177734e+01
3.623224759101867676e+01
3.749114394187927246e+01
3.869800066947937012e+01
3.984281492233276367e+01
4.107268929481506348e+01
4.232658076286315918e+01
4.353243803977966309e+01
4.478532934188842773e+01
4.601020359992980957e+01
4.723807287216186523e+01
4.848796224594116211e+01
4.963877964019775391e+01
5.092769670486450195e+01
5.212554907798767090e+01
5.334460282325744629e+01
5.461750769615173340e+01
5.579334425926208496e+01
5.704223251342773438e+01
5.825009059906005859e+01
5.948596954345703125e+01
6.072284889221191406e+01
6.196973562240600586e+01
6.314657258987426758e+01
6.447351551055908203e+01
6.568938064575195312e+01
6.689623832702636719e+01
6.808608460426330566e+01
6.931595873832702637e+01
7.054583358764648438e+01
7.174968910217285156e+01
7.304260897636413574e+01
7.421244025230407715e+01
7.543430900573730469e+01
7.663416194915771484e+01
7.786403608322143555e+01
7.907289671897888184e+01
8.033979654312133789e+01
8.156767010688781738e+01
8.281855940818786621e+01
8.403242301940917969e+01
8.527530622482299805e+01
8.650317955017089844e+01
8.776207399368286133e+01
8.898994755744934082e+01
9.023683357238769531e+01
9.143568658828735352e+01
9.263253664970397949e+01
9.385940933227539062e+01
9.509228634834289551e+01
9.630014467239379883e+01
9.750600194931030273e+01
9.875889325141906738e+01
1.000177879333496094e+02
1.013297212123870850e+02
1.025736050605773926e+02
1.037984762191772461e+02
1.051914687156677246e+02
1.070347771644592285e+02
1.091072509288787842e+02
1.113218252658843994e+02
1.134223191738128662e+02
1.155798547267913818e+02
1.180065782070159912e+02
1.204833393096923828e+02
1.229310796260833740e+02
1.251556613445281982e+02
1.278725941181182861e+02
1.305134713649749756e+02
1.330702891349792480e+02
1.354719965457916260e+02
1.380588378906250000e+02
1.402443900108337402e+02
1.429783329963684082e+02
1.450948386192321777e+02
1.471122729778289795e+02
1.490246324539184570e+02
1.508999695777893066e+02
1.530184745788574219e+02
1.549218254089355469e+02
1.567781457901000977e+02
1.587465457916259766e+02
1.608180177211761475e+02
1.629045014381408691e+02
1.646707606315612793e+02
1.666191422939300537e+02
1.685805370807647705e+02
1.704478664398193359e+02
1.723902456760406494e+02
1.743336279392242432e+02
1.763500614166259766e+02
1.783414769172668457e+02
1.802238154411315918e+02
1.820501141548156738e+02
1.837263066768646240e+02
1.852413830757141113e+02
1.867904844284057617e+02
1.882705368995666504e+02
1.898016257286071777e+02
1.913647370338439941e+02
1.929508647918701172e+02
1.944429287910461426e+02
1.959069695472717285e+02
1.973499960899353027e+02
1.988985493183135986e+02
2.004686665534973145e+02
2.020137643814086914e+02
2.036429231166839600e+02
2.051099662780761719e+02
2.066510643959045410e+02
2.082291836738586426e+02
2.097872922420501709e+02
2.113363935947418213e+02
2.128754880428314209e+02
2.143705508708953857e+02
2.163199365139007568e+02
2.178081572055816650e+02
2.191831352710723877e+02
2.204540386199951172e+02
2.217769784927368164e+02
2.231089267730712891e+02
2.244678921699523926e+02
2.258728923797607422e+02
2.272982833385467529e+02
2.288403794765472412e+02
2.303974874019622803e+02
2.319595978260040283e+02
2.335056965351104736e+02
2.349717397689819336e+02
2.363867452144622803e+02
2.378938169479370117e+02
2.393538548946380615e+02
2.407828719615936279e+02
2.422499141693115234e+02
2.437659919261932373e+02
2.452750649452209473e+02
2.468802063465118408e+02
2.483152267932891846e+02
2.499303755760192871e+02
2.514604630470275879e+02
2.527854056358337402e+02
2.545456566810607910e+02
2.557785327434539795e+02
2.569873924255371094e+02
2.582012557983398438e+02
2.594211235046386719e+02
2.605979597568511963e+02
2.617988135814666748e+02
2.630687162876129150e+02
2.642965893745422363e+02
2.655494804382324219e+02
2.667613418102264404e+02
2.679652109146118164e+02
2.692210903167724609e+02
2.704339532852172852e+02
2.716247992515563965e+02
2.728286559581756592e+02
2.740375151634216309e+02
2.752713930606842041e+02
2.764662423133850098e+02
2.777191331386566162e+02
2.789550130367279053e+02
2.801658728122711182e+02
2.813777341842651367e+02
2.825885951519012451e+02
2.837734375000000000e+02
2.849862999916076660e+02
2.862231795787811279e+02
2.874200308322906494e+02
2.886329071521759033e+02
2.898567631244659424e+02
2.910766301155090332e+02
2.922794849872589111e+02
