2.564102597534656525e-02
2.197802253067493439e-02
1.221001241356134415e-02
1.953602023422718048e-02
1.098901126533746719e-02
1.465201471000909805e-02
1.953602023422718048e-02
2.686202712357044220e-02
2.564102597534656525e-02
1.221001241356134415e-02
2.808302827179431915e-02
3.296703472733497620e-02
2.442002668976783752e-02
3.418803587555885315e-02
2.319902367889881134e-02
2.808303013443946838e-02
4.761904850602149963e-02
3.418803587555885315e-02
3.785103932023048401e-02
4.273504391312599182e-02
5.006105080246925354e-02
4.761904850602149963e-02
5.982905998826026917e-02
5.128205195069313049e-02
6.227106600999832153e-02
8.180708438158035278e-02
1.025641039013862610e-01
1.062271073460578918e-01
1.062271147966384888e-01
1.257631331682205200e-01
1.343101412057876587e-01
1.330891400575637817e-01
1.636141687631607056e-01
1.575091630220413208e-01
1.660561710596084595e-01
1.929181963205337524e-01
1.855921894311904907e-01
2.136752158403396606e-01
2.173382341861724854e-01
2.429792433977127075e-01
2.539682686328887939e-01
2.515262663364410400e-01
2.857142984867095947e-01
2.844932973384857178e-01
2.979243099689483643e-01
2.967033088207244873e-01
3.174603283405303955e-01
3.235653340816497803e-01
3.650793731212615967e-01
3.431013524532318115e-01
3.540903627872467041e-01
3.614163696765899658e-01
3.748473823070526123e-01
3.846154212951660156e-01
4.053724110126495361e-01
4.017094075679779053e-01
4.334554672241210938e-01
4.358974695205688477e-01
4.285714328289031982e-01
4.603174924850463867e-01
4.529914855957031250e-01
4.615384638309478760e-01
4.835165143013000488e-01
4.688645005226135254e-01
4.822955131530761719e-01
4.688645005226135254e-01
5.006105303764343262e-01
5.042735338211059570e-01
5.494505763053894043e-01
5.140415430068969727e-01
5.067155361175537109e-01
5.506715774536132812e-01
5.311355590820312500e-01
5.628815889358520508e-01
5.421245694160461426e-01
5.445665717124938965e-01
5.616605877876281738e-01
5.677655935287475586e-01
5.592185854911804199e-01
5.628815889358520508e-01
5.909646153450012207e-01
5.873016119003295898e-01
6.092796325683593750e-01
6.056166291236877441e-01
5.909646153450012207e-01
6.031746268272399902e-01
6.202686429023742676e-01
5.824176073074340820e-01
6.385836601257324219e-01
6.373626589775085449e-01
6.263736486434936523e-01
6.312576532363891602e-01
6.214896440505981445e-01
6.324786543846130371e-01
6.434676647186279297e-01
6.825397014617919922e-01
6.605616807937622070e-01
6.544566750526428223e-01
6.691086888313293457e-01
6.776556968688964844e-01
6.666666865348815918e-01
6.678876876831054688e-01
6.617826819419860840e-01
6.788766980171203613e-01
6.813187003135681152e-01
6.996337175369262695e-01
6.630036830902099609e-01
6.910867094993591309e-01
6.776556968688964844e-01
7.008547186851501465e-01
6.739926934242248535e-01
6.886447072029113770e-01
6.947497129440307617e-01
6.971917152404785156e-01
6.984127163887023926e-01
7.069597244262695312e-01
7.155067324638366699e-01
7.240537405014038086e-01
7.045177221298217773e-01
7.228327393531799316e-01
7.179487347602844238e-01
7.216117382049560547e-01
7.387057542800903320e-01
7.350427508354187012e-01
7.521367669105529785e-01
7.387057542800903320e-01
7.545787692070007324e-01
7.313797473907470703e-01
7.496947646141052246e-01
7.399267554283142090e-01
7.423687577247619629e-01
7.557997703552246094e-01
7.423687577247619629e-01
7.741147875785827637e-01
7.472527623176574707e-01
7.655677795410156250e-01
7.631257772445678711e-01
7.582417726516723633e-01
7.448107600212097168e-01
7.509157657623291016e-01
7.435897588729858398e-01
7.594627737998962402e-01
7.557997703552246094e-01
7.704517841339111328e-01
7.814407944679260254e-01
7.777777910232543945e-01
7.728937864303588867e-01
7.851037979125976562e-01
7.619047760963439941e-01
8.034188151359558105e-01
7.802197933197021484e-01
7.789987921714782715e-01
8.070818185806274414e-01
8.009768128395080566e-01
8.034188151359558105e-01
7.826617956161499023e-01
8.034188151359558105e-01
8.070818185806274414e-01
7.912088036537170410e-01
8.058608174324035645e-01
8.144078254699707031e-01
8.290598392486572266e-01
8.070818185806274414e-01
8.205128312110900879e-01
8.229548335075378418e-01
8.449328541755676270e-01
8.144078254699707031e-01
8.217338323593139648e-01
8.266178369522094727e-01
8.278388381004333496e-01
8.229548335075378418e-01
8.192918300628662109e-01
8.315018415451049805e-01
8.351648449897766113e-01
8.083028197288513184e-01
8.205128312110900879e-01
8.144078254699707031e-01
8.205128312110900879e-01
8.144078254699707031e-01
8.327228426933288574e-01
8.278388381004333496e-01
8.412698507308959961e-01
8.302808403968811035e-01
8.339438438415527344e-01
8.278388381004333496e-01
8.388278484344482422e-01
8.229548335075378418e-01
8.498168587684631348e-01
8.632478713989257812e-01
8.595848679542541504e-01
8.412698507308959961e-01
8.620268702507019043e-01
8.412698507308959961e-01
8.681318759918212891e-01
8.534798622131347656e-01
8.522588610649108887e-01
8.461538553237915039e-01
8.571428656578063965e-01
8.510378599166870117e-01
8.608058691024780273e-01
