1.221001241356134415e-02
2.686202712357044220e-02
2.319902367889881134e-02
2.442002482712268829e-02
1.587301678955554962e-02
1.587301678955554962e-02
1.221001334488391876e-02
3.052503243088722229e-02
2.075702138245105743e-02
2.686202712357044220e-02
2.442002482712268829e-02
3.052503056824207306e-02
2.564102783799171448e-02
3.418803587555885315e-02
4.639804735779762268e-02
4.517704620957374573e-02
3.907204046845436096e-02
6.105006486177444458e-02
5.372405424714088440e-02
8.302808552980422974e-02
8.302808552980422974e-02
8.547008782625198364e-02
1.123321205377578735e-01
1.123321205377578735e-01
1.343101412057876587e-01
1.477411538362503052e-01
1.758241802453994751e-01
1.770451813936233521e-01
1.428571492433547974e-01
1.672771722078323364e-01
1.868131905794143677e-01
2.026862204074859619e-01
2.210012376308441162e-01
2.539682686328887939e-01
2.661782801151275635e-01
2.759462893009185791e-01
2.747252881526947021e-01
3.064713180065155029e-01
3.101343214511871338e-01
3.150183260440826416e-01
3.479853570461273193e-01
3.369963467121124268e-01
3.809523880481719971e-01
3.736263811588287354e-01
4.114774167537689209e-01
3.797313868999481201e-01
4.126984179019927979e-01
4.383394420146942139e-01
4.456654489040374756e-01
4.371184408664703369e-01
4.432234764099121094e-01
4.884005188941955566e-01
4.847375154495239258e-01
4.725275039672851562e-01
4.896215200424194336e-01
4.969475269317626953e-01
5.225885510444641113e-01
5.299145579338073730e-01
5.177045464515686035e-01
5.421245694160461426e-01
5.323565602302551270e-01
5.335775613784790039e-01
5.543345808982849121e-01
5.482295751571655273e-01
5.604395866394042969e-01
5.616605877876281738e-01
5.873016119003295898e-01
5.860806107521057129e-01
5.836386084556579590e-01
5.702075958251953125e-01
5.885226130485534668e-01
5.921856164932250977e-01
6.190476417541503906e-01
6.446886658668518066e-01
6.410256624221801758e-01
6.214896440505981445e-01
6.056166291236877441e-01
6.398046612739562988e-01
6.422466635704040527e-01
6.324786543846130371e-01
6.251526474952697754e-01
6.373626589775085449e-01
6.422466635704040527e-01
6.752136945724487305e-01
6.678876876831054688e-01
6.434676647186279297e-01
6.605616807937622070e-01
6.752136945724487305e-01
6.813187003135681152e-01
6.776556968688964844e-01
6.691086888313293457e-01
6.678876876831054688e-01
6.727716922760009766e-01
6.788766980171203613e-01
6.947497129440307617e-01
7.130647301673889160e-01
6.862027049064636230e-01
7.130647301673889160e-01
7.008547186851501465e-01
6.959707140922546387e-01
7.118437290191650391e-01
7.094017267227172852e-01
6.910867094993591309e-01
7.216117382049560547e-01
7.142857313156127930e-01
7.228327393531799316e-01
7.094017267227172852e-01
7.399267554283142090e-01
7.289377450942993164e-01
7.387057542800903320e-01
7.509157657623291016e-01
7.496947646141052246e-01
7.167277336120605469e-01
7.472527623176574707e-01
7.387057542800903320e-01
7.692307829856872559e-01
7.533577680587768555e-01
7.472527623176574707e-01
7.704517841339111328e-01
7.789987921714782715e-01
7.338217496871948242e-01
7.570207715034484863e-01
7.521367669105529785e-01
7.533577680587768555e-01
7.838827967643737793e-01
7.924298048019409180e-01
7.667887806892395020e-01
7.960928082466125488e-01
7.606837749481201172e-01
7.765567898750305176e-01
7.838827967643737793e-01
7.789987921714782715e-01
7.667887806892395020e-01
7.692307829856872559e-01
7.887668013572692871e-01
7.594627737998962402e-01
7.789987921714782715e-01
7.765567898750305176e-01
8.339438438415527344e-01
8.119658231735229492e-01
8.046398162841796875e-01
7.899878025054931641e-01
7.851037979125976562e-01
8.107448220252990723e-01
8.205128312110900879e-01
7.936508059501647949e-01
8.070818185806274414e-01
8.058608174324035645e-01
8.021978139877319336e-01
8.449328541755676270e-01
8.278388381004333496e-01
7.973138093948364258e-01
8.144078254699707031e-01
8.119658231735229492e-01
8.046398162841796875e-01
8.461538553237915039e-01
8.095238208770751953e-01
8.315018415451049805e-01
8.241758346557617188e-01
8.266178369522094727e-01
8.461538553237915039e-01
8.192918300628662109e-01
8.253968358039855957e-01
8.461538553237915039e-01
8.351648449897766113e-01
8.278388381004333496e-01
8.400488495826721191e-01
8.522588610649108887e-01
8.363858461380004883e-01
8.534798622131347656e-01
8.400488495826721191e-01
8.400488495826721191e-01
8.437118530273437500e-01
8.522588610649108887e-01
8.583638668060302734e-01
8.766788840293884277e-01
8.485958576202392578e-01
8.473748564720153809e-01
8.534798622131347656e-01
8.595848679542541504e-01
8.485958576202392578e-01
8.693528771400451660e-01
8.730158805847167969e-01
8.547008633613586426e-01
8.595848679542541504e-01
8.559218645095825195e-01
8.559218645095825195e-01
8.742368817329406738e-01
8.510378599166870117e-01
8.595848679542541504e-01
8.705738782882690430e-01
8.534798622131347656e-01
8.778998851776123047e-01
8.705738782882690430e-01
8.632478713989257812e-01
8.681318759918212891e-01
8.644688725471496582e-01
8.705738782882690430e-01
8.986569046974182129e-01
8.742368817329406738e-01
