1.709401793777942657e-02
1.465201564133167267e-02
2.075702138245105743e-02
1.709401793777942657e-02
2.686202712357044220e-02
1.587301678955554962e-02
2.442002482712268829e-02
1.709401793777942657e-02
1.587301678955554962e-02
1.343101356178522110e-02
2.197802253067493439e-02
1.953602023422718048e-02
1.953602023422718048e-02
2.564102597534656525e-02
2.564102597534656525e-02
2.686202712357044220e-02
3.418803587555885315e-02
3.418803587555885315e-02
3.907204046845436096e-02
3.907204046845436096e-02
4.761904850602149963e-02
6.349206715822219849e-02
6.349206715822219849e-02
6.227106228470802307e-02
7.448107749223709106e-02
9.035409241914749146e-02
9.035409241914749146e-02
1.172161251306533813e-01
1.233211308717727661e-01
1.379731446504592896e-01
1.514041572809219360e-01
1.538461595773696899e-01
1.868132054805755615e-01
1.880342066287994385e-01
1.733821779489517212e-01
2.234432399272918701e-01
2.283272445201873779e-01
2.197802215814590454e-01
2.576312720775604248e-01
2.551892697811126709e-01
2.673992812633514404e-01
2.942613065242767334e-01
2.893773019313812256e-01
3.272283375263214111e-01
3.223443329334259033e-01
3.296703398227691650e-01
3.540903627872467041e-01
3.455433547496795654e-01
3.418803513050079346e-01
3.760683834552764893e-01
3.956044018268585205e-01
4.053724110126495361e-01
4.065934419631958008e-01
4.090354442596435547e-01
4.200244247913360596e-01
4.578754901885986328e-01
4.346764683723449707e-01
4.590964913368225098e-01
4.688645005226135254e-01
4.847375154495239258e-01
4.700855016708374023e-01
4.884005188941955566e-01
4.920635223388671875e-01
5.396825671195983887e-01
5.042735338211059570e-01
5.030525326728820801e-01
5.164835453033447266e-01
5.445665717124938965e-01
5.347985625267028809e-01
5.628815889358520508e-01
5.457875728607177734e-01
5.750916004180908203e-01
5.555555820465087891e-01
5.396825671195983887e-01
5.848596096038818359e-01
5.702075958251953125e-01
5.824176073074340820e-01
5.738705992698669434e-01
6.105006337165832520e-01
5.958486199378967285e-01
6.129426360130310059e-01
6.019536256790161133e-01
5.995116233825683594e-01
6.434676647186279297e-01
6.361416578292846680e-01
6.373626589775085449e-01
6.361416578292846680e-01
6.251526474952697754e-01
6.373626589775085449e-01
6.117216348648071289e-01
6.495726704597473145e-01
6.471306681632995605e-01
6.385836601257324219e-01
6.471306681632995605e-01
6.532356739044189453e-01
6.446886658668518066e-01
6.568986773490905762e-01
6.886447072029113770e-01
6.813187003135681152e-01
6.800976991653442383e-01
6.642246842384338379e-01
6.678876876831054688e-01
6.862027049064636230e-01
6.654456853866577148e-01
7.081807255744934082e-01
7.118437290191650391e-01
6.898657083511352539e-01
7.228327393531799316e-01
6.959707140922546387e-01
6.923077106475830078e-01
7.277167439460754395e-01
6.947497129440307617e-01
7.167277336120605469e-01
7.374847531318664551e-01
7.399267554283142090e-01
7.179487347602844238e-01
7.350427508354187012e-01
7.289377450942993164e-01
7.435897588729858398e-01
7.264957427978515625e-01
7.399267554283142090e-01
7.557997703552246094e-01
7.521367669105529785e-01
7.472527623176574707e-01
7.570207715034484863e-01
7.301587462425231934e-01
7.606837749481201172e-01
7.411477565765380859e-01
7.460317611694335938e-01
7.912088036537170410e-01
7.545787692070007324e-01
7.667887806892395020e-01
7.509157657623291016e-01
7.521367669105529785e-01
7.521367669105529785e-01
7.716727852821350098e-01
7.667887806892395020e-01
7.814407944679260254e-01
7.557997703552246094e-01
7.545787692070007324e-01
7.777777910232543945e-01
7.704517841339111328e-01
7.924298048019409180e-01
7.680097818374633789e-01
7.875458002090454102e-01
7.838827967643737793e-01
7.728937864303588867e-01
7.912088036537170410e-01
7.973138093948364258e-01
7.936508059501647949e-01
7.973138093948364258e-01
7.680097818374633789e-01
8.119658231735229492e-01
8.034188151359558105e-01
7.936508059501647949e-01
8.095238208770751953e-01
7.912088036537170410e-01
7.973138093948364258e-01
8.058608174324035645e-01
8.376068472862243652e-01
7.948718070983886719e-01
8.192918300628662109e-01
8.253968358039855957e-01
7.863247990608215332e-01
8.119658231735229492e-01
8.192918300628662109e-01
8.217338323593139648e-01
8.327228426933288574e-01
8.351648449897766113e-01
8.119658231735229492e-01
8.388278484344482422e-01
8.400488495826721191e-01
8.315018415451049805e-01
8.229548335075378418e-01
8.522588610649108887e-01
8.327228426933288574e-01
8.278388381004333496e-01
8.376068472862243652e-01
8.485958576202392578e-01
8.278388381004333496e-01
8.400488495826721191e-01
8.363858461380004883e-01
8.473748564720153809e-01
8.437118530273437500e-01
8.547008633613586426e-01
8.449328541755676270e-01
8.522588610649108887e-01
8.534798622131347656e-01
8.608058691024780273e-01
8.656898736953735352e-01
8.534798622131347656e-01
8.351648449897766113e-01
8.522588610649108887e-01
8.595848679542541504e-01
8.742368817329406738e-01
8.498168587684631348e-01
8.595848679542541504e-01
8.620268702507019043e-01
8.510378599166870117e-01
8.241758346557617188e-01
