2.042451858520507812e+00
3.959315061569213867e+00
5.501412153244018555e+00
7.524349451065063477e+00
9.624843358993530273e+00
1.132705354690551758e+01
1.312983536720275879e+01
1.485756397247314453e+01
1.646920990943908691e+01
1.841059064865112305e+01
2.009728932380676270e+01
2.194410276412963867e+01
2.366682744026184082e+01
2.536353373527526855e+01
2.715680909156799316e+01
2.892356491088867188e+01
3.066880607604980469e+01
3.256815624237060547e+01
3.447901558876037598e+01
3.629080295562744141e+01
3.821216940879821777e+01
3.996941995620727539e+01
4.150851321220397949e+01
4.315969491004943848e+01
4.481537175178527832e+01
4.676776075363159180e+01
4.847947740554809570e+01
5.006310272216796875e+01
5.172078180313110352e+01
5.356008911132812500e+01
5.550747394561767578e+01
5.762698125839233398e+01
5.952733254432678223e+01
6.136764073371887207e+01
6.314190244674682617e+01
6.571923542022705078e+01
6.780021452903747559e+01
7.003680443763732910e+01
7.179255294799804688e+01
7.374444103240966797e+01
7.591098165512084961e+01
7.809853649139404297e+01
7.994935274124145508e+01
8.157951140403747559e+01
8.374805355072021484e+01
8.573796820640563965e+01
8.927398252487182617e+01
9.124238252639770508e+01
9.407389545440673828e+01
9.681784605979919434e+01
9.903742456436157227e+01
1.016352720260620117e+02
1.037958078384399414e+02
1.062825756072998047e+02
1.082824974060058594e+02
1.102488956451416016e+02
1.124514625072479248e+02
1.150978438854217529e+02
1.173049132823944092e+02
1.196020462512969971e+02
1.213713040351867676e+02
1.238345551490783691e+02
1.263543534278869629e+02
1.287301292419433594e+02
1.314784486293792725e+02
1.338906629085540771e+02
1.365685677528381348e+02
1.390643415451049805e+02
1.414320254325866699e+02
1.435340197086334229e+02
1.457155716419219971e+02
1.477239992618560791e+02
1.497054953575134277e+02
1.520826854705810547e+02
1.542111985683441162e+02
1.562211275100708008e+02
1.582570750713348389e+02
1.602795131206512451e+02
1.622789347171783447e+02
1.640752120018005371e+02
1.658589801788330078e+02
1.678794171810150146e+02
1.701245131492614746e+02
1.724451630115509033e+02
1.748749194145202637e+02
1.770724823474884033e+02
1.794041409492492676e+02
1.815581722259521484e+02
1.836836829185485840e+02
1.861514456272125244e+02
1.880863208770751953e+02
1.907402081489562988e+02
1.928346970081329346e+02
1.947170355319976807e+02
1.972118089199066162e+02
1.994118735790252686e+02
2.016294505596160889e+02
2.041552462577819824e+02
2.080093109607696533e+02
2.110764918327331543e+02
2.135622591972351074e+02
2.157703294754028320e+02
2.176746835708618164e+02
2.199858269691467285e+02
2.222669482231140137e+02
2.250244088172912598e+02
2.273430576324462891e+02
2.300154571533203125e+02
2.320133781433105469e+02
2.343540425300598145e+02
2.369028546810150146e+02
2.393245768547058105e+02
2.411869010925292969e+02
2.433274292945861816e+02
2.452568004131317139e+02
2.466973254680633545e+02
2.484979841709136963e+02
2.519679517745971680e+02
2.561194028854370117e+02
2.586622111797332764e+02
2.613971560001373291e+02
2.638559038639068604e+02
2.662641165256500244e+02
2.687643938064575195e+02
2.716359355449676514e+02
2.737859640121459961e+02
2.763247690200805664e+02
2.787670059204101562e+02
2.812412650585174561e+02
2.834748535156250000e+02
2.856398923397064209e+02
2.881446738243103027e+02
2.903092126846313477e+02
2.926178538799285889e+02
2.948404340744018555e+02
2.972581529617309570e+02
2.992910990715026855e+02
3.022371931076049805e+02
3.046979432106018066e+02
3.077486126422882080e+02
3.103099329471588135e+02
3.129017767906188965e+02
3.157427961826324463e+02
3.188229861259460449e+02
3.213933136463165283e+02
3.234993112087249756e+02
3.262777867317199707e+02
3.290507578849792480e+02
3.316501059532165527e+02
3.335469548702239990e+02
3.361052739620208740e+02
3.388437297344207764e+02
3.411383697986602783e+02
3.434084823131561279e+02
3.458231999874114990e+02
3.480332708358764648e+02
3.503334064483642578e+02
3.524879379272460938e+02
3.547730624675750732e+02
3.570331699848175049e+02
3.586673321723937988e+02
3.604240815639495850e+02
3.626912038326263428e+02
3.644344439506530762e+02
3.676041975021362305e+02
3.700339245796203613e+02
3.783828608989715576e+02
3.812834236621856689e+02
3.843466012477874756e+02
3.872171423435211182e+02
3.895983350276947021e+02
3.924493625164031982e+02
3.957842333316802979e+02
3.989795057773590088e+02
4.011865746974945068e+02
4.035677678585052490e+02
4.059199402332305908e+02
4.135693850517272949e+02
4.172284865379333496e+02
4.199559259414672852e+02
4.219378347396850586e+02
4.239167416095733643e+02
4.256744914054870605e+02
4.277874941825866699e+02
4.294406692981719971e+02
4.309277272224426270e+02
4.323882653713226318e+02
4.339053435325622559e+02
4.355675256252288818e+02
4.370715949535369873e+02
4.389329187870025635e+02
4.409403460025787354e+02
4.444333293437957764e+02
4.481769912242889404e+02
4.525776209831237793e+02
4.580329988002777100e+02
4.679430449008941650e+02
4.816823141574859619e+02
4.954035694599151611e+02
5.012847511768341064e+02
