2.125010251998901367e+00
4.504202365875244141e+00
1.049997782707214355e+01
1.287666845321655273e+01
1.486307978630065918e+01
1.664484667778015137e+01
1.843612051010131836e+01
2.045755791664123535e+01
2.211523628234863281e+01
2.376891231536865234e+01
2.529449701309204102e+01
2.706025242805480957e+01
2.884452104568481445e+01
3.043915486335754395e+01
3.235551714897155762e+01
3.420233082771301270e+01
3.607966566085815430e+01
3.789745783805847168e+01
3.966271305084228516e+01
4.146899795532226562e+01
4.374711680412292480e+01
4.578857636451721191e+01
4.748678517341613770e+01
4.957777142524719238e+01
5.152765774726867676e+01
5.309977483749389648e+01
5.479948353767395020e+01
5.670834088325500488e+01
5.861519670486450195e+01
6.027787852287292480e+01
6.196107578277587891e+01
6.389445042610168457e+01
6.638972449302673340e+01
6.848921704292297363e+01
7.032702374458312988e+01
7.197819805145263672e+01
7.370692658424377441e+01
7.536910891532897949e+01
7.716288423538208008e+01
7.894665265083312988e+01
8.090754675865173340e+01
8.273934912681579590e+01
8.502297234535217285e+01
8.725756192207336426e+01
8.920794820785522461e+01
9.098271012306213379e+01
9.270843744277954102e+01
9.445618844032287598e+01
9.627948474884033203e+01
9.796368241310119629e+01
9.974745082855224609e+01
1.013330776691436768e+02
1.030507993698120117e+02
1.047049837112426758e+02
1.064877510070800781e+02
1.081419277191162109e+02
1.098951737880706787e+02
1.116188993453979492e+02
1.134482002258300781e+02
1.154601309299468994e+02
1.171958644390106201e+02
1.192117981910705566e+02
1.211646869182586670e+02
1.227958469390869141e+02
1.247082061767578125e+02
1.263773932456970215e+02
1.281181311607360840e+02
1.296577250957489014e+02
1.313774483203887939e+02
1.334974560737609863e+02
1.352311882972717285e+02
1.368928694725036621e+02
1.386871457099914551e+02
1.408997185230255127e+02
1.425143666267395020e+02
1.443226521015167236e+02
1.463360838890075684e+02
1.481949055194854736e+02
1.498956146240234375e+02
1.517069027423858643e+02
1.535111856460571289e+02
1.552173991203308105e+02
1.569281148910522461e+02
1.593673493862152100e+02
1.612481868267059326e+02
1.631345281600952148e+02
1.647907049655914307e+02
1.663443105220794678e+02
1.681545968055725098e+02
1.698723182678222656e+02
1.718177022933959961e+02
1.736094758510589600e+02
1.756389186382293701e+02
1.773051033020019531e+02
1.790778634548187256e+02
1.827349636554718018e+02
1.853448195457458496e+02
1.870340209007263184e+02
1.886871957778930664e+02
1.907046303749084473e+02
1.926294989585876465e+02
1.946729521751403809e+02
1.964572207927703857e+02
1.984421315193176270e+02
2.012796497344970703e+02
2.036448311805725098e+02
2.054210937023162842e+02
2.072594010829925537e+02
2.092433116436004639e+02
2.111596739292144775e+02
2.128919057846069336e+02
2.146901845932006836e+02
2.163558690547943115e+02
2.180050411224365234e+02
2.198898816108703613e+02
2.218487744331359863e+02
2.236200337409973145e+02
2.252376844882965088e+02
2.271935746669769287e+02
2.289698374271392822e+02
2.307506034374237061e+02
2.325023486614227295e+02
2.340709645748138428e+02
2.357566626071929932e+02
2.374693808555603027e+02
2.391285605430603027e+02
2.408958170413970947e+02
2.428772258758544922e+02
2.448976624011993408e+02
2.465358271598815918e+02
2.483856425285339355e+02
2.501213767528533936e+02
2.519296624660491943e+02
2.538004920482635498e+02
2.554997010231018066e+02
2.574450840950012207e+02
2.591603121757507324e+02
2.607954747676849365e+02
2.624551551342010498e+02
2.642224118709564209e+02
2.659031062126159668e+02
2.679150366783142090e+02
2.694836523532867432e+02
2.713209586143493652e+02
2.731557631492614746e+02
2.747944283485412598e+02
2.764245872497558594e+02
2.779251539707183838e+02
2.796013543605804443e+02
2.814746866226196289e+02
2.839284315109252930e+02
2.855005490779876709e+02
2.872552962303161621e+02
2.890000364780426025e+02
2.906346993446350098e+02
2.923664300441741943e+02
2.940871539115905762e+02
2.958143820762634277e+02
2.975246081352233887e+02
2.993008713722229004e+02
3.013493273258209229e+02
3.035228729248046875e+02
3.053191497325897217e+02
3.074446611404418945e+02
3.093965492248535156e+02
3.117662334442138672e+02
3.140293502807617188e+02
3.160973207950592041e+02
3.181057491302490234e+02
3.195953073501586914e+02
3.212324724197387695e+02
3.229607002735137939e+02
3.247689862251281738e+02
3.264987161159515381e+02
3.281463873386383057e+02
3.296434519290924072e+02
3.313036320209503174e+02
3.330748922824859619e+02
3.349772446155548096e+02
3.367264883518218994e+02
3.390291252136230469e+02
3.412467021942138672e+02
3.431105279922485352e+02
3.449848594665527344e+02
3.463828537464141846e+02
3.477888536453247070e+02
3.492028586864471436e+02
3.505713322162628174e+02
3.520348725318908691e+02
3.535884773731231689e+02
3.552876853942871094e+02
3.568928270339965820e+02
3.585890326499938965e+02
3.604258382320404053e+02
3.621695778369903564e+02
3.638047406673431396e+02
3.654273946285247803e+02
3.677195243835449219e+02
3.695154387950897217e+02
3.712917017936706543e+02
