5.784612894058227539e+00
7.019990921020507812e+00
8.280887603759765625e+00
1.217116117477416992e+01
1.344606852531433105e+01
1.452433466911315918e+01
1.567115020751953125e+01
1.687250423431396484e+01
1.851868319511413574e+01
2.044256067276000977e+01
2.194613003730773926e+01
2.414169073104858398e+01
2.633941245079040527e+01
2.749173188209533691e+01
2.869708895683288574e+01
3.034375977516174316e+01
3.166069626808166504e+01
3.291959142684936523e+01
3.415596985816955566e+01
3.587419319152832031e+01
3.706503868103027344e+01
3.855159521102905273e+01
3.974694514274597168e+01
4.110190892219543457e+01
4.222921013832092285e+01
4.335451054573059082e+01
4.452734470367431641e+01
4.586179327964782715e+01
4.724677824974060059e+01
4.940731406211853027e+01
5.060366511344909668e+01
5.206270241737365723e+01
5.391501879692077637e+01
5.518141961097717285e+01
5.658091449737548828e+01
5.777826642990112305e+01
5.884752631187438965e+01
6.000135731697082520e+01
6.110664319992065430e+01
6.230249381065368652e+01
6.354337596893310547e+01
6.487932634353637695e+01
6.612771344184875488e+01
6.764929580688476562e+01
6.907731032371520996e+01
7.031218862533569336e+01
7.205192589759826660e+01
7.451217508316040039e+01
7.573454427719116211e+01
7.713253808021545410e+01
7.866963100433349609e+01
7.998256421089172363e+01
8.119942951202392578e+01
8.230621695518493652e+01
8.381328845024108887e+01
8.494809460639953613e+01
8.622500300407409668e+01
8.747939443588256836e+01
8.890140581130981445e+01
9.002470469474792480e+01
9.122255635261535645e+01
9.254449605941772461e+01
9.376236224174499512e+01
9.503226470947265625e+01
9.621510601043701172e+01
9.741896152496337891e+01
9.908814907073974609e+01
1.003140203952789307e+02
1.014593346118927002e+02
1.028478219509124756e+02
1.041787772178649902e+02
1.055517535209655762e+02
1.083202221393585205e+02
1.097262215614318848e+02
1.112252879142761230e+02
1.137060511112213135e+02
1.148783850669860840e+02
1.160422127246856689e+02
1.175022506713867188e+02
1.191058909893035889e+02
1.204028196334838867e+02
1.223617126941680908e+02
1.236946704387664795e+02
1.250576395988464355e+02
1.262795081138610840e+02
1.275399043560028076e+02
1.288123090267181396e+02
1.300406823158264160e+02
1.313376045227050781e+02
1.329842755794525146e+02
1.344483165740966797e+02
1.360119283199310303e+02
1.372678213119506836e+02
1.385437278747558594e+02
1.400287840366363525e+02
1.412816746234893799e+02
1.427857441902160645e+02
1.440341324806213379e+02
1.451859507560729980e+02
1.463477768898010254e+02
1.475496318340301514e+02
1.488230366706848145e+02
1.500559134483337402e+02
1.512952945232391357e+02
1.525521883964538574e+02
1.539371731281280518e+02
1.555678324699401855e+02
1.568297297954559326e+02
1.578939864635467529e+02
1.590398008823394775e+02
1.601691038608551025e+02
1.614054906368255615e+02
1.624797546863555908e+02
1.634999799728393555e+02
1.648099117279052734e+02
1.662534375190734863e+02
1.680236968994140625e+02
1.693316264152526855e+02
1.707436299324035645e+02
1.720530614852905273e+02
1.731498410701751709e+02
1.742366139888763428e+02
1.752928647994995117e+02
1.763175938129425049e+02
1.775399625301361084e+02
1.786272356510162354e+02
1.800802683830261230e+02
1.816829078197479248e+02
1.832295076847076416e+02
1.849442269802093506e+02
1.877677347660064697e+02
1.895354914665222168e+02
1.912051784992218018e+02
1.927943081855773926e+02
1.945775763988494873e+02
1.960556273460388184e+02
1.976442568302154541e+02
1.992063670158386230e+02
2.007639751434326172e+02
2.026242976188659668e+02
2.042214331626892090e+02
2.058540945053100586e+02
2.073741748332977295e+02
2.089442925453186035e+02
2.104598691463470459e+02
2.121350600719451904e+02
2.137221879959106445e+02
2.152302610874176025e+02
2.167943727970123291e+02
2.184310364723205566e+02
2.201292436122894287e+02
2.218454718589782715e+02
2.236602687835693359e+02
2.253719854354858398e+02
2.271722657680511475e+02
2.287343819141387939e+02
2.304020678997039795e+02
2.323769721984863281e+02
2.344114184379577637e+02
2.360040507316589355e+02
2.373555116653442383e+02
2.395110445022583008e+02
2.415084650516510010e+02
2.439982352256774902e+02
2.458685712814331055e+02
2.475502736568450928e+02
2.490503401756286621e+02
2.505834307670593262e+02
2.522861413955688477e+02
2.537601885795593262e+02
2.553243010044097900e+02
2.570850524902343750e+02
2.586311516761779785e+02
2.602382948398590088e+02
2.618874671459197998e+02
2.636006851196289062e+02
2.651893215179443359e+02
2.668480002880096436e+02
2.686868078708648682e+02
2.706757223606109619e+02
2.724334719181060791e+02
2.741096639633178711e+02
2.756457564830780029e+02
2.771968591213226318e+02
2.791602551937103271e+02
2.808249385356903076e+02
2.825261480808258057e+02
2.839971938133239746e+02
2.857649507522583008e+02
2.875657320022583008e+02
2.893890278339385986e+02
2.911382713317871094e+02
2.928069577217102051e+02
2.945942292213439941e+02
2.976393935680389404e+02
2.994431765079498291e+02
3.016487441062927246e+02
3.035811181068420410e+02
3.057146358489990234e+02
3.073818211555480957e+02
