1.642036065459251404e-02
1.707717590034008026e-02
1.477832440286874771e-02
1.576354727149009705e-02
1.707717403769493103e-02
1.740558259189128876e-02
1.740558445453643799e-02
1.937602646648883820e-02
1.707717590034008026e-02
1.543513871729373932e-02
1.674876734614372253e-02
1.642036251723766327e-02
1.740558259189128876e-02
1.773398928344249725e-02
2.036124840378761292e-02
1.773399114608764648e-02
1.871921122074127197e-02
1.510673295706510544e-02
1.642036251723766327e-02
1.609195396304130554e-02
2.266009710729122162e-02
2.134647034108638763e-02
2.134646661579608917e-02
1.839080452919006348e-02
2.233169041574001312e-02
2.003283984959125519e-02
2.331691421568393707e-02
1.871921122074127197e-02
2.594416961073875427e-02
2.660098299384117126e-02
3.218390792608261108e-02
3.152709454298019409e-02
4.203612357378005981e-02
5.353037267923355103e-02
5.550082400441169739e-02
5.582923069596290588e-02
6.732347607612609863e-02
6.765188276767730713e-02
8.965516835451126099e-02
9.064039587974548340e-02
9.458129107952117920e-02
1.113300472497940063e-01
1.287356317043304443e-01
1.326765120029449463e-01
1.507389247417449951e-01
1.661740541458129883e-01
1.888341605663299561e-01
2.029556632041931152e-01
2.075533717870712280e-01
2.305418699979782104e-01
2.502463161945343018e-01
2.515599429607391357e-01
2.594417035579681396e-01
2.656814455986022949e-01
2.995073497295379639e-01
3.014778494834899902e-01
3.139572441577911377e-01
3.241379261016845703e-01
3.392446339130401611e-01
3.520525395870208740e-01
3.474548459053039551e-01
3.720853626728057861e-01
3.740558326244354248e-01
3.835796117782592773e-01
3.806239366531372070e-01
4.036124944686889648e-01
3.894909322261810303e-01
4.072248935699462891e-01
4.361248016357421875e-01
4.213463962078094482e-01
4.183907806873321533e-01
4.364531934261322021e-01
4.361247420310974121e-01
4.371099472045898438e-01
4.413792788982391357e-01
4.545155465602874756e-01
4.597701132297515869e-01
4.640393853187561035e-01
4.752051830291748047e-01
4.811165332794189453e-01
4.755336344242095947e-01
4.679802060127258301e-01
4.886699318885803223e-01
4.906403422355651855e-01
4.857142567634582520e-01
5.044334530830383301e-01
4.880130887031555176e-01
5.077175498008728027e-01
5.047618746757507324e-01
5.123152136802673340e-01
5.034482479095458984e-01
5.123152732849121094e-01
5.205253958702087402e-01
5.172413587570190430e-01
5.241379141807556152e-01
5.399014949798583984e-01
5.234811305999755859e-01
5.277503728866577148e-01
5.408867001533508301e-01
5.300492048263549805e-01
5.333333015441894531e-01
5.349753499031066895e-01
5.395730733871459961e-01
5.553365945816040039e-01
5.477831959724426270e-01
5.451559424400329590e-01
5.681444406509399414e-01
5.550081729888916016e-01
5.674876570701599121e-01
5.691297054290771484e-01
5.569785833358764648e-01
5.681443810462951660e-01
5.651887655258178711e-01
5.747125744819641113e-01
5.868636965751647949e-01
5.786535143852233887e-01
5.730705261230468750e-01
5.770114064216613770e-01
5.766830444335937500e-01
5.760262012481689453e-01
5.750409364700317383e-01
5.799671411514282227e-01
5.770114064216613770e-01
5.921181440353393555e-01
5.796387195587158203e-01
6.026272177696228027e-01
6.026271581649780273e-01
5.917897224426269531e-01
6.003283858299255371e-01
5.862068533897399902e-01
5.937601923942565918e-01
6.006567478179931641e-01
6.055828928947448730e-01
6.088669896125793457e-01
5.947453975677490234e-01
6.108373999595642090e-01
6.036124229431152344e-01
6.042692065238952637e-01
6.170771121978759766e-01
6.137930154800415039e-01
6.147782802581787109e-01
6.098520755767822266e-01
6.131362318992614746e-01
6.197043657302856445e-01
6.059112548828125000e-01
6.170771121978759766e-01
6.200327873229980469e-01
6.246305108070373535e-01
6.197043657302856445e-01
6.190475225448608398e-01
6.229884624481201172e-01
6.344827413558959961e-01
6.275861263275146484e-01
6.272577643394470215e-01
6.321837902069091797e-01
6.377667188644409180e-01
6.394087672233581543e-01
6.387519836425781250e-01
6.279145479202270508e-01
6.354679465293884277e-01
6.298849582672119141e-01
6.446633338928222656e-01
6.288997530937194824e-01
6.288998126983642578e-01
6.328406333923339844e-01
6.423645019531250000e-01
6.410508155822753906e-01
6.357963085174560547e-01
6.509029865264892578e-01
6.469622254371643066e-01
6.433496475219726562e-01
6.669949889183044434e-01
6.443349123001098633e-01
6.492609977722167969e-01
6.357963085174560547e-01
6.298849582672119141e-01
6.545155048370361328e-01
6.515598893165588379e-01
6.591132283210754395e-01
6.551723480224609375e-01
6.584563851356506348e-01
6.505746245384216309e-01
6.561574935913085938e-01
6.568143367767333984e-01
6.591131687164306641e-01
6.528734564781188965e-01
6.623972654342651367e-01
6.614120602607727051e-01
6.620688438415527344e-01
6.555007696151733398e-01
6.561575531959533691e-01
6.548439264297485352e-01
6.702789664268493652e-01
6.584563851356506348e-01
6.663382053375244141e-01
6.558290719985961914e-01
6.558291912078857422e-01
6.765187382698059082e-01
6.640393137931823730e-01
6.709358692169189453e-01
