1.280788145959377289e-02
1.674876734614372253e-02
1.970443315804004669e-02
1.773399114608764648e-02
1.477832533419132233e-02
1.477832440286874771e-02
1.806239783763885498e-02
2.068965323269367218e-02
1.839080452919006348e-02
1.707717590034008026e-02
1.576354727149009705e-02
1.937602460384368896e-02
2.331691607832908630e-02
2.003283984959125519e-02
2.791461162269115448e-02
2.298850566148757935e-02
2.397372759878635406e-02
2.397372759878635406e-02
2.594416961073875427e-02
2.725779823958873749e-02
2.988505549728870392e-02
3.448275849223136902e-02
3.908045962452888489e-02
4.334975033998489380e-02
5.451559647917747498e-02
5.845648795366287231e-02
6.633825600147247314e-02
7.027914375066757202e-02
7.586206495761871338e-02
8.538587391376495361e-02
9.031198173761367798e-02
1.031198650598526001e-01
1.152709349989891052e-01
1.221674904227256775e-01
1.244663447141647339e-01
1.346469521522521973e-01
1.395730674266815186e-01
1.586206853389739990e-01
1.635468006134033203e-01
1.661740541458129883e-01
1.862069070339202881e-01
2.088669836521148682e-01
2.243021428585052490e-01
2.341543436050415039e-01
2.564860284328460693e-01
2.564860284328460693e-01
2.706075608730316162e-01
2.696223258972167969e-01
2.893267571926116943e-01
2.847290635108947754e-01
2.893267571926116943e-01
3.090311884880065918e-01
3.142856955528259277e-01
3.169129490852355957e-01
3.244663178920745850e-01
3.422003090381622314e-01
3.569786250591278076e-01
3.550081849098205566e-01
3.776682913303375244e-01
3.842364549636840820e-01
3.711001574993133545e-01
3.858784735202789307e-01
3.904761672019958496e-01
4.013136327266693115e-01
4.055829048156738281e-01
4.029555916786193848e-01
4.154351055622100830e-01
4.210180640220642090e-01
4.243021309375762939e-01
4.328407049179077148e-01
4.318554997444152832e-01
4.417077004909515381e-01
4.397372305393218994e-01
4.479474127292633057e-01
4.594416618347167969e-01
4.597700536251068115e-01
4.666666090488433838e-01
4.712643623352050781e-01
4.669950604438781738e-01
4.715927541255950928e-01
4.794744849205017090e-01
4.742200374603271484e-01
4.771757125854492188e-01
5.021345615386962891e-01
4.906404018402099609e-01
4.962233006954193115e-01
4.817733764648437500e-01
5.044334530830383301e-01
5.004925727844238281e-01
5.041050910949707031e-01
4.988504946231842041e-01
5.073891282081604004e-01
5.178981423377990723e-01
5.192117691040039062e-01
5.303776264190673828e-01
5.277503728866577148e-01
5.379309654235839844e-01
5.293924212455749512e-01
5.313628911972045898e-01
5.307060480117797852e-01
5.415434837341308594e-01
5.438423156738281250e-01
5.369457602500915527e-01
5.484399795532226562e-01
5.369457602500915527e-01
5.579638481140136719e-01
5.408866405487060547e-01
5.497536063194274902e-01
5.619046688079833984e-01
5.622330904006958008e-01
5.471263527870178223e-01
5.605910420417785645e-01
5.596058368682861328e-01
5.737273693084716797e-01
5.714285373687744141e-01
5.845648050308227539e-01
5.625615119934082031e-01
5.642035603523254395e-01
5.747126340866088867e-01
5.806239247322082520e-01
5.753693580627441406e-01
5.881773233413696289e-01
5.776682496070861816e-01
5.848932266235351562e-01
5.835795402526855469e-01
5.839080214500427246e-01
5.845648050308227539e-01
5.881773233413696289e-01
5.960590243339538574e-01
6.068964600563049316e-01
6.049259901046752930e-01
5.993431210517883301e-01
5.917897820472717285e-01
6.082101464271545410e-01
5.908044576644897461e-01
6.003283262252807617e-01
6.006567478179931641e-01
6.055828928947448730e-01
6.108373403549194336e-01
6.036123633384704590e-01
6.078817248344421387e-01
6.085385084152221680e-01
6.183906793594360352e-01
6.098521947860717773e-01
6.072248816490173340e-01
6.114941835403442383e-01
6.049260497093200684e-01
6.114942431449890137e-01
6.226600408554077148e-01
6.160918474197387695e-01
6.111657619476318359e-01
6.256157159805297852e-01
6.111657619476318359e-01
6.302133798599243164e-01
6.269293427467346191e-01
6.259440779685974121e-01
6.131362318992614746e-01
6.183907389640808105e-01
6.243020892143249512e-01
6.377667188644409180e-01
6.262725591659545898e-01
6.282429695129394531e-01
6.302133798599243164e-01
6.288998723030090332e-01
6.177339553833007812e-01
6.151067018508911133e-01
6.325122117996215820e-01
6.282429695129394531e-01
6.440064907073974609e-01
6.449917554855346680e-01
6.325122117996215820e-01
6.512314081192016602e-01
6.453201174736022949e-01
6.403939723968505859e-01
6.367815732955932617e-01
6.328406929969787598e-01
6.532019376754760742e-01
6.479474306106567383e-01
6.430212855339050293e-01
6.486041545867919922e-01
6.440065503120422363e-01
6.620688438415527344e-01
6.426928043365478516e-01
6.548439264297485352e-01
6.577996015548706055e-01
6.440064907073974609e-01
6.518882513046264648e-01
6.492609977722167969e-01
6.577995419502258301e-01
6.486041545867919922e-01
6.528735160827636719e-01
6.623973250389099121e-01
6.548439264297485352e-01
6.532019376754760742e-01
6.489325761795043945e-01
6.433497071266174316e-01
6.561576128005981445e-01
6.555007696151733398e-01
6.463053226470947266e-01
6.660097241401672363e-01
