1.674876734614372253e-02
1.050903089344501495e-02
1.839080266654491425e-02
2.003284171223640442e-02
1.707717590034008026e-02
1.806239783763885498e-02
1.806239783763885498e-02
1.740558259189128876e-02
1.773399114608764648e-02
1.773399114608764648e-02
1.477832533419132233e-02
1.674876734614372253e-02
1.871921122074127197e-02
1.904761791229248047e-02
1.806239783763885498e-02
2.003283984959125519e-02
2.036124840378761292e-02
2.101806178689002991e-02
1.970443129539489746e-02
1.806239783763885498e-02
1.674876734614372253e-02
2.397372759878635406e-02
2.331691607832908630e-02
2.364531718194484711e-02
2.134646847844123840e-02
2.528735622763633728e-02
2.692939341068267822e-02
2.889983355998992920e-02
4.499179124832153320e-02
5.024630576372146606e-02
6.371100246906280518e-02
7.848931849002838135e-02
7.816091179847717285e-02
9.852216392755508423e-02
1.165845692157745361e-01
1.323481053113937378e-01
1.402298957109451294e-01
1.510673165321350098e-01
1.776683032512664795e-01
1.848932653665542603e-01
2.042692899703979492e-01
2.144499123096466064e-01
2.246305495500564575e-01
2.354679703712463379e-01
2.495894730091094971e-01
2.689655125141143799e-01
2.837438583374023438e-01
2.886699438095092773e-01
2.991789877414703369e-01
3.027914464473724365e-01
2.998357713222503662e-01
3.073891401290893555e-01
3.320196866989135742e-01
3.422003388404846191e-01
3.422003388404846191e-01
3.596059083938598633e-01
3.543514013290405273e-01
3.694581091403961182e-01
3.665024340152740479e-01
3.894909322261810303e-01
3.996715545654296875e-01
3.937602043151855469e-01
3.924466073513031006e-01
4.065681099891662598e-01
4.190475940704345703e-01
4.118226170539855957e-01
4.118226170539855957e-01
4.164203405380249023e-01
4.311986863613128662e-01
4.256157279014587402e-01
4.479474127292633057e-01
4.495894610881805420e-01
4.499178826808929443e-01
4.555007815361022949e-01
4.512315094470977783e-01
4.653530120849609375e-01
4.555007815361022949e-01
4.683086872100830078e-01
4.827585816383361816e-01
4.794745445251464844e-01
4.844006299972534180e-01
4.830870032310485840e-01
4.840721786022186279e-01
4.942528307437896729e-01
4.939244389533996582e-01
4.903119802474975586e-01
4.962232708930969238e-01
5.021346211433410645e-01
4.981937408447265625e-01
4.903119206428527832e-01
5.037766695022583008e-01
5.050902366638183594e-01
5.073891282081604004e-01
5.261083245277404785e-01
5.201970338821411133e-01
5.264367461204528809e-01
5.208537578582763672e-01
5.178982019424438477e-01
5.313628315925598145e-01
5.280787944793701172e-01
5.307059884071350098e-01
5.366173386573791504e-01
5.402298569679260254e-01
5.415434837341308594e-01
5.490968227386474609e-01
5.464695692062377930e-01
5.510672926902770996e-01
5.651888251304626465e-01
5.586206316947937012e-01
5.563217401504516602e-01
5.681444406509399414e-01
5.628899931907653809e-01
5.517240762710571289e-01
5.645319819450378418e-01
5.569785833358764648e-01
5.638751387596130371e-01
5.684728622436523438e-01
5.622330904006958008e-01
5.671592950820922852e-01
5.832511782646179199e-01
5.737273693084716797e-01
5.727421641349792480e-01
5.862068533897399902e-01
5.727421045303344727e-01
5.852216482162475586e-01
5.766829848289489746e-01
5.908045172691345215e-01
5.977010726928710938e-01
5.747126340866088867e-01
5.770114064216613770e-01
5.927749872207641602e-01
5.865352153778076172e-01
5.970442295074462891e-01
5.901477336883544922e-01
5.973726511001586914e-01
6.019704341888427734e-01
6.065680980682373047e-01
5.993431210517883301e-01
6.022987961769104004e-01
6.121510267257690430e-01
6.108373403549194336e-01
6.062396764755249023e-01
6.128078103065490723e-01
6.108373403549194336e-01
6.131361722946166992e-01
6.068964600563049316e-01
6.164202690124511719e-01
6.183907389640808105e-01
6.147782802581787109e-01
6.298849582672119141e-01
6.233168244361877441e-01
6.114941835403442383e-01
6.213463544845581055e-01
6.252872943878173828e-01
6.118225455284118652e-01
6.272577047348022461e-01
6.197043657302856445e-01
6.256156563758850098e-01
6.351394653320312500e-01
6.233168840408325195e-01
6.233168244361877441e-01
6.348111033439636230e-01
6.177338957786560059e-01
6.298849582672119141e-01
6.210180521011352539e-01
6.266009211540222168e-01
6.390804052352905273e-01
6.321837902069091797e-01
6.321838498115539551e-01
6.259441375732421875e-01
6.456484794616699219e-01
6.308701634407043457e-01
6.459769606590270996e-01
6.384235620498657227e-01
6.400655508041381836e-01
6.367815732955932617e-01
6.479473710060119629e-01
6.486042141914367676e-01
6.440065503120422363e-01
6.354678869247436523e-01
6.614120602607727051e-01
6.528735160827636719e-01
6.367815136909484863e-01
6.568143367767333984e-01
6.397371888160705566e-01
6.371098756790161133e-01
6.600984334945678711e-01
6.591132283210754395e-01
6.472905874252319336e-01
6.522166132926940918e-01
6.574712395668029785e-01
6.666665673255920410e-01
6.443349123001098633e-01
6.709358096122741699e-01
6.663381457328796387e-01
6.463053822517395020e-01
6.584564447402954102e-01
6.669950485229492188e-01
6.581280231475830078e-01
6.633825302124023438e-01
