1.564127206802368164e+00
3.056523323059082031e+00
4.519063711166381836e+00
5.992034673690795898e+00
7.469121694564819336e+00
8.929775953292846680e+00
1.038206744194030762e+01
1.186670756340026855e+01
1.330126237869262695e+01
1.475870752334594727e+01
1.623954653739929199e+01
1.771121239662170410e+01
1.918521928787231445e+01
2.065357828140258789e+01
2.211705040931701660e+01
2.358553552627563477e+01
2.507602143287658691e+01
2.657110238075256348e+01
2.805270028114318848e+01
2.953206229209899902e+01
3.100052857398986816e+01
3.248619723320007324e+01
3.397957324981689453e+01
3.545655393600463867e+01
3.696863579750061035e+01
3.846142768859863281e+01
3.995222496986389160e+01
4.143955016136169434e+01
4.293971371650695801e+01
4.444347023963928223e+01
4.593168497085571289e+01
4.743637871742248535e+01
4.893860840797424316e+01
5.042058110237121582e+01
5.192257380485534668e+01
5.339067602157592773e+01
5.486106634140014648e+01
5.634513783454895020e+01
5.783161020278930664e+01
5.932109689712524414e+01
6.082464098930358887e+01
6.232513141632080078e+01
6.381010437011718750e+01
6.528366756439208984e+01
6.675036740303039551e+01
6.824018073081970215e+01
6.972418093681335449e+01
7.124957251548767090e+01
7.273703718185424805e+01
7.422549629211425781e+01
7.571972274780273438e+01
7.721358656883239746e+01
7.870172619819641113e+01
8.020655798912048340e+01
8.169867920875549316e+01
8.321097207069396973e+01
8.472120380401611328e+01
8.623177599906921387e+01
8.773062086105346680e+01
8.921970963478088379e+01
9.069817829132080078e+01
9.221115183830261230e+01
9.369856357574462891e+01
9.517468976974487305e+01
9.665266799926757812e+01
9.811357522010803223e+01
9.961903095245361328e+01
1.011011803150177002e+02
1.025951762199401855e+02
1.040976755619049072e+02
1.056956319808959961e+02
1.071957008838653564e+02
1.086801774501800537e+02
1.101661255359649658e+02
1.116482031345367432e+02
1.131351649761199951e+02
1.146126241683959961e+02
1.161074099540710449e+02
1.175830636024475098e+02
1.190915927886962891e+02
1.205971543788909912e+02
1.221106648445129395e+02
1.236060588359832764e+02
1.251282203197479248e+02
1.266391584873199463e+02
1.281475436687469482e+02
1.296411347389221191e+02
1.311566567420959473e+02
1.326392054557800293e+02
1.341326253414154053e+02
1.356732027530670166e+02
1.372936038970947266e+02
1.389713544845581055e+02
1.405846583843231201e+02
1.420959658622741699e+02
1.435618765354156494e+02
1.450577754974365234e+02
1.465544700622558594e+02
1.480550329685211182e+02
1.495365042686462402e+02
1.510390567779541016e+02
1.525615482330322266e+02
1.540601370334625244e+02
1.555626931190490723e+02
1.570891981124877930e+02
1.585862636566162109e+02
1.600776932239532471e+02
1.615731437206268311e+02
1.630950810909271240e+02
1.646044566631317139e+02
1.661231043338775635e+02
1.676315567493438721e+02
1.691136939525604248e+02
1.705987076759338379e+02
1.721151778697967529e+02
1.736128416061401367e+02
1.751352014541625977e+02
1.766501817703247070e+02
1.781566698551177979e+02
1.796431200504302979e+02
1.811411945819854736e+02
1.826376140117645264e+02
1.841411612033843994e+02
1.856332135200500488e+02
1.871715276241302490e+02
1.886630024909973145e+02
1.901846883296966553e+02
1.916650912761688232e+02
1.931731569766998291e+02
1.946844594478607178e+02
1.962045350074768066e+02
1.977161695957183838e+02
1.992315318584442139e+02
2.007412245273590088e+02
2.022615177631378174e+02
2.037650964260101318e+02
2.052777283191680908e+02
2.068070490360260010e+02
2.083300030231475830e+02
2.098506786823272705e+02
2.113795909881591797e+02
2.128866701126098633e+02
2.143846964836120605e+02
2.158986074924468994e+02
2.173811697959899902e+02
2.189080631732940674e+02
2.204131867885589600e+02
2.219161818027496338e+02
2.234406833648681641e+02
2.249749867916107178e+02
2.264840662479400635e+02
2.280026426315307617e+02
2.295205738544464111e+02
2.310492148399353027e+02
2.325554926395416260e+02
2.340716817378997803e+02
2.355712654590606689e+02
2.370836796760559082e+02
2.386071200370788574e+02
2.401204922199249268e+02
2.416492018699645996e+02
2.431768224239349365e+02
2.447092089653015137e+02
2.462296693325042725e+02
2.477609343528747559e+02
2.492661094665527344e+02
2.507886207103729248e+02
2.523136227130889893e+02
2.538096022605895996e+02
2.553222010135650635e+02
2.568495635986328125e+02
2.583850469589233398e+02
2.598925526142120361e+02
2.614251880645751953e+02
2.629396710395812988e+02
2.644521327018737793e+02
2.659792819023132324e+02
2.674851520061492920e+02
2.690010964870452881e+02
2.705087184906005859e+02
2.720174691677093506e+02
2.735371780395507812e+02
2.750800399780273438e+02
2.766351852416992188e+02
2.781698791980743408e+02
2.796944847106933594e+02
2.812085945606231689e+02
2.827412066459655762e+02
2.842685947418212891e+02
2.858150942325592041e+02
2.873520200252532959e+02
2.888805730342864990e+02
2.904085583686828613e+02
2.919470019340515137e+02
2.934801456928253174e+02
2.950356199741363525e+02
2.966269576549530029e+02
2.981709973812103271e+02
2.997040612697601318e+02
3.012610406875610352e+02
