1.682978391647338867e+00
3.241511821746826172e+00
4.820518732070922852e+00
6.369890213012695312e+00
7.930372476577758789e+00
9.492834329605102539e+00
1.106594300270080566e+01
1.263148880004882812e+01
1.420002222061157227e+01
1.577449989318847656e+01
1.735087227821350098e+01
1.892099642753601074e+01
2.051551103591918945e+01
2.208100509643554688e+01
2.367138385772705078e+01
2.522933816909790039e+01
2.678498482704162598e+01
2.836302471160888672e+01
2.994434165954589844e+01
3.151999449729919434e+01
3.310138058662414551e+01
3.471046757698059082e+01
3.629248738288879395e+01
3.787387228012084961e+01
3.946996736526489258e+01
4.106098294258117676e+01
4.261735796928405762e+01
4.418982219696044922e+01
4.578091073036193848e+01
4.735941982269287109e+01
4.893381071090698242e+01
5.052292060852050781e+01
5.215635085105895996e+01
5.377187156677246094e+01
5.537178730964660645e+01
5.694580912590026855e+01
5.851536130905151367e+01
6.010157203674316406e+01
6.167687726020812988e+01
6.323594331741333008e+01
6.482501506805419922e+01
6.642534446716308594e+01
6.801501989364624023e+01
6.963359332084655762e+01
7.120338201522827148e+01
7.282537055015563965e+01
7.439937496185302734e+01
7.598885965347290039e+01
7.757599020004272461e+01
7.917487859725952148e+01
8.072881245613098145e+01
8.233427238464355469e+01
8.391585063934326172e+01
8.548843955993652344e+01
8.705547308921813965e+01
8.864300179481506348e+01
9.029300284385681152e+01
9.187246084213256836e+01
9.344017744064331055e+01
9.503127193450927734e+01
9.661037397384643555e+01
9.822484827041625977e+01
9.981360864639282227e+01
1.014204933643341064e+02
1.030323662757873535e+02
1.046270554065704346e+02
1.062356922626495361e+02
1.078388993740081787e+02
1.094114933013916016e+02
1.110199372768402100e+02
1.125968430042266846e+02
1.141908054351806641e+02
1.157964918613433838e+02
1.174043595790863037e+02
1.190059790611267090e+02
1.206250326633453369e+02
1.222334647178649902e+02
1.238359916210174561e+02
1.254683876037597656e+02
1.271044242382049561e+02
1.287187771797180176e+02
1.303119211196899414e+02
1.319389271736145020e+02
1.335340125560760498e+02
1.351434051990509033e+02
1.367266981601715088e+02
1.383218960762023926e+02
1.399720256328582764e+02
1.415709929466247559e+02
1.431394612789154053e+02
1.447503576278686523e+02
1.463774752616882324e+02
1.479744684696197510e+02
1.495664684772491455e+02
1.511720232963562012e+02
1.527856433391571045e+02
1.543685300350189209e+02
1.559789667129516602e+02
1.576039183139801025e+02
1.592100324630737305e+02
1.608079483509063721e+02
1.624154565334320068e+02
1.640334882736206055e+02
1.656264801025390625e+02
1.672324597835540771e+02
1.688410079479217529e+02
1.704533619880676270e+02
1.720518310070037842e+02
1.736544394493103027e+02
1.752499084472656250e+02
1.768547782897949219e+02
1.784608738422393799e+02
1.800695328712463379e+02
1.816891205310821533e+02
1.833040046691894531e+02
1.849293959140777588e+02
1.865198431015014648e+02
1.881193568706512451e+02
1.897244970798492432e+02
1.912902464866638184e+02
1.929064412117004395e+02
1.945089201927185059e+02
1.961092987060546875e+02
1.977137861251831055e+02
1.993309350013732910e+02
2.009119582176208496e+02
2.025124213695526123e+02
2.041152606010437012e+02
2.057339322566986084e+02
2.073403296470642090e+02
2.089623367786407471e+02
2.105898523330688477e+02
2.121867566108703613e+02
2.138184704780578613e+02
2.154415237903594971e+02
2.170158805847167969e+02
2.186565964221954346e+02
2.203300163745880127e+02
2.219506185054779053e+02
2.235769553184509277e+02
2.252140147686004639e+02
2.268274884223937988e+02
2.284654033184051514e+02
2.300819060802459717e+02
2.316879835128784180e+02
2.333085243701934814e+02
2.349124529361724854e+02
2.365194003582000732e+02
2.381319069862365723e+02
2.397469618320465088e+02
2.413603916168212891e+02
2.429821021556854248e+02
2.445739943981170654e+02
2.462294049263000488e+02
2.478855197429656982e+02
2.494753882884979248e+02
2.510980494022369385e+02
2.527030115127563477e+02
2.543184309005737305e+02
2.559328408241271973e+02
2.575758743286132812e+02
2.592159862518310547e+02
2.608379538059234619e+02
2.624261634349822998e+02
2.640553948879241943e+02
2.656879696846008301e+02
2.673166518211364746e+02
2.689423553943634033e+02
2.705655167102813721e+02
2.721844136714935303e+02
2.738032727241516113e+02
2.754304616451263428e+02
2.770615115165710449e+02
2.787125904560089111e+02
2.803163936138153076e+02
2.819279549121856689e+02
2.835271582603454590e+02
2.851570196151733398e+02
2.867569108009338379e+02
2.883780224323272705e+02
2.900293879508972168e+02
2.916543569564819336e+02
2.932659618854522705e+02
2.948839464187622070e+02
2.965040266513824463e+02
2.981378321647644043e+02
2.997658629417419434e+02
3.013599648475646973e+02
3.029985210895538330e+02
3.046120557785034180e+02
3.062225046157836914e+02
3.078883228302001953e+02
3.095317251682281494e+02
3.111898677349090576e+02
3.128361458778381348e+02
3.144819018840789795e+02
3.161492836475372314e+02
3.178338813781738281e+02
3.194684541225433350e+02
3.211139013767242432e+02
