1.871921122074127197e-02
1.642036065459251404e-02
1.806239783763885498e-02
1.740558259189128876e-02
1.642036065459251404e-02
1.740558259189128876e-02
1.707717403769493103e-02
1.773398928344249725e-02
1.707717590034008026e-02
1.839080266654491425e-02
1.970443129539489746e-02
1.937602832913398743e-02
1.740558259189128876e-02
1.642036065459251404e-02
1.543513964861631393e-02
1.773399114608764648e-02
2.003284171223640442e-02
2.036124840378761292e-02
2.167487516999244690e-02
1.904761791229248047e-02
1.773398928344249725e-02
2.036124840378761292e-02
2.298850752413272858e-02
2.463054284453392029e-02
2.495894767343997955e-02
2.758620865643024445e-02
2.922824211418628693e-02
3.481116518378257751e-02
4.203612357378005981e-02
4.794745519757270813e-02
4.794745519757270813e-02
6.108374148607254028e-02
8.210180699825286865e-02
8.538587391376495361e-02
9.458127617835998535e-02
1.031198725104331970e-01
1.234811171889305115e-01
1.310344934463500977e-01
1.461412161588668823e-01
1.707717478275299072e-01
1.727421879768371582e-01
1.967159211635589600e-01
2.045976966619491577e-01
2.387520521879196167e-01
2.453201860189437866e-01
2.686371207237243652e-01
2.761904597282409668e-01
2.912971973419189453e-01
3.008210062980651855e-01
3.169129490852355957e-01
3.218390345573425293e-01
3.389162719249725342e-01
3.435139358043670654e-01
3.625615239143371582e-01
3.701149225234985352e-01
3.832512199878692627e-01
3.917897939682006836e-01
3.911329805850982666e-01
3.950738906860351562e-01
4.082101583480834961e-01
4.091953635215759277e-01
4.183907806873321533e-01
4.118226170539855957e-01
4.476189911365509033e-01
4.361247718334197998e-01
4.522167146205902100e-01
4.515598714351654053e-01
4.482758343219757080e-01
4.758620560169219971e-01
4.683086872100830078e-01
4.781608581542968750e-01
4.840721786022186279e-01
4.880130887031555176e-01
5.018062591552734375e-01
4.975368380546569824e-01
5.073891282081604004e-01
4.952380657196044922e-01
5.027914047241210938e-01
5.152708888053894043e-01
5.100163817405700684e-01
5.139572620391845703e-01
5.284072160720825195e-01
5.284072160720825195e-01
5.376025438308715820e-01
5.326765179634094238e-01
5.389161705970764160e-01
5.474547743797302246e-01
5.625615119934082031e-01
5.490968227386474609e-01
5.379309654235839844e-01
5.461411476135253906e-01
5.569786429405212402e-01
5.619046688079833984e-01
5.707716941833496094e-01
5.615763664245605469e-01
5.753694772720336914e-01
5.566502213478088379e-01
5.645319223403930664e-01
5.763546228408813477e-01
5.789818763732910156e-01
5.809522867202758789e-01
5.858784317970275879e-01
5.888341665267944336e-01
5.862067937850952148e-01
5.825943350791931152e-01
5.911329388618469238e-01
5.986863374710083008e-01
5.914613008499145508e-01
6.082101464271545410e-01
5.986862182617187500e-01
5.977010726928710938e-01
5.934318304061889648e-01
6.190475225448608398e-01
6.128078103065490723e-01
6.039408445358276367e-01
6.105089783668518066e-01
6.128078699111938477e-01
6.082101464271545410e-01
6.190475225448608398e-01
6.128078103065490723e-01
6.167486906051635742e-01
6.233168840408325195e-01
6.315270066261291504e-01
6.157634854316711426e-01
6.380952000617980957e-01
6.246304512023925781e-01
6.357963085174560547e-01
6.220031976699829102e-01
6.331691145896911621e-01
6.354678869247436523e-01
6.479474306106567383e-01
6.413792371749877930e-01
6.305418610572814941e-01
6.387519836425781250e-01
6.380952000617980957e-01
6.430212855339050293e-01
6.486041545867919922e-01
6.449916958808898926e-01
6.466337442398071289e-01
6.390804052352905273e-01
6.476188898086547852e-01
6.361247301101684570e-01
6.482757925987243652e-01
6.482757329940795898e-01
6.446633338928222656e-01
6.587848067283630371e-01
6.623973250389099121e-01
6.643677949905395508e-01
6.607552170753479004e-01
6.656813621520996094e-01
6.620689034461975098e-01
6.594416499137878418e-01
6.479474306106567383e-01
6.577996015548706055e-01
6.555007100105285645e-01
6.669950485229492188e-01
6.623972654342651367e-01
6.561575531959533691e-01
6.673234105110168457e-01
6.722495555877685547e-01
6.597700119018554688e-01
6.669949889183044434e-01
6.778324246406555176e-01
6.699506640434265137e-01
6.620689034461975098e-01
6.765187978744506836e-01
6.660097837448120117e-01
6.758619546890258789e-01
6.768472194671630859e-01
6.719211339950561523e-01
6.801313161849975586e-01
6.761903762817382812e-01
6.738915443420410156e-01
6.722495555877685547e-01
6.807880401611328125e-01
6.706073880195617676e-01
6.758618950843811035e-01
6.873562335968017578e-01
6.886699199676513672e-01
6.811164617538452148e-01
6.702790260314941406e-01
6.804597377777099609e-01
6.916255354881286621e-01
6.761903762817382812e-01
6.919538974761962891e-01
6.912971138954162598e-01
6.761904358863830566e-01
6.791460514068603516e-01
6.847289800643920898e-01
6.883414387702941895e-01
6.837437748908996582e-01
6.991789340972900391e-01
6.893267035484313965e-01
6.926107406616210938e-01
6.932675838470458984e-01
6.912971138954162598e-01
6.916254758834838867e-01
6.919539570808410645e-01
6.771756410598754883e-01
7.018061876296997070e-01
