1.346469670534133911e-02
1.477832440286874771e-02
1.707717590034008026e-02
1.740558259189128876e-02
1.247947476804256439e-02
2.003284171223640442e-02
1.806239783763885498e-02
1.707717590034008026e-02
1.576354727149009705e-02
1.707717590034008026e-02
1.510673295706510544e-02
1.642036065459251404e-02
1.609195396304130554e-02
1.674876734614372253e-02
1.707717403769493103e-02
1.444991771131753922e-02
1.346469670534133911e-02
1.379310246556997299e-02
1.970443502068519592e-02
1.839080452919006348e-02
1.576354540884494781e-02
1.510673202574253082e-02
1.937602460384368896e-02
1.904761977493762970e-02
2.200328372418880463e-02
2.101806178689002991e-02
2.233169041574001312e-02
2.463054284453392029e-02
2.561576291918754578e-02
2.495894767343997955e-02
3.119868598878383636e-02
3.185550123453140259e-02
3.087028115987777710e-02
4.039409011602401733e-02
5.057471245527267456e-02
5.779967457056045532e-02
6.798029690980911255e-02
8.243020623922348022e-02
8.637110143899917603e-02
1.113300472497940063e-01
1.290640383958816528e-01
1.356321871280670166e-01
1.648604273796081543e-01
1.730706095695495605e-01
2.032840847969055176e-01
2.160919606685638428e-01
2.371100187301635742e-01
2.400656640529632568e-01
2.758620679378509521e-01
2.850574851036071777e-01
2.952380776405334473e-01
3.050903081893920898e-01
3.356321752071380615e-01
3.372742235660552979e-01
3.494252562522888184e-01
3.704433441162109375e-01
3.839080333709716797e-01
3.904761672019958496e-01
3.996715545654296875e-01
4.059112966060638428e-01
4.160919189453125000e-01
4.269293546676635742e-01
4.256157279014587402e-01
4.466338157653808594e-01
4.413792788982391357e-01
4.430213272571563721e-01
4.607552886009216309e-01
4.732347726821899414e-01
4.817733466625213623e-01
4.811165630817413330e-01
4.623973369598388672e-01
4.857142567634582520e-01
4.962233006954193115e-01
5.057470798492431641e-01
5.106731653213500977e-01
5.205254554748535156e-01
5.133004784584045410e-01
5.106732249259948730e-01
5.224958658218383789e-01
5.277503728866577148e-01
5.274220108985900879e-01
5.257799029350280762e-01
5.274220108985900879e-01
5.379310250282287598e-01
5.527093410491943359e-01
5.484400391578674316e-01
5.425286889076232910e-01
5.395730137825012207e-01
5.540229082107543945e-01
5.645319819450378418e-01
5.602626800537109375e-01
5.615763068199157715e-01
5.750409960746765137e-01
5.747126340866088867e-01
5.671592354774475098e-01
5.724137425422668457e-01
5.852216482162475586e-01
5.779966711997985840e-01
5.852216482162475586e-01
5.881772637367248535e-01
5.871920585632324219e-01
5.937601923942565918e-01
5.947454571723937988e-01
5.937601923942565918e-01
5.888341069221496582e-01
5.947453975677490234e-01
5.944170355796813965e-01
5.937602519989013672e-01
6.072248816490173340e-01
6.131361722946166992e-01
6.091953516006469727e-01
5.990147590637207031e-01
6.164202690124511719e-01
6.141214370727539062e-01
6.137930154800415039e-01
6.164203286170959473e-01
6.216748356819152832e-01
6.177338957786560059e-01
6.259441375732421875e-01
6.325122714042663574e-01
6.187191605567932129e-01
6.174054741859436035e-01
6.252872347831726074e-01
6.226600408554077148e-01
6.344826221466064453e-01
6.177338957786560059e-01
6.288997530937194824e-01
6.298849582672119141e-01
6.371098756790161133e-01
6.449917554855346680e-01
6.252872943878173828e-01
6.331690549850463867e-01
6.374382972717285156e-01
6.469621658325195312e-01
6.423644423484802246e-01
6.463053226470947266e-01
6.568143963813781738e-01
6.594416499137878418e-01
6.545155644416809082e-01
6.489325761795043945e-01
6.535302996635437012e-01
6.656813621520996094e-01
6.571428179740905762e-01
6.558291316032409668e-01
6.597700715065002441e-01
6.577995419502258301e-01
6.479473114013671875e-01
6.653529405593872070e-01
6.518882513046264648e-01
6.617405414581298828e-01
6.706075072288513184e-01
6.646961569786071777e-01
6.669950485229492188e-01
6.617404818534851074e-01
6.729062795639038086e-01
6.666665673255920410e-01
6.712642908096313477e-01
6.735631823539733887e-01
6.712642908096313477e-01
6.692938804626464844e-01
6.712642908096313477e-01
6.781608462333679199e-01
6.715927124023437500e-01
6.732347011566162109e-01
6.745483875274658203e-01
6.719210743904113770e-01
6.706075072288513184e-01
6.801312565803527832e-01
6.778324246406555176e-01
6.837437748908996582e-01
6.696222424507141113e-01
6.801313757896423340e-01
6.880130171775817871e-01
6.863710284233093262e-01
6.889982819557189941e-01
6.857142448425292969e-01
6.784892082214355469e-01
6.863710284233093262e-01
6.893267035484313965e-01
6.771755814552307129e-01
6.880130171775817871e-01
7.018061280250549316e-01
6.968800425529479980e-01
6.896550655364990234e-01
6.945812106132507324e-01
6.883414983749389648e-01
6.935960054397583008e-01
6.991788744926452637e-01
6.811165213584899902e-01
6.883414387702941895e-01
6.912971138954162598e-01
7.004925012588500977e-01
7.034481167793273926e-01
6.939243674278259277e-01
6.942527294158935547e-01
7.060754299163818359e-01
7.031198143959045410e-01
6.899834871292114258e-01
7.027913331985473633e-01
7.067323327064514160e-01
