1.970443315804004669e-02
9.852216579020023346e-03
1.215106807649135590e-02
1.839080452919006348e-02
2.036124654114246368e-02
1.740558259189128876e-02
1.839080452919006348e-02
2.036124840378761292e-02
1.904761977493762970e-02
1.346469763666391373e-02
1.839080452919006348e-02
1.970443129539489746e-02
1.904761977493762970e-02
1.970443315804004669e-02
1.839080266654491425e-02
1.871921308338642120e-02
2.528735809028148651e-02
2.364531904458999634e-02
2.528735622763633728e-02
2.627257816493511200e-02
2.660098485648632050e-02
3.842364624142646790e-02
4.466338083148002625e-02
5.188833922147750854e-02
5.550082027912139893e-02
7.520525902509689331e-02
7.224959135055541992e-02
8.374384045600891113e-02
9.753694385290145874e-02
1.037766858935356140e-01
1.064039319753646851e-01
1.234811171889305115e-01
1.415435075759887695e-01
1.589490920305252075e-01
1.776683032512664795e-01
1.927750408649444580e-01
2.157635539770126343e-01
2.325122952461242676e-01
2.476190328598022461e-01
2.594417035579681396e-01
2.692939341068267822e-01
2.850574553012847900e-01
3.011494278907775879e-01
3.247947096824645996e-01
3.155993223190307617e-01
3.182265758514404297e-01
3.530377745628356934e-01
3.582922816276550293e-01
3.733990192413330078e-01
3.806239366531372070e-01
3.773398995399475098e-01
4.108374118804931641e-01
4.049260914325714111e-01
4.180623888969421387e-01
4.334975183010101318e-01
4.407224655151367188e-01
4.256157279014587402e-01
4.443349242210388184e-01
4.512314796447753906e-01
4.463053643703460693e-01
4.627257585525512695e-01
4.676518738269805908e-01
4.909687638282775879e-01
4.916256070137023926e-01
4.932675957679748535e-01
4.958949089050292969e-01
5.014777779579162598e-01
4.935960769653320312e-01
5.172413587570190430e-01
5.152708888053894043e-01
5.172413587570190430e-01
5.221674442291259766e-01
5.293924212455749512e-01
5.356321334838867188e-01
5.284072160720825195e-01
5.316912531852722168e-01
5.500820279121398926e-01
5.474548339843750000e-01
5.487684011459350586e-01
5.556650161743164062e-01
5.628899335861206055e-01
5.619047284126281738e-01
5.494252443313598633e-01
5.543513298034667969e-01
5.776681900024414062e-01
5.711000561714172363e-01
5.871921181678771973e-01
5.825943946838378906e-01
5.770114064216613770e-01
5.763546228408813477e-01
5.904761552810668945e-01
5.881772637367248535e-01
5.871920585632324219e-01
5.885056853294372559e-01
5.917897224426269531e-01
6.055828928947448730e-01
6.026271581649780273e-01
6.019703745841979980e-01
5.986863374710083008e-01
5.983577966690063477e-01
6.111657619476318359e-01
6.091953516006469727e-01
6.236451864242553711e-01
6.151067018508911133e-01
6.203611493110656738e-01
6.180623769760131836e-01
6.193759441375732422e-01
6.243020892143249512e-01
6.157634854316711426e-01
6.269293427467346191e-01
6.302133798599243164e-01
6.190475225448608398e-01
6.298849582672119141e-01
6.325122117996215820e-01
6.403939723968505859e-01
6.305418014526367188e-01
6.364530920982360840e-01
6.380952000617980957e-01
6.348111033439636230e-01
6.518882513046264648e-01
6.390804052352905273e-01
6.469621658325195312e-01
6.403939723968505859e-01
6.436780691146850586e-01
6.489326357841491699e-01
6.476190090179443359e-01
6.456485986709594727e-01
6.512314677238464355e-01
6.486041545867919922e-01
6.577996015548706055e-01
6.525450348854064941e-01
6.522166132926940918e-01
6.584563851356506348e-01
6.584563851356506348e-01
6.663382053375244141e-01
6.627256870269775391e-01
6.637108922004699707e-01
6.663382053375244141e-01
6.607552766799926758e-01
6.591132283210754395e-01
6.735631227493286133e-01
6.778324246406555176e-01
6.761903762817382812e-01
6.656813621520996094e-01
6.699506640434265137e-01
6.706074476242065430e-01
6.788176894187927246e-01
6.755336523056030273e-01
6.633825302124023438e-01
6.742199659347534180e-01
6.699506640434265137e-01
6.880130171775817871e-01
6.798028945922851562e-01
6.801313161849975586e-01
6.837438344955444336e-01
6.758620738983154297e-01
6.814448833465576172e-01
6.814448833465576172e-01
6.771755814552307129e-01
6.791460514068603516e-01
6.929391622543334961e-01
6.949095726013183594e-01
6.860426664352416992e-01
6.926107406616210938e-01
6.903119087219238281e-01
6.889983415603637695e-01
6.873562335968017578e-01
6.886699199676513672e-01
6.962232589721679688e-01
6.945812106132507324e-01
6.975368857383728027e-01
6.981936693191528320e-01
6.955664157867431641e-01
6.955664157867431641e-01
7.008209228515625000e-01
6.952379941940307617e-01
7.031198143959045410e-01
7.113299369812011719e-01
7.018061876296997070e-01
7.077174782752990723e-01
6.926107406616210938e-01
7.103447318077087402e-01
7.021345496177673340e-01
7.060754895210266113e-01
7.067323327064514160e-01
7.116583585739135742e-01
6.998357176780700684e-01
7.178981304168701172e-01
7.011493444442749023e-01
7.110016345977783203e-01
7.103447318077087402e-01
7.083742618560791016e-01
7.041050195693969727e-01
7.047618627548217773e-01
7.057470679283142090e-01
7.001640796661376953e-01
7.133003473281860352e-01
7.077174782752990723e-01
7.152708768844604492e-01
7.083743214607238770e-01
