6.355035543441772461e+00
1.221569919586181641e+01
1.701360750198364258e+01
2.182902860641479492e+01
2.690513420104980469e+01
3.210083580017089844e+01
4.010001897811889648e+01
4.799462699890136719e+01
5.410646867752075195e+01
6.108442568778991699e+01
6.607447099685668945e+01
7.127266407012939453e+01
7.771474027633666992e+01
8.374602437019348145e+01
9.009203386306762695e+01
9.498300743103027344e+01
9.942366218566894531e+01
1.040189266204833984e+02
1.089289152622222900e+02
1.155851519107818604e+02
1.200858492851257324e+02
1.262842526435852051e+02
1.308705108165740967e+02
1.357019429206848145e+02
1.396467459201812744e+02
1.443065559864044189e+02
1.490819482803344727e+02
1.538103075027465820e+02
1.592001371383666992e+02
1.648776695728302002e+02
1.696980938911437988e+02
1.732776365280151367e+02
1.769722616672515869e+02
1.806448709964752197e+02
1.844515750408172607e+02
1.883163204193115234e+02
1.926864254474639893e+02
1.962534592151641846e+02
1.997639524936676025e+02
2.033259835243225098e+02
2.070086002349853516e+02
2.104935753345489502e+02
2.140986366271972656e+02
2.176721751689910889e+02
2.211876721382141113e+02
2.247291891574859619e+02
2.283137342929840088e+02
2.318872735500335693e+02
2.355308620929718018e+02
2.391294183731079102e+02
2.430912325382232666e+02
2.469910032749176025e+02
2.504424552917480469e+02
2.539189252853393555e+02
2.574714491367340088e+02
2.609999556541442871e+02
2.643913648128509521e+02
2.680949964523315430e+02
2.720993404388427734e+02
2.757299194335937500e+02
2.793254740238189697e+02
2.836945781707763672e+02
2.875573217868804932e+02
2.913710310459136963e+02
2.957591483592987061e+02
2.997649943828582764e+02
3.039949994087219238e+02
3.083360888957977295e+02
3.129268488883972168e+02
3.168611447811126709e+02
3.212007286548614502e+02
3.251435716152191162e+02
3.289387686252593994e+02
3.330251708030700684e+02
3.367523186206817627e+02
3.402678158283233643e+02
3.440309898853302002e+02
3.475710256099700928e+02
3.516759417057037354e+02
3.558919367790222168e+02
3.609650413990020752e+02
3.656663801670074463e+02
3.705583560466766357e+02
3.753757786750793457e+02
3.803413054943084717e+02
3.882058944702148438e+02
3.963211579322814941e+02
4.031289942264556885e+02
4.086399097442626953e+02
4.128604164123535156e+02
4.207129859924316406e+02
4.257205429077148438e+02
4.322606892585754395e+02
4.416528673171997070e+02
4.472808599472045898e+02
4.516809861660003662e+02
4.568651680946350098e+02
4.614879522323608398e+02
4.660011591911315918e+02
4.704668316841125488e+02
4.744586675167083740e+02
4.789123315811157227e+02
4.840830047130584717e+02
4.887973539829254150e+02
4.949832494258880615e+02
4.998201847076416016e+02
5.063117961883544922e+02
5.120273563861846924e+02
5.160687272548675537e+02
5.208326110839843750e+02
5.251191565990447998e+02
5.294292182922363281e+02
5.332764515876770020e+02
5.373563501834869385e+02
5.414087293148040771e+02
5.459849798679351807e+02
5.509034743309020996e+02
5.562602801322937012e+02
5.609691250324249268e+02
5.662273604869842529e+02
5.717808058261871338e+02
5.757496249675750732e+02
5.804719803333282471e+02
5.871212036609649658e+02
5.919926643371582031e+02
5.966614811420440674e+02
6.006818370819091797e+02
6.052275660037994385e+02
6.101900913715362549e+02
6.163554718494415283e+02
6.231192772388458252e+02
6.282784419059753418e+02
6.335031547546386719e+02
6.400508737564086914e+02
6.453921685218811035e+02
6.527368865013122559e+02
6.571985554695129395e+02
6.621475713253021240e+02
6.679011590480804443e+02
6.730453135967254639e+02
6.785257065296173096e+02
6.861996593475341797e+02
6.931175727844238281e+02
6.994505717754364014e+02
7.041198892593383789e+02
7.089963529109954834e+02
7.134500169754028320e+02
7.182334148883819580e+02
7.232104508876800537e+02
7.285992791652679443e+02
7.330939722061157227e+02
7.375811598300933838e+02
7.421759243011474609e+02
7.469007899761199951e+02
7.517942571640014648e+02
7.575463430881500244e+02
7.630462508201599121e+02
7.695733876228332520e+02
7.745914523601531982e+02
7.795414688587188721e+02
7.877523016929626465e+02
7.946151776313781738e+02
7.997283093929290771e+02
8.047418715953826904e+02
8.126584961414337158e+02
8.177220928668975830e+02
8.232840442657470703e+02
8.282830955982208252e+02
8.335513381958007812e+02
8.387340197563171387e+02
8.451560888290405273e+02
8.519404087066650391e+02
8.576434600353240967e+02
8.628986935615539551e+02
8.679542846679687500e+02
8.756273794174194336e+02
8.828580152988433838e+02
8.906850752830505371e+02
8.977756125926971436e+02
9.044978885650634766e+02
9.134702622890472412e+02
9.201620163917541504e+02
9.296762757301330566e+02
9.390359241962432861e+02
9.459238181114196777e+02
9.533691074848175049e+02
9.599512834548950195e+02
9.712748274803161621e+02
9.784589309692382812e+02
9.849505422115325928e+02
9.916307883262634277e+02
9.967284090518951416e+02
1.002279352426528931e+03
1.007391984939575195e+03
1.012263446092605591e+03
1.017117394208908081e+03
1.021935817480087280e+03
1.028268815994262695e+03
1.034810463190078735e+03
1.044179118871688843e+03
