4.769888401031494141e+00
8.166301250457763672e+00
1.147715330123901367e+01
1.549201011657714844e+01
2.049456405639648438e+01
2.656387543678283691e+01
3.246907067298889160e+01
3.572688484191894531e+01
3.887412047386169434e+01
4.215044832229614258e+01
4.543478155136108398e+01
4.853648471832275391e+01
5.182482099533081055e+01
5.496305131912231445e+01
5.967890095710754395e+01
6.318190479278564453e+01
6.639068460464477539e+01
6.963248753547668457e+01
7.320702648162841797e+01
7.716033506393432617e+01
8.040363907814025879e+01
8.383207488059997559e+01
8.796301007270812988e+01
9.200438046455383301e+01
9.716838240623474121e+01
1.023490760326385498e+02
1.066141154766082764e+02
1.105218908786773682e+02
1.142570548057556152e+02
1.175448901653289795e+02
1.209983503818511963e+02
1.241686031818389893e+02
1.273218431472778320e+02
1.306211931705474854e+02
1.337709305286407471e+02
1.374250271320343018e+02
1.407543919086456299e+02
1.438275747299194336e+02
1.476743075847625732e+02
1.513409197330474854e+02
1.545817224979400635e+02
1.577920143604278564e+02
1.611078698635101318e+02
1.645222959518432617e+02
1.680462982654571533e+02
1.711995446681976318e+02
1.745449209213256836e+02
1.778988034725189209e+02
1.814358162879943848e+02
1.847141456604003906e+02
1.881550900936126709e+02
1.913643698692321777e+02
1.949309034347534180e+02
1.992474701404571533e+02
2.037186470031738281e+02
2.069909708499908447e+02
2.101442255973815918e+02
2.132419259548187256e+02
2.163681471347808838e+02
2.196169683933258057e+02
2.228067340850830078e+02
2.261661202907562256e+02
2.294119262695312500e+02
2.328763880729675293e+02
2.363123281002044678e+02
2.397487697601318359e+02
2.432887985706329346e+02
2.470930008888244629e+02
2.503483135700225830e+02
2.545958311557769775e+02
2.580733010768890381e+02
2.615637810230255127e+02
2.647805666923522949e+02
2.680378799438476562e+02
2.712586681842803955e+02
2.746891405582427979e+02
2.778573920726776123e+02
2.809535953998565674e+02
2.841523687839508057e+02
2.873401329517364502e+02
2.905979473590850830e+02
2.940198776721954346e+02
2.974623236656188965e+02
3.012249972820281982e+02
3.046754481792449951e+02
3.083965914249420166e+02
3.119130995273590088e+02
3.152929999828338623e+02
3.186453821659088135e+02
3.220277962684631348e+02
3.259520843029022217e+02
3.293890264034271240e+02
3.326198213100433350e+02
3.358241052627563477e+02
3.389958579540252686e+02
3.422026443481445312e+02
3.454274356365203857e+02
3.485336418151855469e+02
3.517130079269409180e+02
3.548717517852783203e+02
3.582171282768249512e+02
3.614048926830291748e+02
3.649739294052124023e+02
3.684203770160675049e+02
3.721884446144104004e+02
3.756659150123596191e+02
3.791268732547760010e+02
3.824287312030792236e+02
3.858581674098968506e+02
3.892635872364044189e+02
3.926009583473205566e+02
3.970746359825134277e+02
4.008144755363464355e+02
4.043159632682800293e+02
4.078864996433258057e+02
4.116416673660278320e+02
4.148624620437622070e+02
4.182028350830078125e+02
4.223527832031250000e+02
4.256886534690856934e+02
4.294513385295867920e+02
4.331964993476867676e+02
4.362556722164154053e+02
4.396310703754425049e+02
4.428703720569610596e+02
4.460476286411285400e+02
4.491523342132568359e+02
4.525462450981140137e+02
4.557805430889129639e+02
4.589377856254577637e+02
4.623336987495422363e+02
4.656005191802978516e+02
4.699926390647888184e+02
4.741736092567443848e+02
4.773488655090332031e+02
4.804265522956848145e+02
4.835702843666076660e+02
4.868195939064025879e+02
4.912807626724243164e+02
4.950709547996520996e+02
4.982487127780914307e+02
5.017056682109832764e+02
5.049054417610168457e+02
5.081327340602874756e+02
5.114030580520629883e+02
5.149800994396209717e+02
5.184245462417602539e+02
5.232354638576507568e+02
5.269345912933349609e+02
5.307718269824981689e+02
5.351239192485809326e+02
5.390717234611511230e+02
5.427713515758514404e+02
5.466791274547576904e+02
5.517932615280151367e+02
5.556409940719604492e+02
5.594787206649780273e+02
5.632564051151275635e+02
5.675544636249542236e+02
5.715593094825744629e+02
5.752314174175262451e+02
5.787444128990173340e+02
5.821243140697479248e+02
5.854326643943786621e+02
5.898097743988037109e+02
5.941623749732971191e+02
5.975222618579864502e+02
6.008171024322509766e+02
6.047684097290039062e+02
6.078731215000152588e+02
6.124911794662475586e+02
6.164209713935852051e+02
6.200720722675323486e+02
6.244942066669464111e+02
6.289198501110076904e+02
6.322121899127960205e+02
6.360489251613616943e+02
6.396019494533538818e+02
6.430879256725311279e+02
6.467905559539794922e+02
6.512017002105712891e+02
6.558019683361053467e+02
6.596356914043426514e+02
6.629370367527008057e+02
6.662573955059051514e+02
6.697743942737579346e+02
6.733854689598083496e+02
6.766302831172943115e+02
6.800717272758483887e+02
6.842627050876617432e+02
6.879193027019500732e+02
6.912987136840820312e+02
6.951109218597412109e+02
6.994064815044403076e+02
7.028364174365997314e+02
7.061847960948944092e+02
7.094621245861053467e+02
7.134159338474273682e+02
7.166006958484649658e+02
7.199360656738281250e+02
