2.075702138245105743e-02
8.547008968889713287e-03
1.343101449310779572e-02
1.831501908600330353e-02
2.564102597534656525e-02
9.768010117113590240e-03
2.197802253067493439e-02
1.343101449310779572e-02
1.343101356178522110e-02
2.319902367889881134e-02
2.564102597534656525e-02
1.953602023422718048e-02
2.319902367889881134e-02
2.442002482712268829e-02
3.296703472733497620e-02
2.808303013443946838e-02
2.197802253067493439e-02
3.052503056824207306e-02
2.564102597534656525e-02
3.663003817200660706e-02
3.663003817200660706e-02
4.395604506134986877e-02
4.639804735779762268e-02
4.639804735779762268e-02
6.959707289934158325e-02
8.180708438158035278e-02
6.837607175111770630e-02
8.302808552980422974e-02
8.669109642505645752e-02
1.025641039013862610e-01
1.330891400575637817e-01
1.318681389093399048e-01
1.489621549844741821e-01
1.428571492433547974e-01
1.440781503915786743e-01
1.770451813936233521e-01
1.672771722078323364e-01
1.892551928758621216e-01
2.039072066545486450e-01
2.307692319154739380e-01
2.429792582988739014e-01
2.307692468166351318e-01
2.576312720775604248e-01
2.747252881526947021e-01
2.832722961902618408e-01
2.844932973384857178e-01
2.967033088207244873e-01
3.113553225994110107e-01
3.199023306369781494e-01
3.516483604907989502e-01
3.760683834552764893e-01
3.565323650836944580e-01
3.943834006786346436e-01
3.663003742694854736e-01
3.956044018268585205e-01
4.188034236431121826e-01
4.212454259395599365e-01
4.065934419631958008e-01
4.102564156055450439e-01
4.432234764099121094e-01
4.493284821510314941e-01
4.676434993743896484e-01
4.566544890403747559e-01
4.713065028190612793e-01
4.713065028190612793e-01
4.835165143013000488e-01
5.067155361175537109e-01
4.688644707202911377e-01
4.908425211906433105e-01
5.115995407104492188e-01
5.225885510444641113e-01
5.177045464515686035e-01
5.482295751571655273e-01
5.103785395622253418e-01
5.323565602302551270e-01
5.482295751571655273e-01
5.274725556373596191e-01
5.470085740089416504e-01
5.885226130485534668e-01
5.604395866394042969e-01
5.457875728607177734e-01
5.641025900840759277e-01
5.848596096038818359e-01
5.750916004180908203e-01
5.873016119003295898e-01
5.738705992698669434e-01
6.092796325683593750e-01
5.921856164932250977e-01
6.068376302719116211e-01
6.129426360130310059e-01
6.105006337165832520e-01
5.970696210861206055e-01
5.946276187896728516e-01
5.982906222343444824e-01
6.471306681632995605e-01
6.117216348648071289e-01
6.166056394577026367e-01
6.434676647186279297e-01
6.019536256790161133e-01
6.141636371612548828e-01
6.385836601257324219e-01
6.532356739044189453e-01
6.532356739044189453e-01
6.166056394577026367e-01
6.605616807937622070e-01
6.617826819419860840e-01
6.568986773490905762e-01
6.520146727561950684e-01
6.446886658668518066e-01
6.361416578292846680e-01
6.800976991653442383e-01
6.703296899795532227e-01
6.605616807937622070e-01
6.825397014617919922e-01
6.630036830902099609e-01
6.605616807937622070e-01
6.727716922760009766e-01
6.764346957206726074e-01
6.788766980171203613e-01
6.874237060546875000e-01
6.800976991653442383e-01
6.910867094993591309e-01
6.630036830902099609e-01
6.862027049064636230e-01
6.898657083511352539e-01
6.825397014617919922e-01
7.094017267227172852e-01
7.032967209815979004e-01
7.057387232780456543e-01
6.898657083511352539e-01
7.045177221298217773e-01
7.020757198333740234e-01
7.094017267227172852e-01
7.081807255744934082e-01
7.179487347602844238e-01
6.947497129440307617e-01
7.008547186851501465e-01
6.996337175369262695e-01
7.118437290191650391e-01
7.191697359085083008e-01
7.301587462425231934e-01
7.081807255744934082e-01
7.155067324638366699e-01
7.057387232780456543e-01
7.448107600212097168e-01
7.472527623176574707e-01
7.252747416496276855e-01
7.228327393531799316e-01
7.387057542800903320e-01
7.289377450942993164e-01
7.448107600212097168e-01
7.240537405014038086e-01
7.399267554283142090e-01
7.387057542800903320e-01
7.301587462425231934e-01
7.387057542800903320e-01
7.362637519836425781e-01
7.326007485389709473e-01
7.313797473907470703e-01
7.484737634658813477e-01
7.484737634658813477e-01
7.545787692070007324e-01
7.338217496871948242e-01
7.582417726516723633e-01
7.374847531318664551e-01
7.533577680587768555e-01
7.545787692070007324e-01
7.533577680587768555e-01
7.557997703552246094e-01
7.667887806892395020e-01
7.570207715034484863e-01
7.496947646141052246e-01
7.765567898750305176e-01
7.557997703552246094e-01
7.521367669105529785e-01
7.704517841339111328e-01
7.545787692070007324e-01
7.863247990608215332e-01
7.582417726516723633e-01
7.631257772445678711e-01
7.423687577247619629e-01
7.460317611694335938e-01
7.570207715034484863e-01
7.496947646141052246e-01
7.704517841339111328e-01
7.521367669105529785e-01
7.570207715034484863e-01
7.899878025054931641e-01
7.545787692070007324e-01
7.765567898750305176e-01
7.802197933197021484e-01
7.741147875785827637e-01
7.802197933197021484e-01
8.021978139877319336e-01
7.728937864303588867e-01
7.899878025054931641e-01
7.680097818374633789e-01
7.863247990608215332e-01
7.789987921714782715e-01
7.851037979125976562e-01
