1.098901126533746719e-02
1.953602023422718048e-02
1.465201471000909805e-02
1.953602023422718048e-02
1.465201564133167267e-02
2.075702138245105743e-02
1.709401793777942657e-02
2.564102597534656525e-02
1.953602023422718048e-02
1.831501908600330353e-02
1.465201471000909805e-02
2.075702138245105743e-02
2.319902367889881134e-02
1.343101356178522110e-02
2.319902367889881134e-02
1.343101449310779572e-02
2.442002482712268829e-02
1.709401793777942657e-02
2.930403128266334534e-02
3.540903702378273010e-02
2.564102783799171448e-02
3.296703472733497620e-02
4.029304161667823792e-02
3.540903702378273010e-02
5.372405424714088440e-02
3.174603357911109924e-02
6.227106600999832153e-02
5.250305682420730591e-02
6.349206715822219849e-02
8.424908667802810669e-02
1.013431102037429810e-01
9.401710331439971924e-02
1.172161176800727844e-01
1.245421320199966431e-01
1.367521435022354126e-01
1.562881618738174438e-01
1.868131905794143677e-01
2.075702250003814697e-01
2.234432399272918701e-01
2.344322502613067627e-01
2.515262663364410400e-01
2.454212605953216553e-01
2.832722961902618408e-01
2.747252881526947021e-01
3.125763237476348877e-01
3.186813294887542725e-01
3.431013524532318115e-01
3.528693616390228271e-01
3.870573937892913818e-01
3.699633777141571045e-01
3.907203972339630127e-01
3.919413983821868896e-01
4.188034236431121826e-01
4.090354442596435547e-01
4.371184706687927246e-01
4.407814741134643555e-01
4.432234466075897217e-01
4.273504614830017090e-01
4.456654787063598633e-01
4.700855016708374023e-01
4.688645005226135254e-01
4.749695062637329102e-01
5.006105303764343262e-01
5.238095521926879883e-01
5.164835453033447266e-01
4.822955131530761719e-01
5.189255475997924805e-01
5.103785395622253418e-01
5.177045464515686035e-01
5.177045464515686035e-01
5.384615659713745117e-01
5.372405648231506348e-01
5.360195636749267578e-01
5.787546038627624512e-01
5.409035682678222656e-01
5.641025900840759277e-01
5.958486199378967285e-01
5.897436141967773438e-01
5.775336027145385742e-01
5.946276187896728516e-01
5.860806107521057129e-01
6.043956279754638672e-01
5.909646153450012207e-01
5.909646153450012207e-01
5.897436141967773438e-01
6.178266406059265137e-01
5.824176073074340820e-01
6.080586314201354980e-01
6.239316463470458984e-01
6.092796325683593750e-01
6.129426360130310059e-01
6.166056394577026367e-01
6.336996555328369141e-01
6.190476417541503906e-01
6.275946497917175293e-01
6.324786543846130371e-01
6.312576532363891602e-01
6.202686429023742676e-01
6.300366520881652832e-01
6.422466635704040527e-01
6.446886658668518066e-01
6.263736486434936523e-01
6.495726704597473145e-01
6.605616807937622070e-01
6.568986773490905762e-01
6.532356739044189453e-01
6.495726704597473145e-01
6.654456853866577148e-01
6.739926934242248535e-01
6.752136945724487305e-01
6.715506911277770996e-01
6.862027049064636230e-01
6.459096670150756836e-01
6.691086888313293457e-01
6.898657083511352539e-01
6.862027049064636230e-01
6.849817037582397461e-01
6.752136945724487305e-01
6.800976991653442383e-01
6.788766980171203613e-01
6.800976991653442383e-01
6.971917152404785156e-01
7.142857313156127930e-01
6.886447072029113770e-01
6.947497129440307617e-01
7.179487347602844238e-01
7.130647301673889160e-01
6.984127163887023926e-01
7.264957427978515625e-01
7.081807255744934082e-01
7.020757198333740234e-01
7.423687577247619629e-01
7.081807255744934082e-01
7.167277336120605469e-01
7.277167439460754395e-01
7.228327393531799316e-01
6.971917152404785156e-01
6.996337175369262695e-01
7.240537405014038086e-01
7.008547186851501465e-01
7.130647301673889160e-01
7.069597244262695312e-01
7.252747416496276855e-01
7.289377450942993164e-01
7.130647301673889160e-01
7.350427508354187012e-01
7.362637519836425781e-01
7.191697359085083008e-01
7.216117382049560547e-01
7.362637519836425781e-01
7.264957427978515625e-01
7.362637519836425781e-01
7.362637519836425781e-01
7.338217496871948242e-01
7.338217496871948242e-01
7.423687577247619629e-01
7.533577680587768555e-01
7.472527623176574707e-01
7.570207715034484863e-01
7.557997703552246094e-01
7.399267554283142090e-01
7.484737634658813477e-01
7.570207715034484863e-01
7.582417726516723633e-01
7.484737634658813477e-01
7.545787692070007324e-01
7.472527623176574707e-01
7.411477565765380859e-01
7.570207715034484863e-01
7.655677795410156250e-01
7.631257772445678711e-01
7.496947646141052246e-01
7.423687577247619629e-01
7.557997703552246094e-01
7.765567898750305176e-01
7.545787692070007324e-01
7.655677795410156250e-01
7.619047760963439941e-01
7.655677795410156250e-01
7.594627737998962402e-01
7.838827967643737793e-01
7.777777910232543945e-01
7.606837749481201172e-01
7.557997703552246094e-01
7.704517841339111328e-01
7.765567898750305176e-01
7.680097818374633789e-01
7.789987921714782715e-01
7.557997703552246094e-01
7.887668013572692871e-01
8.095238208770751953e-01
7.838827967643737793e-01
7.838827967643737793e-01
7.643467783927917480e-01
7.777777910232543945e-01
7.899878025054931641e-01
7.826617956161499023e-01
7.838827967643737793e-01
8.083028197288513184e-01
7.948718070983886719e-01
