1.343101356178522110e-02
2.197802253067493439e-02
1.098901126533746719e-02
2.686202898621559143e-02
1.221001241356134415e-02
1.587301678955554962e-02
1.587301678955554962e-02
2.442002668976783752e-02
1.709401793777942657e-02
1.098901126533746719e-02
1.465201564133167267e-02
2.686202712357044220e-02
1.587301678955554962e-02
2.808302827179431915e-02
2.686202712357044220e-02
2.319902367889881134e-02
1.831501908600330353e-02
1.831501908600330353e-02
1.465201564133167267e-02
2.442002482712268829e-02
2.930402942001819611e-02
2.686202712357044220e-02
2.930402942001819611e-02
2.808302827179431915e-02
3.052503243088722229e-02
3.540903702378273010e-02
4.639804735779762268e-02
5.494505912065505981e-02
6.227106600999832153e-02
6.227106228470802307e-02
8.424909412860870361e-02
9.890110790729522705e-02
1.013431027531623840e-01
1.184371188282966614e-01
1.306471377611160278e-01
1.501831561326980591e-01
1.587301641702651978e-01
1.648351699113845825e-01
1.904761940240859985e-01
2.234432399272918701e-01
2.161172181367874146e-01
2.515262663364410400e-01
2.600732743740081787e-01
2.808302938938140869e-01
3.260073363780975342e-01
3.284493386745452881e-01
3.247863352298736572e-01
3.260073363780975342e-01
3.479853570461273193e-01
3.626373708248138428e-01
4.163614213466644287e-01
3.980464041233062744e-01
4.053724110126495361e-01
4.371184706687927246e-01
4.126984179019927979e-01
4.212454259395599365e-01
4.236874282360076904e-01
4.395604729652404785e-01
4.627594947814941406e-01
4.652014970779418945e-01
4.529914855957031250e-01
4.810745120048522949e-01
4.993895292282104492e-01
5.067155361175537109e-01
4.981685280799865723e-01
5.238095521926879883e-01
5.250305533409118652e-01
5.177045464515686035e-01
5.384615659713745117e-01
5.494505763053894043e-01
5.360195636749267578e-01
5.628815889358520508e-01
5.372405648231506348e-01
5.641025900840759277e-01
5.689865946769714355e-01
5.396825671195983887e-01
5.470085740089416504e-01
5.702075958251953125e-01
5.970696210861206055e-01
5.799756050109863281e-01
5.934066176414489746e-01
5.836386084556579590e-01
5.909646153450012207e-01
5.946276187896728516e-01
5.873016119003295898e-01
6.239316463470458984e-01
5.885226130485534668e-01
6.043956279754638672e-01
6.117216348648071289e-01
6.105006337165832520e-01
6.251526474952697754e-01
6.043956279754638672e-01
6.214896440505981445e-01
6.166056394577026367e-01
6.141636371612548828e-01
6.202686429023742676e-01
6.385836601257324219e-01
6.507936716079711914e-01
6.446886658668518066e-01
6.459096670150756836e-01
6.361416578292846680e-01
6.251526474952697754e-01
6.373626589775085449e-01
6.385836601257324219e-01
6.483516693115234375e-01
6.434676647186279297e-01
6.630036830902099609e-01
6.654456853866577148e-01
6.141636371612548828e-01
6.715506911277770996e-01
6.727716922760009766e-01
6.532356739044189453e-01
6.764346957206726074e-01
6.642246842384338379e-01
6.507936716079711914e-01
6.678876876831054688e-01
6.727716922760009766e-01
6.605616807937622070e-01
6.556776762008666992e-01
6.923077106475830078e-01
6.593406796455383301e-01
6.849817037582397461e-01
6.825397014617919922e-01
7.081807255744934082e-01
6.874237060546875000e-01
6.752136945724487305e-01
6.837607026100158691e-01
6.800976991653442383e-01
6.813187003135681152e-01
6.788766980171203613e-01
6.923077106475830078e-01
6.959707140922546387e-01
7.203907370567321777e-01
7.167277336120605469e-01
6.813187003135681152e-01
6.923077106475830078e-01
7.130647301673889160e-01
6.971917152404785156e-01
7.240537405014038086e-01
7.191697359085083008e-01
7.057387232780456543e-01
7.240537405014038086e-01
7.057387232780456543e-01
7.203907370567321777e-01
7.252747416496276855e-01
7.203907370567321777e-01
7.167277336120605469e-01
7.228327393531799316e-01
7.191697359085083008e-01
7.264957427978515625e-01
7.411477565765380859e-01
7.228327393531799316e-01
7.411477565765380859e-01
7.142857313156127930e-01
7.423687577247619629e-01
7.362637519836425781e-01
7.435897588729858398e-01
7.264957427978515625e-01
7.484737634658813477e-01
7.289377450942993164e-01
7.155067324638366699e-01
7.448107600212097168e-01
7.545787692070007324e-01
7.338217496871948242e-01
7.362637519836425781e-01
7.387057542800903320e-01
7.509157657623291016e-01
7.594627737998962402e-01
7.350427508354187012e-01
7.521367669105529785e-01
7.399267554283142090e-01
7.057387232780456543e-01
7.533577680587768555e-01
7.545787692070007324e-01
7.484737634658813477e-01
7.423687577247619629e-01
7.411477565765380859e-01
7.728937864303588867e-01
7.264957427978515625e-01
7.631257772445678711e-01
7.582417726516723633e-01
7.557997703552246094e-01
7.472527623176574707e-01
7.521367669105529785e-01
7.728937864303588867e-01
7.545787692070007324e-01
7.631257772445678711e-01
7.789987921714782715e-01
7.765567898750305176e-01
7.704517841339111328e-01
7.753357887268066406e-01
7.631257772445678711e-01
7.387057542800903320e-01
7.521367669105529785e-01
7.619047760963439941e-01
7.948718070983886719e-01
7.741147875785827637e-01
7.680097818374633789e-01
7.826617956161499023e-01
7.741147875785827637e-01
