1.465201564133167267e-02
2.319902367889881134e-02
1.953602209687232971e-02
1.953602023422718048e-02
2.564102597534656525e-02
2.319902367889881134e-02
1.343101449310779572e-02
2.319902554154396057e-02
1.221001334488391876e-02
2.197802253067493439e-02
1.587301678955554962e-02
2.197802439332008362e-02
1.831501908600330353e-02
1.465201471000909805e-02
1.831501908600330353e-02
1.098901126533746719e-02
2.319902367889881134e-02
2.197802253067493439e-02
3.174603357911109924e-02
2.197802253067493439e-02
3.174603357911109924e-02
4.151404276490211487e-02
4.151404276490211487e-02
4.029304161667823792e-02
5.128205195069313049e-02
5.372405424714088440e-02
5.738705769181251526e-02
5.250305309891700745e-02
6.593406945466995239e-02
6.959707289934158325e-02
7.814408093690872192e-02
9.768009930849075317e-02
8.913309127092361450e-02
1.013431027531623840e-01
1.233211308717727661e-01
1.196581274271011353e-01
1.355311423540115356e-01
1.416361480951309204e-01
1.611721664667129517e-01
1.636141687631607056e-01
1.855921894311904907e-01
1.892552077770233154e-01
1.733821779489517212e-01
1.990232020616531372e-01
2.002442032098770142e-01
2.417582571506500244e-01
2.380952537059783936e-01
2.234432250261306763e-01
2.735042870044708252e-01
2.820512950420379639e-01
2.588522732257843018e-01
2.673992812633514404e-01
3.089133203029632568e-01
3.137973248958587646e-01
3.199023306369781494e-01
3.186813294887542725e-01
3.321123421192169189e-01
3.455433547496795654e-01
3.296703398227691650e-01
3.492063581943511963e-01
3.492063581943511963e-01
3.882783949375152588e-01
3.797313868999481201e-01
3.772893846035003662e-01
3.699633777141571045e-01
3.919413983821868896e-01
4.041514098644256592e-01
4.017094075679779053e-01
4.151404201984405518e-01
3.980464041233062744e-01
4.126984179019927979e-01
4.395604729652404785e-01
4.420024454593658447e-01
4.297924637794494629e-01
4.542124867439270020e-01
4.688645005226135254e-01
4.420024454593658447e-01
4.529914557933807373e-01
4.810745120048522949e-01
4.822955131530761719e-01
5.042735338211059570e-01
4.945055246353149414e-01
5.018315315246582031e-01
4.859584867954254150e-01
4.957265257835388184e-01
4.981685280799865723e-01
5.177045464515686035e-01
5.006105303764343262e-01
5.286935567855834961e-01
5.262515544891357422e-01
5.152625441551208496e-01
5.164835453033447266e-01
5.225885510444641113e-01
5.323565602302551270e-01
5.445665717124938965e-01
5.494505763053894043e-01
5.445665717124938965e-01
5.738705992698669434e-01
5.518925786018371582e-01
5.543345808982849121e-01
5.592185854911804199e-01
5.579975843429565430e-01
5.946276187896728516e-01
5.665445923805236816e-01
5.885226130485534668e-01
6.056166291236877441e-01
5.824176073074340820e-01
5.714285969734191895e-01
5.555555820465087891e-01
5.921856164932250977e-01
5.946276187896728516e-01
5.958486199378967285e-01
6.141636371612548828e-01
6.153846383094787598e-01
6.214896440505981445e-01
6.190476417541503906e-01
6.031746268272399902e-01
6.092796325683593750e-01
6.324786543846130371e-01
6.227106451988220215e-01
6.129426360130310059e-01
6.581196784973144531e-01
6.349206566810607910e-01
6.336996555328369141e-01
6.373626589775085449e-01
6.434676647186279297e-01
6.202686429023742676e-01
6.520146727561950684e-01
6.410256624221801758e-01
6.556776762008666992e-01
6.520146727561950684e-01
6.678876876831054688e-01
6.568986773490905762e-01
6.678876876831054688e-01
6.507936716079711914e-01
6.703296899795532227e-01
6.532356739044189453e-01
6.642246842384338379e-01
6.776556968688964844e-01
6.654456853866577148e-01
6.654456853866577148e-01
6.678876876831054688e-01
6.617826819419860840e-01
6.862027049064636230e-01
6.825397014617919922e-01
6.495726704597473145e-01
6.898657083511352539e-01
6.691086888313293457e-01
7.032967209815979004e-01
6.923077106475830078e-01
6.910867094993591309e-01
6.923077106475830078e-01
6.727716922760009766e-01
6.898657083511352539e-01
6.739926934242248535e-01
6.971917152404785156e-01
7.130647301673889160e-01
7.032967209815979004e-01
6.764346957206726074e-01
7.045177221298217773e-01
7.240537405014038086e-01
6.984127163887023926e-01
6.971917152404785156e-01
7.106227278709411621e-01
7.106227278709411621e-01
7.130647301673889160e-01
7.228327393531799316e-01
7.057387232780456543e-01
7.094017267227172852e-01
6.935287117958068848e-01
7.155067324638366699e-01
6.800976991653442383e-01
7.008547186851501465e-01
7.142857313156127930e-01
7.301587462425231934e-01
7.264957427978515625e-01
7.081807255744934082e-01
7.045177221298217773e-01
7.448107600212097168e-01
6.935287117958068848e-01
7.167277336120605469e-01
7.264957427978515625e-01
7.374847531318664551e-01
7.289377450942993164e-01
7.264957427978515625e-01
7.594627737998962402e-01
7.338217496871948242e-01
7.521367669105529785e-01
7.264957427978515625e-01
7.142857313156127930e-01
7.435897588729858398e-01
7.435897588729858398e-01
7.362637519836425781e-01
7.374847531318664551e-01
7.313797473907470703e-01
7.582417726516723633e-01
7.509157657623291016e-01
7.448107600212097168e-01
7.472527623176574707e-01
7.521367669105529785e-01
