2.124256610870361328e+00
4.112788677215576172e+00
6.059951066970825195e+00
8.035630702972412109e+00
1.005537295341491699e+01
1.202255892753601074e+01
1.398216080665588379e+01
1.595959210395812988e+01
1.793188118934631348e+01
2.013083195686340332e+01
2.214378333091735840e+01
2.412874436378479004e+01
2.608376502990722656e+01
2.804355478286743164e+01
3.000748205184936523e+01
3.198236918449401855e+01
3.397329092025756836e+01
3.594469928741455078e+01
3.789195656776428223e+01
3.985270428657531738e+01
4.181662440299987793e+01
4.376925921440124512e+01
4.575205421447753906e+01
4.773994946479797363e+01
4.972544336318969727e+01
5.170913171768188477e+01
5.367487239837646484e+01
5.562987685203552246e+01
5.760839486122131348e+01
5.957523703575134277e+01
6.156993556022644043e+01
6.363777160644531250e+01
6.562149167060852051e+01
6.759384202957153320e+01
6.959337592124938965e+01
7.156010794639587402e+01
7.354392933845520020e+01
7.551344347000122070e+01
7.749132585525512695e+01
7.944751572608947754e+01
8.152313876152038574e+01
8.348728799819946289e+01
8.542709684371948242e+01
8.744311046600341797e+01
8.943273830413818359e+01
9.141476154327392578e+01
9.337929916381835938e+01
9.534705162048339844e+01
9.735504698753356934e+01
9.933301162719726562e+01
1.013338487148284912e+02
1.033288364410400391e+02
1.053143231868743896e+02
1.072949430942535400e+02
1.092580566406250000e+02
1.112284448146820068e+02
1.132592244148254395e+02
1.152126116752624512e+02
1.172142245769500732e+02
1.192048573493957520e+02
1.211726267337799072e+02
1.231208012104034424e+02
1.251125962734222412e+02
1.270920414924621582e+02
1.291020886898040771e+02
1.312661089897155762e+02
1.332579491138458252e+02
1.352525315284729004e+02
1.372317163944244385e+02
1.392189497947692871e+02
1.412056810855865479e+02
1.431833665370941162e+02
1.451651489734649658e+02
1.471638567447662354e+02
1.491601994037628174e+02
1.511568489074707031e+02
1.531603729724884033e+02
1.551524014472961426e+02
1.571249847412109375e+02
1.591077101230621338e+02
1.610909225940704346e+02
1.630819907188415527e+02
1.652258040904998779e+02
1.672271699905395508e+02
1.692197170257568359e+02
1.711975696086883545e+02
1.731694798469543457e+02
1.751293170452117920e+02
1.771302678585052490e+02
1.791319954395294189e+02
1.811187863349914551e+02
1.831132476329803467e+02
1.851427447795867920e+02
1.871424720287322998e+02
1.891542494297027588e+02
1.911589899063110352e+02
1.931567447185516357e+02
1.951482162475585938e+02
1.971297352313995361e+02
1.991071157455444336e+02
2.010961725711822510e+02
2.030893747806549072e+02
2.050768675804138184e+02
2.070918219089508057e+02
2.090666151046752930e+02
2.110444555282592773e+02
2.130750694274902344e+02
2.151059315204620361e+02
2.170717008113861084e+02
2.190561978816986084e+02
2.210477592945098877e+02
2.230304958820343018e+02
2.250158922672271729e+02
2.269810636043548584e+02
2.290568826198577881e+02
2.310655007362365723e+02
2.330242462158203125e+02
2.349997127056121826e+02
2.370063259601593018e+02
2.390338821411132812e+02
2.409849319458007812e+02
2.429584603309631348e+02
2.449409327507019043e+02
2.469893367290496826e+02
2.489911797046661377e+02
2.509849069118499756e+02
2.529854743480682373e+02
2.549790670871734619e+02
2.569740269184112549e+02
2.589680795669555664e+02
2.609252982139587402e+02
2.629127557277679443e+02
2.648746273517608643e+02
2.668539593219757080e+02
2.688238158226013184e+02
2.708315498828887939e+02
2.727980599403381348e+02
2.747858495712280273e+02
2.767296283245086670e+02
2.786971340179443359e+02
2.806756966114044189e+02
2.826494083404541016e+02
2.847413136959075928e+02
2.866797115802764893e+02
2.886373839378356934e+02
2.906193757057189941e+02
2.925809209346771240e+02
2.945837705135345459e+02
2.965626001358032227e+02
2.985503280162811279e+02
3.005608766078948975e+02
3.026339881420135498e+02
3.046023423671722412e+02
3.065679697990417480e+02
3.085567021369934082e+02
3.105675079822540283e+02
3.125551612377166748e+02
3.145617918968200684e+02
3.166079378128051758e+02
3.186154968738555908e+02
3.205871217250823975e+02
3.225760483741760254e+02
3.246265609264373779e+02
3.266584918498992920e+02
3.286613588333129883e+02
3.306377732753753662e+02
3.326171617507934570e+02
3.345818352699279785e+02
3.365666387081146240e+02
3.385842945575714111e+02
3.406139900684356689e+02
3.426213934421539307e+02
3.446575767993927002e+02
3.466573171615600586e+02
3.486489591598510742e+02
3.506457953453063965e+02
3.526201953887939453e+02
3.546316051483154297e+02
3.566325817108154297e+02
3.586248822212219238e+02
3.606008753776550293e+02
3.625998816490173340e+02
3.651527433395385742e+02
3.672055997848510742e+02
3.692175953388214111e+02
3.712417657375335693e+02
3.732862610816955566e+02
3.753260734081268311e+02
3.773197903633117676e+02
3.793315396308898926e+02
3.813701982498168945e+02
3.833919336795806885e+02
3.853833930492401123e+02
3.873805148601531982e+02
3.893925232887268066e+02
3.914037158489227295e+02
3.933852946758270264e+02
3.954151663780212402e+02
3.974136233329772949e+02
3.994334084987640381e+02
