2.194463491439819336e+00
4.246284008026123047e+00
6.271151065826416016e+00
8.333818197250366211e+00
1.035765171051025391e+01
1.241441273689270020e+01
1.464267754554748535e+01
1.666137838363647461e+01
1.870075988769531250e+01
2.075031375885009766e+01
2.279936838150024414e+01
2.480823826789855957e+01
2.684207820892333984e+01
2.887232351303100586e+01
3.086316823959350586e+01
3.290623641014099121e+01
3.494552373886108398e+01
3.702177023887634277e+01
3.901368379592895508e+01
4.102928566932678223e+01
4.309926295280456543e+01
4.515121221542358398e+01
4.717318201065063477e+01
4.916670918464660645e+01
5.119579982757568359e+01
5.319152760505676270e+01
5.518258666992187500e+01
5.721137881278991699e+01
5.924428081512451172e+01
6.133485031127929688e+01
6.333562898635864258e+01
6.534991455078125000e+01
6.735028839111328125e+01
6.949353432655334473e+01
7.148736095428466797e+01
7.351023602485656738e+01
7.553607320785522461e+01
7.755611252784729004e+01
7.954760193824768066e+01
8.155161213874816895e+01
8.357179951667785645e+01
8.559502196311950684e+01
8.758663773536682129e+01
8.961866712570190430e+01
9.163449358940124512e+01
9.366056680679321289e+01
9.570230960845947266e+01
9.771642470359802246e+01
9.971610474586486816e+01
1.017548246383666992e+02
1.038005404472351074e+02
1.058493318557739258e+02
1.078622968196868896e+02
1.098722479343414307e+02
1.121073253154754639e+02
1.142562875747680664e+02
1.162582876682281494e+02
1.182968354225158691e+02
1.203356654644012451e+02
1.223855309486389160e+02
1.243826491832733154e+02
1.265337021350860596e+02
1.285635914802551270e+02
1.306276237964630127e+02
1.326810898780822754e+02
1.347406888008117676e+02
1.367484316825866699e+02
1.388243381977081299e+02
1.408471176624298096e+02
1.428878209590911865e+02
1.448946750164031982e+02
1.469213562011718750e+02
1.489632239341735840e+02
1.510030977725982666e+02
1.530181787014007568e+02
1.551379966735839844e+02
1.571856997013092041e+02
1.592214276790618896e+02
1.612542934417724609e+02
1.633730621337890625e+02
1.654111092090606689e+02
1.674282684326171875e+02
1.694409780502319336e+02
1.714632327556610107e+02
1.740415022373199463e+02
1.760813136100769043e+02
1.781088955402374268e+02
1.803178238868713379e+02
1.823972852230072021e+02
1.844314897060394287e+02
1.864501869678497314e+02
1.885042641162872314e+02
1.905397236347198486e+02
1.925963459014892578e+02
1.946250581741333008e+02
1.966500935554504395e+02
1.986878323554992676e+02
2.007596719264984131e+02
2.027654755115509033e+02
2.048203868865966797e+02
2.068112573623657227e+02
2.088573131561279297e+02
2.109778988361358643e+02
2.130850348472595215e+02
2.150928034782409668e+02
2.171486415863037109e+02
2.192035496234893799e+02
2.212427389621734619e+02
2.232745292186737061e+02
2.253301479816436768e+02
2.273489177227020264e+02
2.294389224052429199e+02
2.314723091125488281e+02
2.335137579441070557e+02
2.355374014377593994e+02
2.375809953212738037e+02
2.396500163078308105e+02
2.416907615661621094e+02
2.437323660850524902e+02
2.457461533546447754e+02
2.477721617221832275e+02
2.498280699253082275e+02
2.518711900711059570e+02
2.539382767677307129e+02
2.560047757625579834e+02
2.580200815200805664e+02
2.600517413616180420e+02
2.621248075962066650e+02
2.641586670875549316e+02
2.661929118633270264e+02
2.682144961357116699e+02
2.702674348354339600e+02
2.723050553798675537e+02
2.743159401416778564e+02
2.764046700000762939e+02
2.785658957958221436e+02
2.806137764453887939e+02
2.827279071807861328e+02
2.847648456096649170e+02
2.868408250808715820e+02
2.888857605457305908e+02
2.910376553535461426e+02
2.930862181186676025e+02
2.951315886974334717e+02
2.972098169326782227e+02
2.992504475116729736e+02
3.012893748283386230e+02
3.033522431850433350e+02
3.054234161376953125e+02
3.074514734745025635e+02
3.094855449199676514e+02
3.115182383060455322e+02
3.136003751754760742e+02
3.156814506053924561e+02
3.176926224231719971e+02
3.197348890304565430e+02
3.217754497528076172e+02
3.238033838272094727e+02
3.259665780067443848e+02
3.279982976913452148e+02
3.300351109504699707e+02
3.320894393920898438e+02
3.341487510204315186e+02
3.362006971836090088e+02
3.382489066123962402e+02
3.402957417964935303e+02
3.423218462467193604e+02
3.443656141757965088e+02
3.464179499149322510e+02
3.484886655807495117e+02
3.506367092132568359e+02
3.526969907283782959e+02
3.547757391929626465e+02
3.568287785053253174e+02
3.589188365936279297e+02
3.609539124965667725e+02
3.629908652305603027e+02
3.650509479045867920e+02
3.670978994369506836e+02
3.691498146057128906e+02
3.711998126506805420e+02
3.732897574901580811e+02
3.753413410186767578e+02
3.773618061542510986e+02
3.794316222667694092e+02
3.815354268550872803e+02
3.836091516017913818e+02
3.856569976806640625e+02
3.877219221591949463e+02
3.898179292678833008e+02
3.918466677665710449e+02
3.938792152404785156e+02
3.958929500579833984e+02
3.979458262920379639e+02
3.999942407608032227e+02
4.021026115417480469e+02
4.041790730953216553e+02
4.062152922153472900e+02
4.082715914249420166e+02
4.103597650527954102e+02
