1.987779855728149414e+00
3.866109132766723633e+00
5.773818731307983398e+00
7.604428052902221680e+00
9.464314222335815430e+00
1.135104346275329590e+01
1.321127080917358398e+01
1.505265283584594727e+01
1.686823320388793945e+01
1.872477197647094727e+01
2.055922842025756836e+01
2.243985939025878906e+01
2.426924467086791992e+01
2.614353632926940918e+01
2.799267125129699707e+01
2.986205172538757324e+01
3.186821913719177246e+01
3.374459815025329590e+01
3.562551808357238770e+01
3.747544431686401367e+01
3.932941913604736328e+01
4.115843725204467773e+01
4.302349996566772461e+01
4.485157585144042969e+01
4.675002098083496094e+01
4.860259962081909180e+01
5.045297479629516602e+01
5.232381296157836914e+01
5.421154427528381348e+01
5.606016707420349121e+01
5.801789236068725586e+01
5.995681285858154297e+01
6.181954455375671387e+01
6.369703507423400879e+01
6.555108618736267090e+01
6.740635633468627930e+01
6.924738907814025879e+01
7.106754922866821289e+01
7.292878556251525879e+01
7.478942155838012695e+01
7.666467165946960449e+01
7.851652789115905762e+01
8.040424966812133789e+01
8.260726332664489746e+01
8.455227828025817871e+01
8.643256592750549316e+01
8.827451181411743164e+01
9.014319014549255371e+01
9.203574681282043457e+01
9.393533444404602051e+01
9.584297704696655273e+01
9.770656824111938477e+01
9.957992315292358398e+01
1.014700040817260742e+02
1.033216030597686768e+02
1.052196295261383057e+02
1.071090898513793945e+02
1.090067851543426514e+02
1.109006276130676270e+02
1.128874523639678955e+02
1.147426221370697021e+02
1.166301305294036865e+02
1.185071804523468018e+02
1.203909084796905518e+02
1.223204157352447510e+02
1.241841087341308594e+02
1.261600854396820068e+02
1.280516889095306396e+02
1.299495110511779785e+02
1.318201868534088135e+02
1.337106893062591553e+02
1.355914440155029297e+02
1.374677147865295410e+02
1.394052681922912598e+02
1.412921605110168457e+02
1.432595374584197998e+02
1.451958985328674316e+02
1.470923304557800293e+02
1.489801571369171143e+02
1.508576772212982178e+02
1.527607338428497314e+02
1.546444416046142578e+02
1.565385110378265381e+02
1.584413118362426758e+02
1.603290202617645264e+02
1.622966015338897705e+02
1.642043392658233643e+02
1.661464142799377441e+02
1.680471842288970947e+02
1.698975446224212646e+02
1.717660620212554932e+02
1.737578237056732178e+02
1.756215987205505371e+02
1.774909038543701172e+02
1.793511006832122803e+02
1.812404730319976807e+02
1.831047413349151611e+02
1.849663982391357422e+02
1.868411948680877686e+02
1.887099566459655762e+02
1.905763683319091797e+02
1.925032360553741455e+02
1.943967635631561279e+02
1.962762966156005859e+02
1.981515166759490967e+02
2.000269005298614502e+02
2.019696996212005615e+02
2.038315243721008301e+02
2.057106890678405762e+02
2.075981805324554443e+02
2.095970146656036377e+02
2.114897341728210449e+02
2.134491131305694580e+02
2.153227431774139404e+02
2.172265303134918213e+02
2.191322703361511230e+02
2.209978504180908203e+02
2.229835841655731201e+02
2.248701014518737793e+02
2.267446637153625488e+02
2.286370697021484375e+02
2.304887168407440186e+02
2.323597970008850098e+02
2.342284722328186035e+02
2.361015155315399170e+02
2.379735276699066162e+02
2.398576731681823730e+02
2.417379307746887207e+02
2.436314473152160645e+02
2.455462002754211426e+02
2.474908850193023682e+02
2.493606371879577637e+02
2.512340605258941650e+02
2.531089348793029785e+02
2.550559823513031006e+02
2.569445316791534424e+02
2.588643376827239990e+02
2.607354803085327148e+02
2.626152186393737793e+02
2.644851422309875488e+02
2.663878078460693359e+02
2.683035652637481689e+02
2.702337288856506348e+02
2.721085646152496338e+02
2.739929347038269043e+02
2.758641262054443359e+02
2.778324880599975586e+02
2.797276642322540283e+02
2.816273982524871826e+02
2.835049536228179932e+02
2.854259905815124512e+02
2.872889389991760254e+02
2.891704382896423340e+02
2.910671696662902832e+02
2.929888706207275391e+02
2.948529233932495117e+02
2.967561197280883789e+02
2.986739487648010254e+02
3.006539189815521240e+02
3.025259251594543457e+02
3.044111790657043457e+02
3.063819322586059570e+02
3.083221721649169922e+02
3.101940295696258545e+02
3.120581665039062500e+02
3.139701106548309326e+02
3.158965175151824951e+02
3.177850670814514160e+02
3.198741481304168701e+02
3.217309014797210693e+02
3.236177535057067871e+02
3.255665607452392578e+02
3.274451949596405029e+02
3.293854024410247803e+02
3.314555373191833496e+02
3.333230664730072021e+02
3.352421178817749023e+02
3.371097116470336914e+02
3.390956392288208008e+02
3.410022869110107422e+02
3.429891867637634277e+02
3.449023983478546143e+02
3.469109196662902832e+02
3.488220400810241699e+02
3.507121491432189941e+02
3.526056382656097412e+02
3.545427908897399902e+02
3.564798331260681152e+02
3.583842461109161377e+02
3.602588510513305664e+02
3.621345913410186768e+02
3.640261626243591309e+02
3.660035960674285889e+02
3.679170520305633545e+02
3.698418254852294922e+02
3.717470431327819824e+02
3.736422040462493896e+02
3.755195755958557129e+02
3.774468336105346680e+02
3.793464925289154053e+02
