2.103832721710205078e+00
3.980440139770507812e+00
5.869010686874389648e+00
7.741650342941284180e+00
9.683085203170776367e+00
1.158161020278930664e+01
1.349497938156127930e+01
1.538147497177124023e+01
1.729519748687744141e+01
1.918181109428405762e+01
2.113760781288146973e+01
2.311281108856201172e+01
2.509643077850341797e+01
2.698115324974060059e+01
2.893079733848571777e+01
3.084073472023010254e+01
3.283352184295654297e+01
3.480143213272094727e+01
3.671967005729675293e+01
3.863660955429077148e+01
4.055630683898925781e+01
4.246969962120056152e+01
4.437929606437683105e+01
4.633382916450500488e+01
4.824439096450805664e+01
5.014902591705322266e+01
5.206878113746643066e+01
5.401051449775695801e+01
5.598693037033081055e+01
5.794421911239624023e+01
5.990032649040222168e+01
6.179588770866394043e+01
6.371299719810485840e+01
6.561290287971496582e+01
6.755044960975646973e+01
6.951183700561523438e+01
7.148747920989990234e+01
7.340707302093505859e+01
7.532809090614318848e+01
7.725157904624938965e+01
7.914719390869140625e+01
8.106244897842407227e+01
8.298577117919921875e+01
8.491149210929870605e+01
8.683822441101074219e+01
8.874589395523071289e+01
9.063853335380554199e+01
9.255640578269958496e+01
9.447972655296325684e+01
9.641387867927551270e+01
9.833860802650451660e+01
1.003014740943908691e+02
1.023827774524688721e+02
1.043206615447998047e+02
1.062204596996307373e+02
1.082386384010314941e+02
1.101574006080627441e+02
1.120682170391082764e+02
1.140102818012237549e+02
1.160256628990173340e+02
1.179860055446624756e+02
1.199265673160552979e+02
1.218489050865173340e+02
1.237535233497619629e+02
1.256869280338287354e+02
1.275814156532287598e+02
1.295017096996307373e+02
1.314168508052825928e+02
1.333706781864166260e+02
1.352972302436828613e+02
1.372334408760070801e+02
1.391922605037689209e+02
1.411194591522216797e+02
1.430183894634246826e+02
1.449526507854461670e+02
1.468810670375823975e+02
1.487899148464202881e+02
1.507241625785827637e+02
1.526165750026702881e+02
1.545412502288818359e+02
1.564675505161285400e+02
1.584206080436706543e+02
1.604225733280181885e+02
1.623922424316406250e+02
1.643393373489379883e+02
1.662658903598785400e+02
1.682583813667297363e+02
1.701771798133850098e+02
1.721027922630310059e+02
1.740634810924530029e+02
1.760134797096252441e+02
1.779491732120513916e+02
1.798502357006072998e+02
1.817783522605895996e+02
1.836969838142395020e+02
1.856728610992431641e+02
1.876315610408782959e+02
1.895638833045959473e+02
1.915054829120635986e+02
1.934544999599456787e+02
1.955051944255828857e+02
1.974680104255676270e+02
1.994174082279205322e+02
2.013983511924743652e+02
2.033228588104248047e+02
2.053223462104797363e+02
2.072464098930358887e+02
2.091685261726379395e+02
2.111154398918151855e+02
2.130422434806823730e+02
2.149792900085449219e+02
2.169944198131561279e+02
2.189334018230438232e+02
2.208782086372375488e+02
2.227945020198822021e+02
2.247158219814300537e+02
2.266495571136474609e+02
2.286004393100738525e+02
2.305390584468841553e+02
2.324588387012481689e+02
2.344376239776611328e+02
2.365355308055877686e+02
2.384738655090332031e+02
2.404214122295379639e+02
2.423780148029327393e+02
2.443789174556732178e+02
2.463215374946594238e+02
2.482679746150970459e+02
2.502237558364868164e+02
2.521713440418243408e+02
2.541356289386749268e+02
2.560715444087982178e+02
2.580142209529876709e+02
2.599629354476928711e+02
2.618865544795989990e+02
2.639214165210723877e+02
2.658505170345306396e+02
2.678263275623321533e+02
2.697780091762542725e+02
2.716966707706451416e+02
2.736405661106109619e+02
2.755543773174285889e+02
2.774741904735565186e+02
2.794136455059051514e+02
2.813530473709106445e+02
2.832931425571441650e+02
2.852632207870483398e+02
2.871992664337158203e+02
2.891914508342742920e+02
2.911258220672607422e+02
2.930726342201232910e+02
2.950125405788421631e+02
2.969551200866699219e+02
2.988870840072631836e+02
3.008250560760498047e+02
3.027643308639526367e+02
3.047544496059417725e+02
3.067016937732696533e+02
3.086351644992828369e+02
3.105613117218017578e+02
3.125513029098510742e+02
3.144770250320434570e+02
3.164468214511871338e+02
3.184216749668121338e+02
3.205211503505706787e+02
3.224400792121887207e+02
3.243990304470062256e+02
3.263348300457000732e+02
3.282883589267730713e+02
3.302642688751220703e+02
3.322138590812683105e+02
3.341435499191284180e+02
3.360921154022216797e+02
3.380722448825836182e+02
3.400370717048645020e+02
3.420035018920898438e+02
3.439443302154541016e+02
3.459072101116180420e+02
3.478491542339324951e+02
3.498320577144622803e+02
3.518002676963806152e+02
3.537604818344116211e+02
3.557383010387420654e+02
3.577221238613128662e+02
3.596897189617156982e+02
3.616853425502777100e+02
3.636560976505279541e+02
3.656084234714508057e+02
3.675459442138671875e+02
3.694799098968505859e+02
3.714356319904327393e+02
3.733943893909454346e+02
3.753832230567932129e+02
3.773578264713287354e+02
3.793460674285888672e+02
3.813078536987304688e+02
3.832644822597503662e+02
3.852101509571075439e+02
3.871669523715972900e+02
3.890955917835235596e+02
