1.219512149691581726e-02
7.317073177546262741e-03
2.682926878333091736e-02
9.756097570061683655e-03
1.219512149691581726e-02
1.463414542376995087e-02
1.951219514012336731e-02
1.951219514012336731e-02
1.463414635509252548e-02
1.219512149691581726e-02
2.195121906697750092e-02
1.951219327747821808e-02
7.317073177546262741e-03
9.756097570061683655e-03
9.756097570061683655e-03
2.682926878333091736e-02
3.414634242653846741e-02
7.317073177546262741e-03
1.707316935062408447e-02
1.951219514012336731e-02
9.756097570061683655e-03
2.926829271018505096e-02
1.219512149691581726e-02
1.219512149691581726e-02
3.414634242653846741e-02
7.317073177546262741e-03
1.951219327747821808e-02
1.463414542376995087e-02
2.195121720433235168e-02
2.195122092962265015e-02
1.707316935062408447e-02
1.219512149691581726e-02
1.219512149691581726e-02
1.951219327747821808e-02
4.878048785030841827e-03
2.195122092962265015e-02
1.951219514012336731e-02
1.219512149691581726e-02
1.951219514012336731e-02
3.902439028024673462e-02
2.439024485647678375e-02
7.317073177546262741e-03
9.756097570061683655e-03
2.439024299383163452e-02
9.756097570061683655e-03
2.195121906697750092e-02
1.951219514012336731e-02
1.219512149691581726e-02
1.219512149691581726e-02
1.951219514012336731e-02
1.951219514012336731e-02
1.707316935062408447e-02
1.707316935062408447e-02
1.463414542376995087e-02
1.951219327747821808e-02
2.926829271018505096e-02
9.756097570061683655e-03
1.707316935062408447e-02
1.219512149691581726e-02
1.707316935062408447e-02
2.439024113118648529e-02
2.439024299383163452e-02
1.463414542376995087e-02
1.463414542376995087e-02
1.707317121326923370e-02
1.707316935062408447e-02
1.707316935062408447e-02
2.926828898489475250e-02
2.195121720433235168e-02
1.219512149691581726e-02
1.219512149691581726e-02
1.219512149691581726e-02
1.463414635509252548e-02
2.439024485647678375e-02
2.926829271018505096e-02
1.463414542376995087e-02
1.951219327747821808e-02
1.707316935062408447e-02
1.463414542376995087e-02
7.317073177546262741e-03
2.439024299383163452e-02
1.219512149691581726e-02
1.707317121326923370e-02
1.951219514012336731e-02
1.951219514012336731e-02
2.439024299383163452e-02
2.926829084753990173e-02
1.463414542376995087e-02
2.439024485647678375e-02
2.926829084753990173e-02
1.707316935062408447e-02
3.902439028024673462e-02
1.707316935062408447e-02
3.414634242653846741e-02
1.951219327747821808e-02
2.926829084753990173e-02
3.658536449074745178e-02
2.439024299383163452e-02
2.439024299383163452e-02
2.682926878333091736e-02
3.414633870124816895e-02
2.682926878333091736e-02
3.902439028024673462e-02
4.390244185924530029e-02
3.170731663703918457e-02
3.902439028024673462e-02
3.170731291174888611e-02
5.609756708145141602e-02
6.097561120986938477e-02
4.146341606974601746e-02
6.341463327407836914e-02
5.365853756666183472e-02
5.853658169507980347e-02
7.804878056049346924e-02
7.804878056049346924e-02
7.804878056049346924e-02
7.804877310991287231e-02
5.609755963087081909e-02
8.780487626791000366e-02
8.780487626791000366e-02
9.268292784690856934e-02
6.341463327407836914e-02
8.292682468891143799e-02
8.292682468891143799e-02
8.048780262470245361e-02
1.219512224197387695e-01
7.804878056049346924e-02
1.097561046481132507e-01
1.024390235543251038e-01
9.512194246053695679e-02
1.024390161037445068e-01
9.999999403953552246e-02
1.146341413259506226e-01
1.170731633901596069e-01
1.414634138345718384e-01
1.560975611209869385e-01
1.243902370333671570e-01
1.219512224197387695e-01
1.268292665481567383e-01
1.317073255777359009e-01
1.463414579629898071e-01
1.487804800271987915e-01
1.390243917703628540e-01
1.585365831851959229e-01
1.414634138345718384e-01
1.463414579629898071e-01
1.634146273136138916e-01
1.853658556938171387e-01
1.707317084074020386e-01
1.707316935062408447e-01
1.585365831851959229e-01
1.731707304716110229e-01
1.926829367876052856e-01
2.170731723308563232e-01
1.902438998222351074e-01
1.634146273136138916e-01
2.024390101432800293e-01
1.634146422147750854e-01
1.975609511137008667e-01
2.121951282024383545e-01
2.073170691728591919e-01
2.243902385234832764e-01
2.365853488445281982e-01
2.243902385234832764e-01
2.585365772247314453e-01
2.268292754888534546e-01
2.219512164592742920e-01
2.414634078741073608e-01
2.682926654815673828e-01
2.219512015581130981e-01
2.609755992889404297e-01
2.219512015581130981e-01
2.365853786468505859e-01
2.512195110321044922e-01
2.585365772247314453e-01
2.634146213531494141e-01
2.585365772247314453e-01
2.853658497333526611e-01
2.804878056049346924e-01
3.073170781135559082e-01
2.780488133430480957e-01
2.634146213531494141e-01
2.585365772247314453e-01
2.853658795356750488e-01
2.902438938617706299e-01
2.878048717975616455e-01
3.073170483112335205e-01
3.073170781135559082e-01
2.902438938617706299e-01
2.951219677925109863e-01
2.585365772247314453e-01
3.219512104988098145e-01
2.829268276691436768e-01
2.902438938617706299e-01
3.365853726863861084e-01
3.048780560493469238e-01
3.463414311408996582e-01
2.878048717975616455e-01
2.878048717975616455e-01
3.292682766914367676e-01
