2.439024299383163452e-02
1.707316935062408447e-02
1.463414635509252548e-02
2.195121906697750092e-02
1.463414542376995087e-02
1.219512149691581726e-02
2.439024299383163452e-02
1.463414542376995087e-02
1.707316935062408447e-02
4.878048785030841827e-03
9.756097570061683655e-03
1.951219514012336731e-02
1.219512149691581726e-02
7.317073177546262741e-03
2.439024299383163452e-02
4.146341606974601746e-02
1.707316935062408447e-02
1.707317121326923370e-02
2.195121720433235168e-02
2.195122092962265015e-02
1.219512149691581726e-02
1.951219514012336731e-02
9.756097570061683655e-03
1.219512149691581726e-02
9.756097570061683655e-03
1.707316935062408447e-02
1.951219514012336731e-02
7.317073177546262741e-03
1.463414635509252548e-02
3.170731663703918457e-02
2.195121720433235168e-02
1.463414542376995087e-02
2.682926692068576813e-02
3.170731663703918457e-02
1.951219514012336731e-02
9.756097570061683655e-03
1.951219514012336731e-02
3.658536449074745178e-02
1.219512149691581726e-02
1.951219514012336731e-02
1.951219514012336731e-02
1.463414635509252548e-02
1.707316935062408447e-02
2.195121720433235168e-02
1.219512149691581726e-02
9.756097570061683655e-03
1.219512149691581726e-02
2.439024299383163452e-02
3.170731663703918457e-02
3.414633870124816895e-02
2.926829084753990173e-02
3.170731663703918457e-02
2.195121906697750092e-02
3.658536449074745178e-02
3.414634242653846741e-02
2.926829084753990173e-02
3.414633870124816895e-02
4.146341606974601746e-02
2.195121720433235168e-02
2.682926505804061890e-02
3.902439028024673462e-02
5.121951177716255188e-02
5.365854129195213318e-02
3.414633870124816895e-02
6.097560748457908630e-02
5.121951177716255188e-02
4.390243813395500183e-02
4.634146392345428467e-02
4.878048598766326904e-02
5.365853756666183472e-02
7.804878056049346924e-02
6.097561120986938477e-02
7.073169946670532227e-02
8.048780262470245361e-02
7.317072898149490356e-02
5.853658542037010193e-02
7.317072898149490356e-02
6.341464072465896606e-02
7.317073643207550049e-02
6.829267740249633789e-02
8.048779517412185669e-02
6.341463327407836914e-02
9.268292039632797241e-02
8.536584675312042236e-02
9.512194991111755371e-02
9.268292784690856934e-02
1.000000089406967163e-01
1.024390310049057007e-01
1.121951267123222351e-01
1.121951192617416382e-01
1.097560971975326538e-01
1.317073106765747070e-01
1.121951192617416382e-01
1.317073106765747070e-01
1.365853697061538696e-01
1.390243917703628540e-01
1.317073106765747070e-01
1.439024358987808228e-01
1.463414579629898071e-01
1.073170825839042664e-01
1.292682886123657227e-01
1.634146124124526978e-01
1.682926863431930542e-01
1.439024358987808228e-01
1.853658407926559448e-01
1.707317084074020386e-01
1.536585390567779541e-01
1.585365682840347290e-01
1.658536642789840698e-01
1.829268187284469604e-01
1.707316935062408447e-01
1.609755903482437134e-01
2.000000029802322388e-01
1.682926714420318604e-01
1.829268187284469604e-01
1.878048777580261230e-01
1.902438998222351074e-01
2.097561061382293701e-01
2.170731723308563232e-01
1.999999880790710449e-01
1.658536493778228760e-01
2.073170691728591919e-01
2.219512462615966797e-01
2.439024597406387329e-01
1.951219290494918823e-01
2.317073196172714233e-01
1.975609660148620605e-01
2.243902385234832764e-01
2.146341502666473389e-01
2.146341502666473389e-01
2.365853488445281982e-01
2.073170840740203857e-01
2.439024448394775391e-01
2.146341502666473389e-01
2.195121943950653076e-01
2.756097614765167236e-01
2.560975849628448486e-01
2.463414669036865234e-01
2.219512164592742920e-01
2.317073196172714233e-01
2.414634227752685547e-01
2.902438938617706299e-01
2.439024597406387329e-01
2.780488133430480957e-01
2.268292605876922607e-01
2.585365772247314453e-01
3.048780560493469238e-01
2.560975551605224609e-01
2.487804740667343140e-01
2.512195110321044922e-01
2.780487835407257080e-01
2.707317173480987549e-01
2.804877758026123047e-01
2.780487835407257080e-01
3.195121884346008301e-01
3.219512104988098145e-01
2.682926654815673828e-01
2.829268276691436768e-01
3.097560703754425049e-01
3.097561001777648926e-01
3.024390041828155518e-01
2.804878056049346924e-01
3.146341443061828613e-01
2.804878354072570801e-01
3.219512104988098145e-01
3.268292844295501709e-01
3.390243947505950928e-01
3.146341443061828613e-01
2.951219379901885986e-01
3.243902325630187988e-01
3.365853726863861084e-01
3.292682766914367676e-01
3.512195050716400146e-01
3.097560703754425049e-01
3.170731961727142334e-01
3.658536374568939209e-01
3.341463208198547363e-01
3.536584973335266113e-01
3.536585569381713867e-01
3.390243947505950928e-01
3.609756231307983398e-01
3.170731663703918457e-01
3.634146451950073242e-01
3.121950924396514893e-01
3.341463506221771240e-01
3.463414609432220459e-01
3.707317113876342773e-01
3.609755933284759521e-01
3.902438879013061523e-01
3.853658437728881836e-01
3.756097257137298584e-01
3.658536374568939209e-01
3.926829397678375244e-01
3.365853428840637207e-01
3.634146153926849365e-01
3.536585569381713867e-01
3.634146451950073242e-01
3.999999761581420898e-01
3.292682766914367676e-01
3.804878592491149902e-01
