1.707316935062408447e-02
7.317073177546262741e-03
1.951219514012336731e-02
9.756097570061683655e-03
1.219512149691581726e-02
9.756097570061683655e-03
1.707317121326923370e-02
1.707316935062408447e-02
2.439024113118648529e-02
2.682926878333091736e-02
9.756097570061683655e-03
1.219512149691581726e-02
2.439024299383163452e-02
2.682926878333091736e-02
2.439024299383163452e-02
1.707316935062408447e-02
3.170731663703918457e-02
7.317073177546262741e-03
1.951219514012336731e-02
2.682926692068576813e-02
2.195121906697750092e-02
1.219512149691581726e-02
2.439024299383163452e-02
2.439024299383163452e-02
1.463414542376995087e-02
2.195121906697750092e-02
1.219512149691581726e-02
2.682926878333091736e-02
1.951219514012336731e-02
2.926829271018505096e-02
2.926829084753990173e-02
1.463414635509252548e-02
9.756097570061683655e-03
3.170731663703918457e-02
1.951219514012336731e-02
2.926829084753990173e-02
7.317073177546262741e-03
2.682926878333091736e-02
1.951219514012336731e-02
2.439024299383163452e-02
1.707316935062408447e-02
1.707317121326923370e-02
2.682926878333091736e-02
4.390243440866470337e-02
1.463414542376995087e-02
2.682926692068576813e-02
2.439024299383163452e-02
2.682926878333091736e-02
3.658536821603775024e-02
4.146341606974601746e-02
2.682926505804061890e-02
2.195121906697750092e-02
4.390243813395500183e-02
4.634146392345428467e-02
6.097560375928878784e-02
3.902439028024673462e-02
5.609756335616111755e-02
5.121951550245285034e-02
5.853658542037010193e-02
5.853658169507980347e-02
6.341463327407836914e-02
5.609755963087081909e-02
4.390243813395500183e-02
6.829268485307693481e-02
6.341463327407836914e-02
5.853658542037010193e-02
7.317072898149490356e-02
7.073169946670532227e-02
7.317072898149490356e-02
8.292682468891143799e-02
8.292682468891143799e-02
7.804878056049346924e-02
6.341463327407836914e-02
9.024389088153839111e-02
8.048780262470245361e-02
9.756097197532653809e-02
9.512194991111755371e-02
1.024390235543251038e-01
9.024390578269958496e-02
1.146341562271118164e-01
1.024390235543251038e-01
1.097560897469520569e-01
1.048780381679534912e-01
1.390243917703628540e-01
1.317073106765747070e-01
1.268292665481567383e-01
1.195121929049491882e-01
1.146341413259506226e-01
1.317073255777359009e-01
1.682926714420318604e-01
1.268292665481567383e-01
1.170731633901596069e-01
1.731707304716110229e-01
1.365853548049926758e-01
1.487804949283599854e-01
1.609755754470825195e-01
1.585365831851959229e-01
2.073170840740203857e-01
1.585365831851959229e-01
1.756097674369812012e-01
1.487804800271987915e-01
1.731707155704498291e-01
1.756097525358200073e-01
1.926829218864440918e-01
1.999999880790710449e-01
2.073170542716979980e-01
1.829268187284469604e-01
2.048780471086502075e-01
1.926829069852828979e-01
2.195121943950653076e-01
1.878048777580261230e-01
2.048780471086502075e-01
2.292682826519012451e-01
2.195121943950653076e-01
2.097560912370681763e-01
2.317073047161102295e-01
2.317073196172714233e-01
2.560975551605224609e-01
2.463414520025253296e-01
2.512195110321044922e-01
2.219512164592742920e-01
2.341463565826416016e-01
2.390243858098983765e-01
2.682926952838897705e-01
2.439024299383163452e-01
2.365853488445281982e-01
2.853658497333526611e-01
2.756097614765167236e-01
2.560975551605224609e-01
2.512195110321044922e-01
2.487804889678955078e-01
2.390244007110595703e-01
2.731707096099853516e-01
2.243902385234832764e-01
2.780487537384033203e-01
2.756097316741943359e-01
2.609755992889404297e-01
2.804878056049346924e-01
2.658536434173583984e-01
2.634146213531494141e-01
2.853658497333526611e-01
2.463414669036865234e-01
3.243902623653411865e-01
2.975609600543975830e-01
3.073170781135559082e-01
3.048780560493469238e-01
2.951219379901885986e-01
3.365853726863861084e-01
3.024390339851379395e-01
2.902438938617706299e-01
3.121951222419738770e-01
3.341463208198547363e-01
3.243902623653411865e-01
3.195122182369232178e-01
3.365853428840637207e-01
3.048780262470245361e-01
2.975609898567199707e-01
3.268292546272277832e-01
3.390244245529174805e-01
3.170731663703918457e-01
3.048780560493469238e-01
2.951219379901885986e-01
3.439024388790130615e-01
3.487804830074310303e-01
3.414634168148040771e-01
3.219512403011322021e-01
3.243902325630187988e-01
3.487804830074310303e-01
3.390243947505950928e-01
3.390243947505950928e-01
3.560975492000579834e-01
3.707317113876342773e-01
3.170731663703918457e-01
3.219512104988098145e-01
3.487804830074310303e-01
3.780487775802612305e-01
3.975609540939331055e-01
3.268292546272277832e-01
3.634146153926849365e-01
3.219512104988098145e-01
3.560975492000579834e-01
3.487804830074310303e-01
3.536585271358489990e-01
3.853658735752105713e-01
3.658536672592163086e-01
3.731707334518432617e-01
3.414634168148040771e-01
3.780487775802612305e-01
3.585366010665893555e-01
3.853658437728881836e-01
3.439024388790130615e-01
3.512195050716400146e-01
3.292682766914367676e-01
3.853658437728881836e-01
3.560975492000579834e-01
4.048780500888824463e-01
3.829268515110015869e-01
3.512195050716400146e-01
4.000000059604644775e-01
4.000000059604644775e-01
