1.219512149691581726e-02
4.878048785030841827e-03
9.756097570061683655e-03
1.707317121326923370e-02
1.219512149691581726e-02
1.219512149691581726e-02
2.439024392515420914e-03
1.951219514012336731e-02
1.951219327747821808e-02
2.195121906697750092e-02
1.219512149691581726e-02
1.219512149691581726e-02
1.463414542376995087e-02
2.682926692068576813e-02
2.439024392515420914e-03
2.439024299383163452e-02
2.926829084753990173e-02
1.951219514012336731e-02
1.463414635509252548e-02
1.463414542376995087e-02
1.463414635509252548e-02
1.219512149691581726e-02
1.951219514012336731e-02
2.195121906697750092e-02
1.463414635509252548e-02
1.951219327747821808e-02
7.317073177546262741e-03
1.219512149691581726e-02
1.707316935062408447e-02
1.463414635509252548e-02
1.707316935062408447e-02
1.463414635509252548e-02
1.219512149691581726e-02
1.951219514012336731e-02
9.756097570061683655e-03
1.951219327747821808e-02
2.195121906697750092e-02
1.707317121326923370e-02
4.878048785030841827e-03
7.317073177546262741e-03
1.463414542376995087e-02
1.707317121326923370e-02
1.463414635509252548e-02
1.219512149691581726e-02
1.463414542376995087e-02
2.926829084753990173e-02
9.756097570061683655e-03
9.756097570061683655e-03
2.439024299383163452e-02
2.439024299383163452e-02
2.439024299383163452e-02
1.951219327747821808e-02
2.439024299383163452e-02
3.170731663703918457e-02
1.707316935062408447e-02
1.951219327747821808e-02
2.682926692068576813e-02
1.219512149691581726e-02
1.707316935062408447e-02
3.170731663703918457e-02
2.195121906697750092e-02
2.926829457283020020e-02
3.902439028024673462e-02
3.658536449074745178e-02
3.902439028024673462e-02
3.902438655495643616e-02
3.170731663703918457e-02
4.146341606974601746e-02
4.634146764874458313e-02
4.878048598766326904e-02
4.634146019816398621e-02
4.878048598766326904e-02
2.926829271018505096e-02
5.365853756666183472e-02
3.902438655495643616e-02
4.390244185924530029e-02
3.658536821603775024e-02
5.365853756666183472e-02
5.121951177716255188e-02
6.829267740249633789e-02
7.560975849628448486e-02
6.097560748457908630e-02
5.365853756666183472e-02
6.097561120986938477e-02
6.829267740249633789e-02
8.048780262470245361e-02
6.829267740249633789e-02
7.317073643207550049e-02
7.560975104570388794e-02
9.024389833211898804e-02
9.512194991111755371e-02
8.292683213949203491e-02
7.560975104570388794e-02
8.292682468891143799e-02
1.048780530691146851e-01
9.024389833211898804e-02
1.243902519345283508e-01
9.999999403953552246e-02
1.341463476419448853e-01
9.756097197532653809e-02
1.390243768692016602e-01
1.097560971975326538e-01
1.268292665481567383e-01
1.341463327407836914e-01
1.268292665481567383e-01
1.048780456185340881e-01
1.609756201505661011e-01
1.560975611209869385e-01
1.512195020914077759e-01
1.634146273136138916e-01
1.731707155704498291e-01
1.512195169925689697e-01
1.658536642789840698e-01
1.658536642789840698e-01
1.585365831851959229e-01
1.804877966642379761e-01
1.560975611209869385e-01
1.731707155704498291e-01
1.853658556938171387e-01
2.024390250444412231e-01
1.999999880790710449e-01
1.926829218864440918e-01
2.195121794939041138e-01
1.975609809160232544e-01
2.219512164592742920e-01
1.829268187284469604e-01
2.146341502666473389e-01
2.170731425285339355e-01
2.292682826519012451e-01
1.999999880790710449e-01
2.341463565826416016e-01
2.073170840740203857e-01
2.463414520025253296e-01
2.268292605876922607e-01
2.439024448394775391e-01
2.317073047161102295e-01
2.512195110321044922e-01
2.390244007110595703e-01
2.731707394123077393e-01
2.390243858098983765e-01
2.487804591655731201e-01
2.707316875457763672e-01
2.243902385234832764e-01
2.512195110321044922e-01
2.634146213531494141e-01
2.634146213531494141e-01
2.585365772247314453e-01
2.682926952838897705e-01
3.195121884346008301e-01
2.707316875457763672e-01
2.853658795356750488e-01
3.024390041828155518e-01
2.951219081878662109e-01
2.853658199310302734e-01
2.731707096099853516e-01
2.731707096099853516e-01
2.585365772247314453e-01
2.829268276691436768e-01
3.219512104988098145e-01
2.975609600543975830e-01
3.268292546272277832e-01
3.487805128097534180e-01
2.853658497333526611e-01
3.463414609432220459e-01
2.878048717975616455e-01
3.317072987556457520e-01
2.951219379901885986e-01
2.756097316741943359e-01
2.926829159259796143e-01
3.536585569381713867e-01
3.024390041828155518e-01
3.341463804244995117e-01
3.390244245529174805e-01
3.170731663703918457e-01
3.170731663703918457e-01
3.512195050716400146e-01
3.097561001777648926e-01
3.317072987556457520e-01
3.609755933284759521e-01
2.951219379901885986e-01
3.390243947505950928e-01
3.317073285579681396e-01
3.536585271358489990e-01
3.463414609432220459e-01
3.512195348739624023e-01
3.341463506221771240e-01
3.829268217086791992e-01
3.487805128097534180e-01
3.414634466171264648e-01
3.926829397678375244e-01
3.487804830074310303e-01
3.853658437728881836e-01
3.634146153926849365e-01
3.536585271358489990e-01
3.463414311408996582e-01
3.658536672592163086e-01
4.048780500888824463e-01
3.902439177036285400e-01
4.121951162815093994e-01
3.731707334518432617e-01
