2.160072803497314453e+00
4.054333209991455078e+00
5.941660404205322266e+00
7.851112365722656250e+00
9.705431222915649414e+00
1.159877705574035645e+01
1.343346238136291504e+01
1.531583762168884277e+01
1.724521350860595703e+01
1.915557169914245605e+01
2.109712052345275879e+01
2.295243954658508301e+01
2.480476927757263184e+01
2.670407772064208984e+01
2.858841896057128906e+01
3.048976969718933105e+01
3.238811922073364258e+01
3.423647069931030273e+01
3.611230134963989258e+01
3.797263765335083008e+01
3.988626885414123535e+01
4.175832986831665039e+01
4.363253283500671387e+01
4.551385712623596191e+01
4.754516482353210449e+01
4.939866828918457031e+01
5.125983119010925293e+01
5.310815882682800293e+01
5.501650118827819824e+01
5.690129566192626953e+01
5.877934789657592773e+01
6.100192809104919434e+01
6.309351921081542969e+01
6.503023910522460938e+01
6.712258958816528320e+01
6.927009820938110352e+01
7.156087493896484375e+01
7.374858522415161133e+01
7.600945830345153809e+01
7.826959562301635742e+01
8.062977528572082520e+01
8.297558474540710449e+01
8.532474565505981445e+01
8.758539772033691406e+01
8.998671030998229980e+01
9.229935407638549805e+01
9.472890090942382812e+01
9.707424497604370117e+01
9.931083559989929199e+01
1.017269902229309082e+02
1.040779824256896973e+02
1.064596385955810547e+02
1.087522020339965820e+02
1.110526554584503174e+02
1.133512899875640869e+02
1.157353663444519043e+02
1.180863153934478760e+02
1.204059526920318604e+02
1.226411101818084717e+02
1.250833458900451660e+02
1.273619663715362549e+02
1.296245105266571045e+02
1.319000353813171387e+02
1.342155828475952148e+02
1.365262396335601807e+02
1.388892085552215576e+02
1.412281417846679688e+02
1.435654923915863037e+02
1.459586200714111328e+02
1.483624908924102783e+02
1.507349424362182617e+02
1.531533479690551758e+02
1.556283876895904541e+02
1.580862684249877930e+02
1.605597062110900879e+02
1.629798457622528076e+02
1.653934137821197510e+02
1.677477374076843262e+02
1.701563055515289307e+02
1.725756247043609619e+02
1.749448230266571045e+02
1.773309972286224365e+02
1.797537689208984375e+02
1.821367356777191162e+02
1.845835754871368408e+02
1.869642987251281738e+02
1.893449914455413818e+02
1.917775588035583496e+02
1.941789727210998535e+02
1.965811967849731445e+02
1.990359935760498047e+02
2.015564110279083252e+02
2.039972803592681885e+02
2.063898794651031494e+02
2.088080639839172363e+02
2.112614147663116455e+02
2.136924483776092529e+02
2.161581850051879883e+02
2.185345621109008789e+02
2.210369150638580322e+02
2.234502015113830566e+02
2.258666503429412842e+02
2.282648949623107910e+02
2.306396005153656006e+02
2.330305793285369873e+02
2.354563686847686768e+02
2.379330468177795410e+02
2.404183061122894287e+02
2.428653488159179688e+02
2.453872339725494385e+02
2.478985257148742676e+02
2.503014774322509766e+02
2.527231144905090332e+02
2.551134521961212158e+02
2.575382859706878662e+02
2.599570059776306152e+02
2.625688636302947998e+02
2.650042858123779297e+02
2.674463162422180176e+02
2.698400177955627441e+02
2.722925984859466553e+02
2.746900467872619629e+02
2.771175143718719482e+02
2.795075259208679199e+02
2.819150826930999756e+02
2.844005272388458252e+02
2.868491051197052002e+02
2.892569291591644287e+02
2.916229012012481689e+02
2.941247849464416504e+02
2.966285827159881592e+02
2.990977289676666260e+02
3.015235199928283691e+02
3.039395260810852051e+02
3.064172513484954834e+02
3.088598873615264893e+02
3.113177909851074219e+02
3.136694033145904541e+02
3.161297154426574707e+02
3.185117139816284180e+02
3.209472634792327881e+02
3.233700580596923828e+02
3.259209399223327637e+02
3.283459885120391846e+02
3.307402055263519287e+02
3.332642102241516113e+02
3.356647889614105225e+02
3.381706168651580811e+02
3.407030827999114990e+02
3.430750432014465332e+02
3.455170297622680664e+02
3.483431267738342285e+02
3.508602805137634277e+02
3.533590924739837646e+02
3.558078331947326660e+02
3.583167407512664795e+02
3.607447021007537842e+02
3.632318272590637207e+02
3.656568036079406738e+02
3.681058878898620605e+02
3.704604969024658203e+02
3.729523677825927734e+02
3.754009876251220703e+02
3.778337182998657227e+02
3.802700815200805664e+02
3.826827971935272217e+02
3.850853896141052246e+02
3.875025136470794678e+02
3.899415903091430664e+02
3.923889124393463135e+02
3.948771047592163086e+02
3.973827595710754395e+02
3.998157100677490234e+02
4.023085114955902100e+02
4.047055692672729492e+02
4.071543772220611572e+02
4.096319019794464111e+02
4.120343461036682129e+02
4.144257292747497559e+02
4.168799698352813721e+02
4.193108477592468262e+02
4.217814004421234131e+02
4.242903110980987549e+02
4.266875195503234863e+02
4.291214604377746582e+02
4.315913798809051514e+02
4.340146481990814209e+02
4.364824185371398926e+02
4.389352333545684814e+02
4.413541765213012695e+02
4.437628891468048096e+02
4.463195738792419434e+02
4.487318475246429443e+02
4.510961029529571533e+02
4.535697979927062988e+02
4.560583271980285645e+02
4.585233991146087646e+02
4.609660127162933350e+02
4.633829691410064697e+02
4.658232324123382568e+02
