3.039155483245849609e+00
5.692042350769042969e+00
8.212835073471069336e+00
1.078267669677734375e+01
1.343955087661743164e+01
1.602939248085021973e+01
1.869728899002075195e+01
2.143523597717285156e+01
2.413915824890136719e+01
2.670898556709289551e+01
2.928381776809692383e+01
3.185764646530151367e+01
3.451753711700439453e+01
3.705834817886352539e+01
3.958414006233215332e+01
4.215596866607666016e+01
4.476182103157043457e+01
4.726560163497924805e+01
4.974836659431457520e+01
5.233020257949829102e+01
5.493205475807189941e+01
5.758193683624267578e+01
6.017377972602844238e+01
6.277162671089172363e+01
6.542951679229736328e+01
6.805838561058044434e+01
7.063721871376037598e+01
7.323506784439086914e+01
7.586294865608215332e+01
7.863890933990478516e+01
8.118471860885620117e+01
8.379659128189086914e+01
8.647948312759399414e+01
8.896725201606750488e+01
9.165516328811645508e+01
9.427003812789916992e+01
9.684385275840759277e+01
9.950774598121643066e+01
1.021436207294464111e+02
1.047564780712127686e+02
1.073563270568847656e+02
1.099841954708099365e+02
1.125630297660827637e+02
1.151058366298675537e+02
1.176566510200500488e+02
1.202755141258239746e+02
1.229494132995605469e+02
1.254752092361450195e+02
1.281471095085144043e+02
1.307849860191345215e+02
1.334348690509796143e+02
1.361017661094665527e+02
1.387076175212860107e+02
1.412184035778045654e+02
1.438792948722839355e+02
1.464241046905517578e+02
1.490639810562133789e+02
1.516878466606140137e+02
1.542316555976867676e+02
1.568014831542968750e+02
1.594633753299713135e+02
1.620572199821472168e+02
1.646210424900054932e+02
1.672739288806915283e+02
1.698377518653869629e+02
1.724285938739776611e+02
1.750164339542388916e+02
1.776152815818786621e+02
1.802061238288879395e+02
1.828670303821563721e+02
1.855088949203491211e+02
1.880486996173858643e+02
1.906905791759490967e+02
1.932153730392456055e+02
1.958272304534912109e+02
1.984070656299591064e+02
2.010269277095794678e+02
2.036507925987243652e+02
2.062566456794738770e+02
2.090656435489654541e+02
2.116384718418121338e+02
2.142713453769683838e+02
2.169702634811401367e+02
2.196581745147705078e+02
2.222660293579101562e+02
2.249779570102691650e+02
2.276688706874847412e+02
2.302527074813842773e+02
2.328135280609130859e+02
2.353923618793487549e+02
2.379501810073852539e+02
2.405760469436645508e+02
2.431298780441284180e+02
2.457247078418731689e+02
2.483225548267364502e+02
2.508713672161102295e+02
2.534091718196868896e+02
2.560280358791351318e+02
2.586448950767517090e+02
2.612427427768707275e+02
2.637895522117614746e+02
2.663673856258392334e+02
2.689802429676055908e+02
2.715991051197052002e+02
2.741679310798645020e+02
2.768088099956512451e+02
2.795897862911224365e+02
2.823047170639038086e+02
2.848195047378540039e+02
2.874833989143371582e+02
2.899971859455108643e+02
2.927111160755157471e+02
2.952879493236541748e+02
2.978827934265136719e+02
3.005727059841156006e+02
3.031435337066650391e+02
3.057644124031066895e+02
3.082922103404998779e+02
3.108880395889282227e+02
3.135589387416839600e+02
3.162328400611877441e+02
3.188086869716644287e+02
3.214155249595642090e+02
3.240584049224853516e+02
3.266762652397155762e+02
3.291870644092559814e+02
3.316728184223175049e+02
3.342836744785308838e+02
3.368284842967987061e+02
3.395093898773193359e+02
3.422423329353332520e+02
3.448402969837188721e+02
3.469507970809936523e+02
3.490876450538635254e+02
3.511108853816986084e+02
3.532193717956542969e+02
3.552522962093353271e+02
3.573446598052978516e+02
3.594081282615661621e+02
3.614534482955932617e+02
3.635829622745513916e+02
3.656236605644226074e+02
3.677487061023712158e+02
3.698145105838775635e+02
3.718287382125854492e+02
3.739112191200256348e+02
3.759756870269775391e+02
3.779985013008117676e+02
3.800539624691009521e+02
3.821796848773956299e+02
3.842880284786224365e+02
3.863534975051879883e+02
3.883759348392486572e+02
3.904394018650054932e+02
3.925158784389495850e+02
3.945813150405883789e+02
3.966267693042755127e+02
3.986725440025329590e+02
4.007794537544250488e+02
4.028131089210510254e+02
4.049248514175415039e+02
4.070009019374847412e+02
4.090826449394226074e+02
4.111824908256530762e+02
4.132055339813232422e+02
4.152848041057586670e+02
4.173332140445709229e+02
4.194987537860870361e+02
4.215422065258026123e+02
4.235737676620483398e+02
4.256396093368530273e+02
4.277260563373565674e+02
4.297794377803802490e+02
4.318874461650848389e+02
4.339127082824707031e+02
4.359651691913604736e+02
4.380066804885864258e+02
4.400521435737609863e+02
4.421376261711120605e+02
4.441804008483886719e+02
4.462728986740112305e+02
4.483306083679199219e+02
4.504266431331634521e+02
4.525056941509246826e+02
4.545741453170776367e+02
4.566236627101898193e+02
4.586691405773162842e+02
4.607454574108123779e+02
4.628494288921356201e+02
4.649048902988433838e+02
4.670201764106750488e+02
4.690906484127044678e+02
4.711791336536407471e+02
4.732778179645538330e+02
4.754213414192199707e+02
4.774967987537384033e+02
4.795552628040313721e+02
4.816497976779937744e+02
4.837192690372467041e+02
4.857867393493652344e+02
