2.673901081085205078e+00
4.963529109954833984e+00
7.272170305252075195e+00
9.540783882141113281e+00
1.176336431503295898e+01
1.403898262977600098e+01
1.628159022331237793e+01
1.858021044731140137e+01
2.082680749893188477e+01
2.309842300415039062e+01
2.537404322624206543e+01
2.767167472839355469e+01
3.000533437728881836e+01
3.228695654869079590e+01
3.456657719612121582e+01
3.685020065307617188e+01
3.914283108711242676e+01
4.149550580978393555e+01
4.377912712097167969e+01
4.608676862716674805e+01
4.839540934562683105e+01
5.071505999565124512e+01
5.304573154449462891e+01
5.536537957191467285e+01
5.765699481964111328e+01
5.997063970565795898e+01
6.222624349594116211e+01
6.460793733596801758e+01
6.691157531738281250e+01
6.919720029830932617e+01
7.145780730247497559e+01
7.373242449760437012e+01
7.597301721572875977e+01
7.833069372177124023e+01
8.062732911109924316e+01
8.295698428153991699e+01
8.524460959434509277e+01
8.751123666763305664e+01
8.982786846160888672e+01
9.209347915649414062e+01
9.441412925720214844e+01
9.677482342720031738e+01
9.913848900794982910e+01
1.013930916786193848e+02
1.037607753276824951e+02
1.060734193325042725e+02
1.083270215988159180e+02
1.106386654376983643e+02
1.129893367290496826e+02
1.152329318523406982e+02
1.175816016197204590e+02
1.199552893638610840e+02
1.222839450836181641e+02
1.246286127567291260e+02
1.269712772369384766e+02
1.292529003620147705e+02
1.315735502243041992e+02
1.338691830635070801e+02
1.361057727336883545e+02
1.384844636917114258e+02
1.407410686016082764e+02
1.430937409400939941e+02
1.453553497791290283e+02
1.476820039749145508e+02
1.500276713371276855e+02
1.523353123664855957e+02
1.545889143943786621e+02
1.568825452327728271e+02
1.592102003097534180e+02
1.615018322467803955e+02
1.637684414386749268e+02
1.660390553474426270e+02
1.683437087535858154e+02
1.742138683795928955e+02
1.762094926834106445e+02
1.786121876239776611e+02
1.804639673233032227e+02
1.823123352527618408e+02
1.841516420841217041e+02
1.859878716468811035e+02
1.877842900753021240e+02
1.896676166057586670e+02
1.914618916511535645e+02
1.933156733512878418e+02
1.951523129940032959e+02
1.969241714477539062e+02
1.988275249004364014e+02
2.007008574008941650e+02
2.026044254302978516e+02
2.044096488952636719e+02
2.063147931098937988e+02
2.081360883712768555e+02
2.099119851589202881e+02
2.117496869564056396e+02
2.136330392360687256e+02
2.154356310367584229e+02
2.173175754547119141e+02
2.191343367099761963e+02
2.209715828895568848e+02
2.227871191501617432e+02
2.246078133583068848e+02
2.264988613128662109e+02
2.283721802234649658e+02
2.301802492141723633e+02
2.320359454154968262e+02
2.338622565269470215e+02
2.356420133113861084e+02
2.374872806072235107e+02
2.392985689640045166e+02
2.411369264125823975e+02
2.429285652637481689e+02
2.447478592395782471e+02
2.465651512145996094e+02
2.484214584827423096e+02
2.502009792327880859e+02
2.521003296375274658e+02
2.539076020717620850e+02
2.557109885215759277e+02
2.575022470951080322e+02
2.594339385032653809e+02
2.612393465042114258e+02
2.630546498298645020e+02
2.648402543067932129e+02
2.666583003997802734e+02
2.684643452167510986e+02
2.702816381454467773e+02
2.720629160404205322e+02
2.739163451194763184e+02
2.756972157955169678e+02
2.775328180789947510e+02
2.793631901741027832e+02
2.812398505210876465e+02
2.829991152286529541e+02
2.848768620491027832e+02
2.867351698875427246e+02
2.885948543548583984e+02
2.903870046138763428e+02
2.922397859096527100e+02
2.940360691547393799e+02
2.958163478374481201e+02
2.975903332233428955e+02
2.994245588779449463e+02
3.012388486862182617e+02
3.030582230091094971e+02
3.048375008106231689e+02
3.067043097019195557e+02
3.084800949096679688e+02
3.102633624076843262e+02
3.121256737709045410e+02
3.140017111301422119e+02
3.158170137405395508e+02
3.176070861816406250e+02
3.194584152698516846e+02
3.212422459125518799e+02
3.230165202617645264e+02
3.248537616729736328e+02
3.266399519443511963e+02
3.285107681751251221e+02
3.304188814163208008e+02
3.322371897697448730e+02
3.341005151271820068e+02
3.359208068847656250e+02
3.377230751514434814e+02
3.395603947639465332e+02
3.413718464374542236e+02
3.432391612529754639e+02
3.451152412891387939e+02
3.469227147102355957e+02
3.487323594093322754e+02
3.505356416702270508e+02
3.523012435436248779e+02
3.542110641002655029e+02
3.559924774169921875e+02
3.578278214931488037e+02
3.596284990310668945e+02
3.614453296661376953e+02
3.632363524436950684e+02
3.650539700984954834e+02
3.668530504703521729e+02
3.686818692684173584e+02
3.704331278800964355e+02
3.722734653949737549e+02
3.741140098571777344e+02
3.759464399814605713e+02
3.777294723987579346e+02
3.795940170288085938e+02
3.814032199382781982e+02
3.833337166309356689e+02
3.851449320316314697e+02
3.869912312030792236e+02
3.887608058452606201e+02
3.908752975463867188e+02
3.927808525562286377e+02
3.946241631507873535e+02
3.965580365657806396e+02
3.984397807121276855e+02
4.002561266422271729e+02
4.021094448566436768e+02
4.039277372360229492e+02
4.057607350349426270e+02
