3.248276710510253906e+00
5.911170721054077148e+00
8.466351747512817383e+00
1.101769542694091797e+01
1.350380849838256836e+01
1.605359053611755371e+01
1.860081219673156738e+01
2.112543368339538574e+01
2.364922809600830078e+01
2.627709674835205078e+01
2.884144997596740723e+01
3.135234379768371582e+01
3.388208007812500000e+01
3.639604187011718750e+01
3.892120742797851562e+01
4.136206197738647461e+01
4.386484122276306152e+01
4.635961580276489258e+01
4.884794926643371582e+01
5.128236508369445801e+01
5.374453258514404297e+01
5.631268858909606934e+01
5.883252930641174316e+01
6.126703238487243652e+01
6.377837538719177246e+01
6.631879711151123047e+01
6.904867672920227051e+01
7.146997117996215820e+01
7.402624082565307617e+01
7.647512125968933105e+01
7.909562849998474121e+01
8.167066526412963867e+01
8.418012499809265137e+01
8.667576932907104492e+01
8.925265645980834961e+01
9.184449982643127441e+01
9.443560171127319336e+01
9.715458035469055176e+01
9.985343623161315918e+01
1.023830652236938477e+02
1.048614916801452637e+02
1.073153209686279297e+02
1.098895936012268066e+02
1.124839873313903809e+02
1.150004441738128662e+02
1.175725502967834473e+02
1.200712451934814453e+02
1.226034841537475586e+02
1.250235886573791504e+02
1.275214824676513672e+02
1.300047380924224854e+02
1.326003122329711914e+02
1.351601552963256836e+02
1.377887902259826660e+02
1.402416191101074219e+02
1.427534451484680176e+02
1.452577891349792480e+02
1.478931059837341309e+02
1.504859485626220703e+02
1.530737884044647217e+02
1.555575547218322754e+02
1.580072963237762451e+02
1.606141505241394043e+02
1.631359436511993408e+02
1.656827542781829834e+02
1.681384999752044678e+02
1.706542887687683105e+02
1.731960954666137695e+02
1.757429254055023193e+02
1.782787094116210938e+02
1.808455345630645752e+02
1.833413095474243164e+02
1.858741247653961182e+02
1.883949029445648193e+02
1.909216995239257812e+02
1.934534988403320312e+02
1.960213248729705811e+02
1.984630610942840576e+02
2.010068695545196533e+02
2.034506072998046875e+02
2.060414493083953857e+02
2.085592393875122070e+02
2.110410046577453613e+02
2.135838127136230469e+02
2.161586425304412842e+02
2.187244672775268555e+02
2.211111636161804199e+02
2.235799193382263184e+02
2.260446724891662598e+02
2.284994170665740967e+02
2.310272142887115479e+02
2.335410013198852539e+02
2.359697284698486328e+02
2.386116075515747070e+02
2.411744303703308105e+02
2.436511905193328857e+02
2.461179437637329102e+02
2.489419522285461426e+02
2.520601689815521240e+02
2.547180585861206055e+02
2.573319175243377686e+02
2.600108215808868408e+02
2.624215359687805176e+02
2.649413275718688965e+02
2.675061514377593994e+02
2.700139341354370117e+02
2.724926970005035400e+02
2.750335030555725098e+02
2.775072627067565918e+02
2.799730153083801270e+02
2.824377682209014893e+02
2.850075948238372803e+02
2.875644128322601318e+02
2.900181577205657959e+02
2.924498870372772217e+02
2.949276497364044189e+02
2.973673830032348633e+02
2.998511488437652588e+02
3.023319151401519775e+02
3.047916624546051025e+02
3.072163860797882080e+02
3.096531186103820801e+02
3.121238749027252197e+02
3.146296570301055908e+02
3.171644585132598877e+02
3.197232780456542969e+02
3.221670155525207520e+02
3.246547846794128418e+02
3.274297580718994141e+02
3.299325370788574219e+02
3.323932864665985107e+02
3.348350229263305664e+02
3.372937715053558350e+02
3.399026257991790771e+02
3.424214167594909668e+02
3.448771634101867676e+02
3.473409144878387451e+02
3.498386914730072021e+02
3.522624139785766602e+02
3.549092955589294434e+02
3.573070003986358643e+02
3.598087787628173828e+02
3.624406514167785645e+02
3.654928209781646729e+02
3.679815905094146729e+02
3.704543521404266357e+02
3.729431176185607910e+02
3.755749902725219727e+02
3.779907081127166748e+02
3.806445939540863037e+02
3.832674596309661865e+02
3.859353554248809814e+02
3.883770916461944580e+02
3.908558712005615234e+02
3.933015930652618408e+02
3.958524067401885986e+02
3.983531851768493652e+02
4.008719768524169922e+02
4.034438045024871826e+02
4.058665268421173096e+02
4.084073328971862793e+02
4.111082539558410645e+02
4.135239713191986084e+02
4.160727837085723877e+02
4.185175216197967529e+02
4.209952838420867920e+02
4.234440245628356934e+02
4.260758960247039795e+02
4.285736718177795410e+02
4.310394253730773926e+02
4.334891667366027832e+02
4.359559211730957031e+02
4.384166705608367920e+02
4.409284563064575195e+02
4.434892978668212891e+02
4.461041364669799805e+02
4.486159229278564453e+02
4.511347138881683350e+02
4.535984649658203125e+02
4.561142537593841553e+02
4.586070258617401123e+02
4.611758525371551514e+02
4.636556153297424316e+02
4.662044281959533691e+02
4.685611035823822021e+02
4.710909020900726318e+02
4.735566554069519043e+02
4.760474259853363037e+02
4.784981691837310791e+02
4.810029504299163818e+02
4.834767098426818848e+02
4.860165145397186279e+02
4.884662561416625977e+02
4.909730386734008789e+02
4.934387922286987305e+02
4.959445731639862061e+02
4.984063236713409424e+02
5.009131059646606445e+02
5.034629197120666504e+02
5.059226679801940918e+02
