1.502548996359109879e-02
1.502548996359109879e-02
1.395224127918481827e-02
1.717198826372623444e-02
1.073249429464340210e-02
1.529380306601524353e-02
1.636705175042152405e-02
1.690367609262466431e-02
1.287899073213338852e-02
1.475717872381210327e-02
1.583042740821838379e-02
1.395224034786224365e-02
1.314730383455753326e-02
1.878186129033565521e-02
1.770861260592937469e-02
1.341561600565910339e-02
1.529380213469266891e-02
1.824523881077766418e-02
1.475717686116695404e-02
1.314730383455753326e-02
1.717198826372623444e-02
1.636705175042152405e-02
1.395224034786224365e-02
1.690367609262466431e-02
1.824523694813251495e-02
2.092836052179336548e-02
1.878186315298080444e-02
1.797692477703094482e-02
1.475717686116695404e-02
1.502548996359109879e-02
1.824523694813251495e-02
1.636705175042152405e-02
1.824523881077766418e-02
1.744030043482780457e-02
1.180574297904968262e-02
1.395224127918481827e-02
1.395224127918481827e-02
1.287899166345596313e-02
1.207405421882867813e-02
1.502548903226852417e-02
1.770861446857452393e-02
1.663536392152309418e-02
1.529380120337009430e-02
1.475717779248952866e-02
1.609873957931995392e-02
1.717198826372623444e-02
1.556211430579423904e-02
1.287899073213338852e-02
1.797692663967609406e-02
1.636705175042152405e-02
1.609873957931995392e-02
1.207405328750610352e-02
1.314730383455753326e-02
1.958679966628551483e-02
1.609873957931995392e-02
1.448886469006538391e-02
1.797692477703094482e-02
1.636705175042152405e-02
1.502549089491367340e-02
1.261067949235439301e-02
1.475717872381210327e-02
1.583042740821838379e-02
1.583042740821838379e-02
1.556211430579423904e-02
1.583042740821838379e-02
1.824523881077766418e-02
1.636705175042152405e-02
1.475717686116695404e-02
1.502548903226852417e-02
1.556211430579423904e-02
1.475717686116695404e-02
1.422055251896381378e-02
1.744030043482780457e-02
1.770861260592937469e-02
1.744030043482780457e-02
1.636705175042152405e-02
1.448886562138795853e-02
1.341561600565910339e-02
1.690367609262466431e-02
1.609873957931995392e-02
1.663536392152309418e-02
1.422055251896381378e-02
1.583042554557323456e-02
1.609873957931995392e-02
1.529380306601524353e-02
1.583042554557323456e-02
1.770861446857452393e-02
1.502549089491367340e-02
1.207405421882867813e-02
1.475717779248952866e-02
1.448886469006538391e-02
1.502548996359109879e-02
1.287899166345596313e-02
1.663536392152309418e-02
1.180574204772710800e-02
1.583042740821838379e-02
1.261067949235439301e-02
1.905017532408237457e-02
1.609873957931995392e-02
1.395224034786224365e-02
1.583042740821838379e-02
1.636704988777637482e-02
1.368392817676067352e-02
1.529380120337009430e-02
1.797692477703094482e-02
1.502548903226852417e-02
1.663536392152309418e-02
1.341561507433652878e-02
1.663536392152309418e-02
1.744030043482780457e-02
1.717198826372623444e-02
1.985510997474193573e-02
1.663536392152309418e-02
1.395224127918481827e-02
1.663536392152309418e-02
1.717198640108108521e-02
1.744030043482780457e-02
1.502548996359109879e-02
1.502548996359109879e-02
1.448886469006538391e-02
1.690367609262466431e-02
1.529380027204751968e-02
1.556211430579423904e-02
1.905017532408237457e-02
1.770861446857452393e-02
1.529380120337009430e-02
1.636705175042152405e-02
1.985511183738708496e-02
1.448886469006538391e-02
1.529380213469266891e-02
1.422055345028638840e-02
1.502548996359109879e-02
1.878186315298080444e-02
1.422055345028638840e-02
1.583042554557323456e-02
1.851355098187923431e-02
1.636705175042152405e-02
1.448886469006538391e-02
1.234236732125282288e-02
2.146498672664165497e-02
1.556211430579423904e-02
1.851355098187923431e-02
1.502548996359109879e-02
1.395224034786224365e-02
1.556211523711681366e-02
1.770861260592937469e-02
1.529380213469266891e-02
1.609873957931995392e-02
1.529380213469266891e-02
1.287899073213338852e-02
1.556211523711681366e-02
1.502548996359109879e-02
1.422055251896381378e-02
1.851355098187923431e-02
1.448886469006538391e-02
1.529380120337009430e-02
1.663536578416824341e-02
1.502549089491367340e-02
1.690367609262466431e-02
1.636705175042152405e-02
1.583042740821838379e-02
1.717199012637138367e-02
1.797692477703094482e-02
1.341561600565910339e-02
1.744030043482780457e-02
1.395224034786224365e-02
1.636705175042152405e-02
1.744030043482780457e-02
1.663536392152309418e-02
1.314730383455753326e-02
1.502548996359109879e-02
1.717198640108108521e-02
1.609873957931995392e-02
1.797692663967609406e-02
1.341561600565910339e-02
1.395224034786224365e-02
1.448886469006538391e-02
1.609873957931995392e-02
1.905017532408237457e-02
1.422055251896381378e-02
1.797692663967609406e-02
1.556211430579423904e-02
1.287899166345596313e-02
1.824523881077766418e-02
1.770861446857452393e-02
1.529380120337009430e-02
1.529380213469266891e-02
1.958679966628551483e-02
1.931848563253879547e-02
1.502548903226852417e-02
1.931848749518394470e-02
1.985511183738708496e-02
1.905017532408237457e-02
1.475717872381210327e-02
1.475717779248952866e-02
1.663536392152309418e-02
1.770861260592937469e-02
1.609873771667480469e-02
1.717198826372623444e-02
1.878186129033565521e-02
