1.799060583114624023e+00
3.495692253112792969e+00
5.182124614715576172e+00
6.873334646224975586e+00
8.544951677322387695e+00
1.025777053833007812e+01
1.198310828208923340e+01
1.368637871742248535e+01
1.539117026329040527e+01
1.710606884956359863e+01
1.880184888839721680e+01
2.051971411705017090e+01
2.220779871940612793e+01
2.391906285285949707e+01
2.561256575584411621e+01
2.729283618927001953e+01
2.896326518058776855e+01
3.068914127349853516e+01
3.239558959007263184e+01
3.410538387298583984e+01
3.580449199676513672e+01
3.753149199485778809e+01
3.924469804763793945e+01
4.093613433837890625e+01
4.263173127174377441e+01
4.432516741752624512e+01
4.606117272377014160e+01
4.778688168525695801e+01
4.949737477302551270e+01
5.118620824813842773e+01
5.287684631347656250e+01
5.461914229393005371e+01
5.630976986885070801e+01
5.803149771690368652e+01
5.972243595123291016e+01
6.146488595008850098e+01
6.315461421012878418e+01
6.486308336257934570e+01
6.655902218818664551e+01
6.825787377357482910e+01
6.993529701232910156e+01
7.166302609443664551e+01
7.336559128761291504e+01
7.510295176506042480e+01
7.680115985870361328e+01
7.847748517990112305e+01
8.017370676994323730e+01
8.186987733840942383e+01
8.366572022438049316e+01
8.535692358016967773e+01
8.708114933967590332e+01
8.880951166152954102e+01
9.053674054145812988e+01
9.222586584091186523e+01
9.391966223716735840e+01
9.558812141418457031e+01
9.729882407188415527e+01
9.904106402397155762e+01
1.007833528518676758e+02
1.025000739097595215e+02
1.042225260734558105e+02
1.059254827499389648e+02
1.076141843795776367e+02
1.093263566493988037e+02
1.110567255020141602e+02
1.127574961185455322e+02
1.144680325984954834e+02
1.161532273292541504e+02
1.178521680831909180e+02
1.195673882961273193e+02
1.212690985202789307e+02
1.229751427173614502e+02
1.246963672637939453e+02
1.264193572998046875e+02
1.281291337013244629e+02
1.298203370571136475e+02
1.315589261054992676e+02
1.332651262283325195e+02
1.349683380126953125e+02
1.366970169544219971e+02
1.384232447147369385e+02
1.401549894809722900e+02
1.418682076930999756e+02
1.435989387035369873e+02
1.453291757106781006e+02
1.470358901023864746e+02
1.487611165046691895e+02
1.504883599281311035e+02
1.522080686092376709e+02
1.540959115028381348e+02
1.558037176132202148e+02
1.575379359722137451e+02
1.592596611976623535e+02
1.609816658496856689e+02
1.626898810863494873e+02
1.644196131229400635e+02
1.661613502502441406e+02
1.678805730342864990e+02
1.695912897586822510e+02
1.713050091266632080e+02
1.730787708759307861e+02
1.747959921360015869e+02
1.765364065170288086e+02
1.782381179332733154e+02
1.799583408832550049e+02
1.816845693588256836e+02
1.834188020229339600e+02
1.851435289382934570e+02
1.868517441749572754e+02
1.885724682807922363e+02
1.903006973266601562e+02
1.920469396114349365e+02
1.937581565380096436e+02
1.954788806438446045e+02
1.972111127376556396e+02
1.989603574275970459e+02
2.006555631160736084e+02
2.024113121032714844e+02
2.041355381011962891e+02
2.058753604888916016e+02
2.076346120834350586e+02
2.093688695430755615e+02
2.110823404788970947e+02
2.128205769062042236e+02
2.145488057136535645e+02
2.162750339508056641e+02
2.179837491512298584e+02
2.196904633045196533e+02
2.214201936721801758e+02
2.231704390048980713e+02
2.249126780033111572e+02
2.266023800373077393e+02
2.283221030235290527e+02
2.300828557014465332e+02
2.318005781173706055e+02
2.335235805511474609e+02
2.352267920970916748e+02
2.369675297737121582e+02
2.387127714157104492e+02
2.404880347251892090e+02
2.422159624099731445e+02
2.439782159328460693e+02
2.457089617252349854e+02
2.475037240982055664e+02
2.492099378108978271e+02
2.509446713924407959e+02
2.526544365882873535e+02
2.544196908473968506e+02
2.561634325981140137e+02
2.579151773452758789e+02
2.596549148559570312e+02
2.613866467475891113e+02
2.631333892345428467e+02
2.648881373405456543e+02
2.666383821964263916e+02
2.683621084690093994e+02
2.700908379554748535e+02
2.718250718116760254e+02
2.735497984886169434e+02
2.752582256793975830e+02
2.769664404392242432e+02
2.787221894264221191e+02
2.804554216861724854e+02
2.821861529350280762e+02
2.839221136569976807e+02
2.856624054908752441e+02
2.874011287689208984e+02
2.891288568973541260e+02
2.908861069679260254e+02
2.926070480346679688e+02
2.943392798900604248e+02
2.961015331745147705e+02
2.978467745780944824e+02
2.996185355186462402e+02
3.013727965354919434e+02
3.031390390396118164e+02
3.048822786808013916e+02
3.066170129776000977e+02
3.083562495708465576e+02
3.101620347499847412e+02
3.119007730484008789e+02
3.136580355167388916e+02
3.153822474479675293e+02
3.171304914951324463e+02
3.188627235889434814e+02
3.206537091732025146e+02
3.223546619415283203e+02
3.240994031429290771e+02
3.258471462726593018e+02
3.275988926887512207e+02
3.293479082584381104e+02
3.310781390666961670e+02
3.328303852081298828e+02
3.345916383266448975e+02
3.363253715038299561e+02
3.380926282405853271e+02
3.398323807716369629e+02
3.416111311912536621e+02
3.433413617610931396e+02
3.450603201389312744e+02
