1.623913764953613281e+00
3.168485164642333984e+00
4.695941448211669922e+00
6.225248336791992188e+00
7.747441530227661133e+00
9.443031311035156250e+00
1.096842598915100098e+01
1.249792027473449707e+01
1.402358460426330566e+01
1.553251600265502930e+01
1.707237029075622559e+01
1.859792780876159668e+01
2.012036299705505371e+01
2.167505764961242676e+01
2.320000314712524414e+01
2.472006225585937500e+01
2.625454854965209961e+01
2.780050849914550781e+01
2.933845782279968262e+01
3.086258506774902344e+01
3.236991167068481445e+01
3.388989853858947754e+01
3.542270851135253906e+01
3.697938346862792969e+01
3.850453853607177734e+01
4.004544639587402344e+01
4.157601714134216309e+01
4.311739754676818848e+01
4.464853000640869141e+01
4.618259716033935547e+01
4.771161341667175293e+01
4.926757645606994629e+01
5.078805112838745117e+01
5.231413745880126953e+01
5.386256122589111328e+01
5.540599942207336426e+01
5.691683125495910645e+01
5.845410847663879395e+01
6.002846527099609375e+01
6.156318402290344238e+01
6.307155847549438477e+01
6.465148353576660156e+01
6.623400998115539551e+01
6.782910394668579102e+01
6.941208410263061523e+01
7.095492506027221680e+01
7.248753833770751953e+01
7.403923845291137695e+01
7.558543443679809570e+01
7.724254822731018066e+01
7.875501084327697754e+01
8.030708742141723633e+01
8.184053182601928711e+01
8.339584779739379883e+01
8.497798085212707520e+01
8.650569605827331543e+01
8.805055427551269531e+01
8.959219217300415039e+01
9.114559078216552734e+01
9.271941947937011719e+01
9.433857917785644531e+01
9.594417572021484375e+01
9.745985841751098633e+01
9.899549984931945801e+01
1.005580494403839111e+02
1.021500205993652344e+02
1.037080304622650146e+02
1.052763428688049316e+02
1.068443520069122314e+02
1.083835949897766113e+02
1.099489972591400146e+02
1.114745333194732666e+02
1.129816005229949951e+02
1.145527489185333252e+02
1.161250724792480469e+02
1.176740801334381104e+02
1.192313060760498047e+02
1.207659382820129395e+02
1.223072912693023682e+02
1.238544850349426270e+02
1.253899307250976562e+02
1.269420588016510010e+02
1.284965527057647705e+02
1.301355881690979004e+02
1.318501648902893066e+02
1.334390726089477539e+02
1.350107977390289307e+02
1.365792334079742432e+02
1.382181518077850342e+02
1.399725582599639893e+02
1.415921015739440918e+02
1.431779248714447021e+02
1.447289116382598877e+02
1.463660833835601807e+02
1.479134957790374756e+02
1.494629158973693848e+02
1.510465006828308105e+02
1.526041519641876221e+02
1.541966888904571533e+02
1.558687663078308105e+02
1.574243242740631104e+02
1.590407514572143555e+02
1.606677875518798828e+02
1.624043908119201660e+02
1.639947094917297363e+02
1.655829267501831055e+02
1.671571269035339355e+02
1.688393263816833496e+02
1.704675848484039307e+02
1.720480933189392090e+02
1.736605987548828125e+02
1.753545782566070557e+02
1.769253892898559570e+02
1.784824810028076172e+02
1.800289409160614014e+02
1.815856058597564697e+02
1.832222361564636230e+02
1.848028504848480225e+02
1.863736698627471924e+02
1.879363546371459961e+02
1.895355441570281982e+02
1.911610157489776611e+02
1.927007682323455811e+02
1.942561275959014893e+02
1.958363127708435059e+02
1.974391479492187500e+02
1.990464904308319092e+02
2.006285731792449951e+02
2.022107424736022949e+02
2.038428816795349121e+02
2.055430696010589600e+02
2.073260221481323242e+02
2.089221184253692627e+02
2.104836585521697998e+02
2.120264971256256104e+02
2.135793912410736084e+02
2.151808443069458008e+02
2.167695558071136475e+02
2.183406801223754883e+02
2.200375785827636719e+02
2.215904407501220703e+02
2.231684906482696533e+02
2.247709691524505615e+02
2.263965842723846436e+02
2.280295069217681885e+02
2.296045284271240234e+02
2.312257723808288574e+02
2.328100991249084473e+02
2.344234230518341064e+02
2.360644843578338623e+02
2.376613008975982666e+02
2.392494316101074219e+02
2.408523793220520020e+02
2.425218989849090576e+02
2.440863168239593506e+02
2.456703164577484131e+02
2.472789111137390137e+02
2.489640848636627197e+02
2.505482614040374756e+02
2.521213386058807373e+02
2.537332706451416016e+02
2.552815144062042236e+02
2.568555958271026611e+02
2.584755320549011230e+02
2.600368285179138184e+02
2.616040134429931641e+02
2.631860475540161133e+02
2.647658491134643555e+02
2.663409559726715088e+02
2.679387218952178955e+02
2.695271785259246826e+02
2.711247308254241943e+02
2.727055740356445312e+02
2.743069219589233398e+02
2.759855616092681885e+02
2.776091301441192627e+02
2.791995723247528076e+02
2.807711784839630127e+02
2.823518474102020264e+02
2.839235274791717529e+02
2.855006716251373291e+02
2.870995013713836670e+02
2.886642816066741943e+02
2.902419908046722412e+02
2.918440909385681152e+02
2.935560312271118164e+02
2.951615104675292969e+02
2.967388632297515869e+02
2.983391473293304443e+02
2.999281611442565918e+02
3.015103764533996582e+02
3.030711691379547119e+02
3.046578118801116943e+02
3.062370679378509521e+02
3.078572132587432861e+02
3.094492495059967041e+02
3.110180523395538330e+02
3.126088895797729492e+02
3.142038629055023193e+02
3.158138461112976074e+02
