1.951219327747821808e-02
2.195121906697750092e-02
1.707317121326923370e-02
1.463414635509252548e-02
1.219512149691581726e-02
2.195121720433235168e-02
1.951219514012336731e-02
2.195121720433235168e-02
1.463414635509252548e-02
1.951219514012336731e-02
1.219512149691581726e-02
1.707316935062408447e-02
1.707316935062408447e-02
1.951219327747821808e-02
2.195121906697750092e-02
1.219512149691581726e-02
9.756097570061683655e-03
7.317073177546262741e-03
1.707316935062408447e-02
1.219512149691581726e-02
2.439024299383163452e-02
1.951219514012336731e-02
1.951219514012336731e-02
1.219512149691581726e-02
2.195121906697750092e-02
2.195121720433235168e-02
1.219512149691581726e-02
1.707316935062408447e-02
1.463414542376995087e-02
2.682926692068576813e-02
2.682926692068576813e-02
3.658536449074745178e-02
1.951219514012336731e-02
3.170731663703918457e-02
1.951219514012336731e-02
2.682926505804061890e-02
3.902439028024673462e-02
4.146341606974601746e-02
7.317072898149490356e-02
8.780487626791000366e-02
9.512194991111755371e-02
1.243902295827865601e-01
1.243902444839477539e-01
1.926829069852828979e-01
1.902438998222351074e-01
2.585365772247314453e-01
2.975609600543975830e-01
2.780487537384033203e-01
3.268292546272277832e-01
3.512195348739624023e-01
3.707317113876342773e-01
3.756097555160522461e-01
3.975609540939331055e-01
4.121951162815093994e-01
4.121951162815093994e-01
4.292683005332946777e-01
4.024390280246734619e-01
4.243902266025543213e-01
4.439024329185485840e-01
4.536585211753845215e-01
5.097560882568359375e-01
5.195121765136718750e-01
5.121951103210449219e-01
5.097560882568359375e-01
5.195121765136718750e-01
5.219512581825256348e-01
5.536584854125976562e-01
5.317072868347167969e-01
5.512194633483886719e-01
5.853657722473144531e-01
5.731706619262695312e-01
5.487805008888244629e-01
5.829268097877502441e-01
5.609756112098693848e-01
5.829268097877502441e-01
5.634146332740783691e-01
5.292682647705078125e-01
5.878049135208129883e-01
5.682926774024963379e-01
6.121951341629028320e-01
5.829268693923950195e-01
5.658536553382873535e-01
6.121950745582580566e-01
5.902438759803771973e-01
5.585365891456604004e-01
5.634145736694335938e-01
6.024390459060668945e-01
6.073170900344848633e-01
6.000000238418579102e-01
6.024389863014221191e-01
5.926829576492309570e-01
6.365853548049926758e-01
5.829268097877502441e-01
6.097561120986938477e-01
6.341463327407836914e-01
6.268292665481567383e-01
6.121951341629028320e-01
6.414633989334106445e-01
5.999999642372131348e-01
6.097561120986938477e-01
6.463414430618286133e-01
6.414634585380554199e-01
6.292682886123657227e-01
6.195122003555297852e-01
6.414634585380554199e-01
6.219512224197387695e-01
6.390243768692016602e-01
6.365853548049926758e-01
6.268292665481567383e-01
6.317073106765747070e-01
6.365853548049926758e-01
6.170731782913208008e-01
6.170731782913208008e-01
6.414633989334106445e-01
6.219512224197387695e-01
6.560975313186645508e-01
6.536585688591003418e-01
6.414633989334106445e-01
6.146341562271118164e-01
6.146340966224670410e-01
6.170731782913208008e-01
6.658536195755004883e-01
6.292682886123657227e-01
6.512194871902465820e-01
6.365853548049926758e-01
6.195121407508850098e-01
6.390243768692016602e-01
6.170731782913208008e-01
6.658536195755004883e-01
6.341463327407836914e-01
6.414633989334106445e-01
6.487804651260375977e-01
6.463414430618286133e-01
6.292682886123657227e-01
6.243902444839477539e-01
6.219512224197387695e-01
6.365853548049926758e-01
6.512194871902465820e-01
6.170731782913208008e-01
6.634145975112915039e-01
6.585366129875183105e-01
6.365853548049926758e-01
6.536585092544555664e-01
6.219512224197387695e-01
6.439024209976196289e-01
6.317073106765747070e-01
6.292682886123657227e-01
6.414633989334106445e-01
6.146341562271118164e-01
6.536585092544555664e-01
6.487804651260375977e-01
6.243902444839477539e-01
6.414633989334106445e-01
6.609755754470825195e-01
6.170731782913208008e-01
6.463415622711181641e-01
6.219512224197387695e-01
6.609755754470825195e-01
6.634145975112915039e-01
6.463414430618286133e-01
6.439024806022644043e-01
6.463415026664733887e-01
6.707317233085632324e-01
6.512196063995361328e-01
6.609756946563720703e-01
6.024390459060668945e-01
6.365853548049926758e-01
6.536585092544555664e-01
6.560975313186645508e-01
6.365853548049926758e-01
6.609755754470825195e-01
6.219512224197387695e-01
6.268292665481567383e-01
6.390243768692016602e-01
6.341463923454284668e-01
6.658536195755004883e-01
6.658537387847900391e-01
6.390243768692016602e-01
6.341463327407836914e-01
6.780487895011901855e-01
6.634145975112915039e-01
6.609756350517272949e-01
6.731708049774169922e-01
6.756097078323364258e-01
6.463415026664733887e-01
6.731706857681274414e-01
6.512194871902465820e-01
6.536585092544555664e-01
6.512194871902465820e-01
6.390243768692016602e-01
6.658536791801452637e-01
6.487804651260375977e-01
6.658536195755004883e-01
6.317073106765747070e-01
6.439024209976196289e-01
6.390243768692016602e-01
6.390243768692016602e-01
6.292682886123657227e-01
6.487804651260375977e-01
6.487804651260375977e-01
