1.219512149691581726e-02
1.951219514012336731e-02
1.707317121326923370e-02
1.219512149691581726e-02
2.195121906697750092e-02
9.756097570061683655e-03
1.463414542376995087e-02
1.707317121326923370e-02
2.682926692068576813e-02
1.219512149691581726e-02
1.707317121326923370e-02
2.926829271018505096e-02
1.219512149691581726e-02
4.878048785030841827e-03
1.707316935062408447e-02
1.951219514012336731e-02
2.682926692068576813e-02
2.682926878333091736e-02
1.463414542376995087e-02
9.756097570061683655e-03
1.951219514012336731e-02
2.926829271018505096e-02
3.414634242653846741e-02
1.951219514012336731e-02
1.463414542376995087e-02
2.195121906697750092e-02
1.707316935062408447e-02
2.439024299383163452e-02
2.439024299383163452e-02
1.951219514012336731e-02
1.219512149691581726e-02
1.219512149691581726e-02
2.439024299383163452e-02
9.756097570061683655e-03
1.707316935062408447e-02
1.219512149691581726e-02
9.756097570061683655e-03
1.463414542376995087e-02
1.951219514012336731e-02
1.707316935062408447e-02
1.707316935062408447e-02
1.707316935062408447e-02
1.951219327747821808e-02
1.219512149691581726e-02
1.463414635509252548e-02
3.170731663703918457e-02
3.170731663703918457e-02
4.146341234445571899e-02
4.146341606974601746e-02
5.853658542037010193e-02
7.317073643207550049e-02
9.024389833211898804e-02
1.121951192617416382e-01
1.195122003555297852e-01
1.463414728641510010e-01
1.560975611209869385e-01
1.926829218864440918e-01
2.073170691728591919e-01
2.292682826519012451e-01
2.341463267803192139e-01
2.756097614765167236e-01
2.829268276691436768e-01
3.268293142318725586e-01
3.560975790023803711e-01
3.682926893234252930e-01
3.975609838962554932e-01
4.024389982223510742e-01
4.170731604099273682e-01
4.121951162815093994e-01
4.487804770469665527e-01
4.975609779357910156e-01
4.414633810520172119e-01
4.731707274913787842e-01
4.951219558715820312e-01
5.268292427062988281e-01
5.121951103210449219e-01
5.512194633483886719e-01
5.365853309631347656e-01
5.487804412841796875e-01
5.365853309631347656e-01
5.731707215309143066e-01
5.853657722473144531e-01
5.878048539161682129e-01
5.585365891456604004e-01
5.658536553382873535e-01
6.219512224197387695e-01
6.000000238418579102e-01
5.853658318519592285e-01
6.073170304298400879e-01
6.219512224197387695e-01
6.121951341629028320e-01
5.731707215309143066e-01
5.634145736694335938e-01
6.341463327407836914e-01
6.048780679702758789e-01
5.926828980445861816e-01
5.975609421730041504e-01
6.195121407508850098e-01
6.463414430618286133e-01
6.243902444839477539e-01
5.999999642372131348e-01
6.097561120986938477e-01
6.487805843353271484e-01
5.951219201087951660e-01
6.536585092544555664e-01
6.292682886123657227e-01
6.341463327407836914e-01
6.219512224197387695e-01
6.243902444839477539e-01
6.512194871902465820e-01
6.195122003555297852e-01
6.292682886123657227e-01
6.268292665481567383e-01
6.268292069435119629e-01
6.170731186866760254e-01
6.365853548049926758e-01
6.560975313186645508e-01
6.560975313186645508e-01
6.268292665481567383e-01
6.341463327407836914e-01
6.219511628150939941e-01
6.243901848793029785e-01
6.195121407508850098e-01
6.121950745582580566e-01
6.634147167205810547e-01
6.487805247306823730e-01
6.414633989334106445e-01
6.585366129875183105e-01
6.439024209976196289e-01
6.536585092544555664e-01
6.536585092544555664e-01
6.292682290077209473e-01
6.341463327407836914e-01
6.170731186866760254e-01
6.365853548049926758e-01
6.317073106765747070e-01
6.097560524940490723e-01
6.512194871902465820e-01
6.439024806022644043e-01
6.390243768692016602e-01
6.487805247306823730e-01
6.536585688591003418e-01
6.463414430618286133e-01
6.097560524940490723e-01
6.658536195755004883e-01
6.024390459060668945e-01
6.292682886123657227e-01
6.268292665481567383e-01
6.414633989334106445e-01
6.707317829132080078e-01
6.268292665481567383e-01
6.243901848793029785e-01
6.292682886123657227e-01
6.268292665481567383e-01
6.536585092544555664e-01
6.439024209976196289e-01
6.195121407508850098e-01
6.268292665481567383e-01
6.390243768692016602e-01
6.512194275856018066e-01
6.365853548049926758e-01
6.292683482170104980e-01
6.439024209976196289e-01
6.365853548049926758e-01
6.585366129875183105e-01
6.195122003555297852e-01
6.731708049774169922e-01
6.682927012443542480e-01
6.341463327407836914e-01
6.536585092544555664e-01
6.268293261528015137e-01
6.560976505279541016e-01
6.707316637039184570e-01
6.487805843353271484e-01
6.195122003555297852e-01
6.268292665481567383e-01
6.512194871902465820e-01
6.512195467948913574e-01
6.439024209976196289e-01
6.219512224197387695e-01
6.487804651260375977e-01
6.536585092544555664e-01
6.341463327407836914e-01
6.634147167205810547e-01
6.804878115653991699e-01
6.195121407508850098e-01
6.487804651260375977e-01
6.170731782913208008e-01
6.634145975112915039e-01
6.414634585380554199e-01
6.658537387847900391e-01
6.707316637039184570e-01
6.780487298965454102e-01
6.536585092544555664e-01
6.658537387847900391e-01
6.682927608489990234e-01
6.487805843353271484e-01
6.536585092544555664e-01
6.658536791801452637e-01
6.634146571159362793e-01
