2.926829271018505096e-02
1.951219514012336731e-02
4.878048785030841827e-03
1.219512149691581726e-02
1.463414542376995087e-02
1.951219327747821808e-02
7.317073177546262741e-03
1.219512149691581726e-02
7.317073177546262741e-03
2.195121720433235168e-02
4.878048785030841827e-03
1.219512149691581726e-02
1.219512149691581726e-02
1.707317121326923370e-02
1.219512149691581726e-02
1.219512149691581726e-02
1.951219514012336731e-02
9.756097570061683655e-03
1.707316935062408447e-02
2.682926505804061890e-02
1.219512149691581726e-02
1.463414542376995087e-02
1.463414542376995087e-02
1.951219327747821808e-02
2.195121906697750092e-02
1.219512149691581726e-02
1.707316935062408447e-02
1.707317121326923370e-02
1.219512149691581726e-02
1.463414635509252548e-02
1.707316935062408447e-02
1.219512149691581726e-02
1.951219514012336731e-02
1.463414542376995087e-02
1.463414542376995087e-02
1.951219514012336731e-02
1.463414542376995087e-02
2.439024485647678375e-02
2.439024299383163452e-02
4.634146764874458313e-02
5.609756708145141602e-02
8.292683213949203491e-02
8.536584675312042236e-02
1.000000014901161194e-01
1.463414430618286133e-01
1.682926863431930542e-01
1.853658705949783325e-01
2.000000029802322388e-01
2.170731723308563232e-01
2.658536434173583984e-01
3.048780560493469238e-01
3.341463208198547363e-01
3.585365712642669678e-01
3.902439177036285400e-01
4.048780202865600586e-01
4.146341383457183838e-01
4.560975432395935059e-01
4.804877936840057373e-01
5.146341323852539062e-01
4.878048896789550781e-01
5.243902206420898438e-01
5.317072868347167969e-01
5.414633750915527344e-01
5.829268097877502441e-01
5.487804412841796875e-01
5.439023971557617188e-01
5.439023971557617188e-01
5.804877877235412598e-01
5.853658318519592285e-01
5.731707215309143066e-01
6.195122003555297852e-01
6.219512224197387695e-01
5.682926774024963379e-01
6.170731782913208008e-01
5.975610017776489258e-01
5.999999642372131348e-01
5.878048539161682129e-01
6.146340966224670410e-01
6.121950745582580566e-01
6.121950745582580566e-01
6.463414430618286133e-01
6.365853548049926758e-01
5.853658318519592285e-01
6.682927608489990234e-01
6.292682886123657227e-01
6.170731782913208008e-01
6.512195467948913574e-01
6.219512224197387695e-01
6.658536195755004883e-01
6.536585092544555664e-01
6.390243768692016602e-01
6.219512224197387695e-01
6.536585092544555664e-01
6.341463327407836914e-01
6.292682886123657227e-01
6.341462731361389160e-01
6.219512224197387695e-01
6.341463327407836914e-01
6.146340966224670410e-01
6.536585092544555664e-01
6.390243768692016602e-01
6.585365533828735352e-01
6.243902444839477539e-01
6.365852952003479004e-01
6.414633989334106445e-01
6.634145975112915039e-01
6.634145975112915039e-01
6.390243172645568848e-01
6.439024209976196289e-01
6.682926416397094727e-01
6.780487895011901855e-01
6.682926416397094727e-01
6.414633989334106445e-01
6.487804651260375977e-01
6.658536791801452637e-01
6.585366129875183105e-01
6.365853548049926758e-01
6.707317233085632324e-01
6.658536195755004883e-01
6.390243768692016602e-01
6.536585092544555664e-01
6.780487895011901855e-01
6.390243768692016602e-01
6.536585092544555664e-01
6.317073106765747070e-01
6.487804651260375977e-01
6.853659152984619141e-01
6.902439594268798828e-01
6.536585092544555664e-01
6.926829218864440918e-01
6.560975313186645508e-01
6.536585092544555664e-01
6.268292665481567383e-01
6.609755754470825195e-01
6.487804651260375977e-01
6.292682886123657227e-01
6.731706857681274414e-01
6.439024209976196289e-01
6.804878711700439453e-01
6.634145975112915039e-01
6.902439594268798828e-01
6.634145975112915039e-01
6.609755754470825195e-01
6.414633989334106445e-01
6.829267740249633789e-01
6.512194871902465820e-01
6.829268932342529297e-01
6.682927012443542480e-01
6.756097078323364258e-01
6.804878711700439453e-01
6.487804651260375977e-01
6.926828622817993164e-01
7.073170542716979980e-01
6.780487298965454102e-01
7.024390101432800293e-01
6.609756350517272949e-01
6.756097674369812012e-01
6.560975313186645508e-01
6.902438402175903320e-01
6.658537387847900391e-01
6.439024209976196289e-01
6.560975313186645508e-01
6.560975313186645508e-01
6.829267740249633789e-01
6.609755754470825195e-01
6.731707453727722168e-01
6.975610256195068359e-01
6.439024209976196289e-01
6.609755754470825195e-01
6.829267740249633789e-01
6.878048777580261230e-01
6.658536195755004883e-01
6.731708049774169922e-01
6.756098270416259766e-01
6.975609660148620605e-01
6.512194871902465820e-01
6.707317233085632324e-01
6.292682886123657227e-01
6.585365533828735352e-01
6.634145975112915039e-01
6.707316637039184570e-01
6.682926416397094727e-01
6.878048181533813477e-01
6.560975313186645508e-01
6.658536195755004883e-01
6.999999284744262695e-01
6.756097078323364258e-01
6.756097078323364258e-01
6.731706857681274414e-01
6.487804651260375977e-01
7.024390101432800293e-01
6.804877519607543945e-01
6.463414430618286133e-01
6.487805247306823730e-01
6.829267740249633789e-01
6.756097674369812012e-01
6.609756350517272949e-01
6.609755754470825195e-01
6.707316637039184570e-01
6.731708049774169922e-01
