1.463414542376995087e-02
3.414634242653846741e-02
1.707316935062408447e-02
1.951219327747821808e-02
1.219512149691581726e-02
7.317073177546262741e-03
9.756097570061683655e-03
1.707316935062408447e-02
9.756097570061683655e-03
1.219512149691581726e-02
9.756097570061683655e-03
1.463414635509252548e-02
7.317073177546262741e-03
9.756097570061683655e-03
9.756097570061683655e-03
1.463414542376995087e-02
1.463414542376995087e-02
7.317073177546262741e-03
9.756097570061683655e-03
7.317073177546262741e-03
7.317073177546262741e-03
1.463414542376995087e-02
9.756097570061683655e-03
9.756097570061683655e-03
1.707316935062408447e-02
7.317073177546262741e-03
1.951219514012336731e-02
2.195122092962265015e-02
1.463414635509252548e-02
9.756097570061683655e-03
9.756097570061683655e-03
7.317073177546262741e-03
1.707316935062408447e-02
9.756097570061683655e-03
4.878048785030841827e-03
1.951219327747821808e-02
1.219512149691581726e-02
9.756097570061683655e-03
1.219512149691581726e-02
7.317073177546262741e-03
7.317073177546262741e-03
9.756097570061683655e-03
1.463414542376995087e-02
4.878048785030841827e-03
7.317073177546262741e-03
7.317073177546262741e-03
1.219512149691581726e-02
1.219512149691581726e-02
9.756097570061683655e-03
9.756097570061683655e-03
1.463414542376995087e-02
9.756097570061683655e-03
7.317073177546262741e-03
9.756097570061683655e-03
7.317073177546262741e-03
7.317073177546262741e-03
9.756097570061683655e-03
7.317073177546262741e-03
9.756097570061683655e-03
1.219512149691581726e-02
9.756097570061683655e-03
9.756097570061683655e-03
7.317073177546262741e-03
1.463414635509252548e-02
1.219512149691581726e-02
1.219512149691581726e-02
1.463414542376995087e-02
9.756097570061683655e-03
7.317073177546262741e-03
4.878048785030841827e-03
1.463414542376995087e-02
1.219512149691581726e-02
1.463414635509252548e-02
9.756097570061683655e-03
1.219512149691581726e-02
7.317073177546262741e-03
9.756097570061683655e-03
9.756097570061683655e-03
9.756097570061683655e-03
7.317073177546262741e-03
9.756097570061683655e-03
1.219512149691581726e-02
1.219512149691581726e-02
9.756097570061683655e-03
1.463414542376995087e-02
1.463414635509252548e-02
9.756097570061683655e-03
9.756097570061683655e-03
1.219512149691581726e-02
9.756097570061683655e-03
1.219512149691581726e-02
9.756097570061683655e-03
1.219512149691581726e-02
9.756097570061683655e-03
9.756097570061683655e-03
1.219512149691581726e-02
9.756097570061683655e-03
1.219512149691581726e-02
9.756097570061683655e-03
7.317073177546262741e-03
9.756097570061683655e-03
9.756097570061683655e-03
9.756097570061683655e-03
9.756097570061683655e-03
1.219512149691581726e-02
9.756097570061683655e-03
1.219512149691581726e-02
9.756097570061683655e-03
9.756097570061683655e-03
1.219512149691581726e-02
1.219512149691581726e-02
7.317073177546262741e-03
7.317073177546262741e-03
9.756097570061683655e-03
1.219512149691581726e-02
9.756097570061683655e-03
1.219512149691581726e-02
1.219512149691581726e-02
7.317073177546262741e-03
9.756097570061683655e-03
1.219512149691581726e-02
9.756097570061683655e-03
7.317073177546262741e-03
9.756097570061683655e-03
7.317073177546262741e-03
1.219512149691581726e-02
9.756097570061683655e-03
9.756097570061683655e-03
9.756097570061683655e-03
9.756097570061683655e-03
9.756097570061683655e-03
1.219512149691581726e-02
9.756097570061683655e-03
9.756097570061683655e-03
9.756097570061683655e-03
9.756097570061683655e-03
9.756097570061683655e-03
1.219512149691581726e-02
9.756097570061683655e-03
9.756097570061683655e-03
1.219512149691581726e-02
7.317073177546262741e-03
1.219512149691581726e-02
9.756097570061683655e-03
9.756097570061683655e-03
1.219512149691581726e-02
1.219512149691581726e-02
9.756097570061683655e-03
9.756097570061683655e-03
9.756097570061683655e-03
9.756097570061683655e-03
1.219512149691581726e-02
9.756097570061683655e-03
7.317073177546262741e-03
9.756097570061683655e-03
9.756097570061683655e-03
1.219512149691581726e-02
1.707316935062408447e-02
9.756097570061683655e-03
1.219512149691581726e-02
9.756097570061683655e-03
9.756097570061683655e-03
1.219512149691581726e-02
7.317073177546262741e-03
9.756097570061683655e-03
9.756097570061683655e-03
9.756097570061683655e-03
9.756097570061683655e-03
9.756097570061683655e-03
1.219512149691581726e-02
1.707316935062408447e-02
1.707316935062408447e-02
2.926829084753990173e-02
2.439024299383163452e-02
3.414633870124816895e-02
2.439024299383163452e-02
3.414634242653846741e-02
3.414634242653846741e-02
3.170731663703918457e-02
3.658536449074745178e-02
4.390243813395500183e-02
3.902439028024673462e-02
4.634146392345428467e-02
5.121951177716255188e-02
5.365853756666183472e-02
5.609755963087081909e-02
7.804878801107406616e-02
9.756097942590713501e-02
1.024390310049057007e-01
1.170731708407402039e-01
1.365853697061538696e-01
1.414634138345718384e-01
1.463414728641510010e-01
1.926829218864440918e-01
2.048780471086502075e-01
2.268292605876922607e-01
2.292682826519012451e-01
2.560975551605224609e-01
2.707316875457763672e-01
3.390243649482727051e-01
