4.820966720581054688e-01
9.070587158203125000e-01
1.335832595825195312e+00
1.765666484832763672e+00
2.208530664443969727e+00
2.640258073806762695e+00
3.055350303649902344e+00
3.472774028778076172e+00
3.924821376800537109e+00
4.352721929550170898e+00
4.823413610458374023e+00
5.239418506622314453e+00
5.661393165588378906e+00
6.070386409759521484e+00
6.505937337875366211e+00
6.973021268844604492e+00
7.474068403244018555e+00
7.892489433288574219e+00
8.305698156356811523e+00
8.774286031723022461e+00
9.234114170074462891e+00
9.691938400268554688e+00
1.012254452705383301e+01
1.053774666786193848e+01
1.096634364128112793e+01
1.140630793571472168e+01
1.182373523712158203e+01
1.223601818084716797e+01
1.267252564430236816e+01
1.309803080558776855e+01
1.353380489349365234e+01
1.400956463813781738e+01
1.446881771087646484e+01
1.489065480232238770e+01
1.531518387794494629e+01
1.574667620658874512e+01
1.617692685127258301e+01
1.661838936805725098e+01
1.708361315727233887e+01
1.751621484756469727e+01
1.796705913543701172e+01
1.839537119865417480e+01
1.881542754173278809e+01
1.925586032867431641e+01
1.966945958137512207e+01
2.010953688621520996e+01
2.054983878135681152e+01
2.098830342292785645e+01
2.141536569595336914e+01
2.187003183364868164e+01
2.229481649398803711e+01
2.273977732658386230e+01
2.318027257919311523e+01
2.360369277000427246e+01
2.404964780807495117e+01
2.448031592369079590e+01
2.491420722007751465e+01
2.533481860160827637e+01
2.581269335746765137e+01
2.624954271316528320e+01
2.667401099205017090e+01
2.710442423820495605e+01
2.758199834823608398e+01
2.810300731658935547e+01
2.855671668052673340e+01
2.898617649078369141e+01
2.943652677536010742e+01
2.988988995552062988e+01
3.033443188667297363e+01
3.077593111991882324e+01
3.122073030471801758e+01
3.164405560493469238e+01
3.209180402755737305e+01
3.253462505340576172e+01
3.297965931892395020e+01
3.340793013572692871e+01
3.384799408912658691e+01
3.427625489234924316e+01
3.472156381607055664e+01
3.514027166366577148e+01
3.557834148406982422e+01
3.603230071067810059e+01
3.647536420822143555e+01
3.690137982368469238e+01
3.732618474960327148e+01
3.778096127510070801e+01
3.820921826362609863e+01
3.864491128921508789e+01
3.907798361778259277e+01
3.954000234603881836e+01
3.998528051376342773e+01
4.042993664741516113e+01
4.088189983367919922e+01
4.132661485671997070e+01
4.177566242218017578e+01
4.223004436492919922e+01
4.267752075195312500e+01
4.310545372962951660e+01
4.353282237052917480e+01
4.398723363876342773e+01
4.442255663871765137e+01
4.488367033004760742e+01
4.533466458320617676e+01
4.576942682266235352e+01
4.619965887069702148e+01
4.663032150268554688e+01
4.708118939399719238e+01
4.754692220687866211e+01
4.818656635284423828e+01
4.876985788345336914e+01
4.925827956199645996e+01
4.983595728874206543e+01
5.085356497764587402e+01
5.139641857147216797e+01
5.195219540596008301e+01
5.258529758453369141e+01
5.313385176658630371e+01
5.361133289337158203e+01
5.406544351577758789e+01
5.450872230529785156e+01
5.495221924781799316e+01
5.540771222114562988e+01
5.586509060859680176e+01
5.632893061637878418e+01
5.676479148864746094e+01
5.720094823837280273e+01
5.766001152992248535e+01
5.819699692726135254e+01
5.864246201515197754e+01
5.910654783248901367e+01
5.955586814880371094e+01
6.001193404197692871e+01
6.046799182891845703e+01
6.093635106086730957e+01
6.138475322723388672e+01
6.188437438011169434e+01
6.234937620162963867e+01
6.279620909690856934e+01
6.323895859718322754e+01
6.366883659362792969e+01
6.411819410324096680e+01
6.459584021568298340e+01
6.506129503250122070e+01
6.554883909225463867e+01
6.603415799140930176e+01
6.651534867286682129e+01
6.695618939399719238e+01
6.745046377182006836e+01
6.800042891502380371e+01
6.858213901519775391e+01
6.922766470909118652e+01
6.995542526245117188e+01
7.045817351341247559e+01
7.093291664123535156e+01
7.174165916442871094e+01
7.237060618400573730e+01
7.299404883384704590e+01
7.382372093200683594e+01
7.446499133110046387e+01
7.621163558959960938e+01
7.685610079765319824e+01
7.747804331779479980e+01
7.798640298843383789e+01
7.851904129981994629e+01
7.900393509864807129e+01
7.950403380393981934e+01
7.996233725547790527e+01
8.048533964157104492e+01
8.108842849731445312e+01
8.161862540245056152e+01
8.228820586204528809e+01
8.284508442878723145e+01
8.369602918624877930e+01
8.508401513099670410e+01
8.606020903587341309e+01
8.688279438018798828e+01
8.743668818473815918e+01
8.805162501335144043e+01
8.915945434570312500e+01
8.976238250732421875e+01
9.033629035949707031e+01
9.088568067550659180e+01
9.143557238578796387e+01
9.215408253669738770e+01
9.288960576057434082e+01
9.361011815071105957e+01
9.417602062225341797e+01
9.485650420188903809e+01
9.539338636398315430e+01
9.589174032211303711e+01
9.644513416290283203e+01
9.696750545501708984e+01
9.747786808013916016e+01
9.817586469650268555e+01
9.879680585861206055e+01
9.946378064155578613e+01
1.001877949237823486e+02
1.006676359176635742e+02
1.011820437908172607e+02
1.016899044513702393e+02
