8.350932598114013672e-01
1.441549062728881836e+00
2.047027826309204102e+00
2.675974607467651367e+00
3.330940723419189453e+00
3.949414968490600586e+00
4.519320011138916016e+00
5.098731994628906250e+00
5.698158025741577148e+00
6.275068044662475586e+00
6.853979587554931641e+00
7.437394380569458008e+00
8.012328147888183594e+00
8.571225643157958984e+00
9.113111495971679688e+00
9.668506145477294922e+00
1.021439385414123535e+01
1.080231237411499023e+01
1.137573385238647461e+01
1.190159368515014648e+01
1.253604507446289062e+01
1.312346267700195312e+01
1.366937947273254395e+01
1.428932046890258789e+01
1.496079826354980469e+01
1.556022405624389648e+01
1.623970866203308105e+01
1.683112740516662598e+01
1.741908669471740723e+01
1.813212132453918457e+01
1.897522068023681641e+01
1.957614779472351074e+01
2.014555239677429199e+01
2.073447155952453613e+01
2.133239650726318359e+01
2.258028411865234375e+01
2.328228306770324707e+01
2.383467578887939453e+01
2.438306570053100586e+01
2.499500083923339844e+01
2.564045953750610352e+01
2.619585466384887695e+01
2.677226424217224121e+01
2.732265520095825195e+01
2.793609166145324707e+01
2.852400946617126465e+01
2.908390784263610840e+01
2.962779474258422852e+01
3.018168830871582031e+01
3.093822622299194336e+01
3.149162054061889648e+01
3.212256813049316406e+01
3.277603340148925781e+01
3.332292199134826660e+01
3.392434978485107422e+01
3.445272493362426758e+01
3.501812720298767090e+01
3.556851816177368164e+01
3.609539341926574707e+01
3.665529084205627441e+01
3.720568299293518066e+01
3.773505902290344238e+01
3.827594351768493652e+01
3.888437604904174805e+01
3.948980665206909180e+01
4.006771731376647949e+01
4.062211155891418457e+01
4.122904300689697266e+01
4.176992750167846680e+01
4.230330705642700195e+01
4.287971687316894531e+01
4.342510461807250977e+01
4.398100018501281738e+01
4.454740262031555176e+01
4.509178900718688965e+01
4.563269853591918945e+01
4.617408370971679688e+01
4.672797727584838867e+01
4.727236437797546387e+01
4.786228442192077637e+01
4.839766454696655273e+01
4.894060158729553223e+01
4.945896959304809570e+01
4.998334288597106934e+01
5.052923250198364258e+01
5.112165260314941406e+01
5.169055676460266113e+01
5.223994731903076172e+01
5.281135392189025879e+01
5.335223817825317383e+01
5.390413069725036621e+01
5.443801045417785645e+01
5.498990225791931152e+01
5.555180263519287109e+01
5.613221526145935059e+01
5.668110489845275879e+01
5.722048854827880859e+01
5.783695125579833984e+01
5.835732150077819824e+01
5.890921330451965332e+01
5.944709610939025879e+01
6.001950335502624512e+01
6.059140968322753906e+01
6.114430284500122070e+01
6.168969058990478516e+01
6.223858070373535156e+01
6.281348967552185059e+01
6.338389539718627930e+01
6.397931885719299316e+01
6.450569295883178711e+01
6.508310294151306152e+01
6.563199353218078613e+01
6.618588757514953613e+01
6.670575690269470215e+01
6.724163818359375000e+01
6.780153632164001465e+01
6.838094878196716309e+01
6.892833757400512695e+01
6.946571922302246094e+01
7.003362321853637695e+01
7.058751726150512695e+01
7.114491319656372070e+01
7.172332525253295898e+01
7.230373716354370117e+01
7.287564396858215332e+01
7.341903066635131836e+01
7.398121023178100586e+01
7.453410363197326660e+01
7.510951256752014160e+01
7.567241263389587402e+01
7.623631358146667480e+01
7.680071473121643066e+01
7.739914035797119141e+01
7.797605061531066895e+01
7.850894379615783691e+01
7.908185148239135742e+01
7.965175676345825195e+01
8.023567152023315430e+01
8.081658482551574707e+01
8.139149332046508789e+01
8.196139883995056152e+01
8.251529264450073242e+01
8.307720661163330078e+01
8.364009237289428711e+01
8.422050499916076660e+01
8.480241870880126953e+01
8.539185285568237305e+01
8.594724822044372559e+01
8.650714564323425293e+01
8.714710116386413574e+01
8.772150945663452148e+01
8.829391670227050781e+01
8.886332106590270996e+01
8.939469909667968750e+01
8.997316837310791016e+01
9.053556823730468750e+01
9.109246444702148438e+01
9.167437767982482910e+01
9.224678444862365723e+01
9.280368018150329590e+01
9.340360713005065918e+01
9.397351217269897461e+01
9.454942154884338379e+01
9.510631752014160156e+01
9.568977975845336914e+01
9.625618100166320801e+01
9.682658720016479492e+01
9.740349674224853516e+01
9.798190784454345703e+01
9.856782412528991699e+01
9.915574264526367188e+01
9.971964311599731445e+01
1.002925510406494141e+02
1.008979811668395996e+02
1.014598808288574219e+02
1.019997780323028564e+02
1.026667389869689941e+02
1.032221338748931885e+02
1.038150553703308105e+02
1.043964691162109375e+02
1.049798831939697266e+02
1.055723049640655518e+02
1.061517171859741211e+02
1.067486407756805420e+02
1.073575739860534668e+02
1.079620039463043213e+02
1.085699357986450195e+02
1.091343374252319336e+02
1.097353248596191406e+02
1.103327496051788330e+02
1.108996529579162598e+02
1.114695580005645752e+02
1.120824940204620361e+02
1.126524300575256348e+02
1.132418496608734131e+02
1.138147566318511963e+02
1.144066779613494873e+02
1.149800853729248047e+02
1.155624990463256836e+02
1.161894452571868896e+02
