5.834138393402099609e-01
1.093276977539062500e+00
1.602138757705688477e+00
2.094988822937011719e+00
2.568325281143188477e+00
3.068681716918945312e+00
3.593554496765136719e+00
4.061887502670288086e+00
4.583259105682373047e+00
5.077121257781982422e+00
5.620008468627929688e+00
6.149383783340454102e+00
6.657244682312011719e+00
7.157100200653076172e+00
7.662459611892700195e+00
8.158812046051025391e+00
8.659668684005737305e+00
9.164026975631713867e+00
9.684397459030151367e+00
1.016774058341979980e+01
1.065910410881042480e+01
1.118047451972961426e+01
1.167332506179809570e+01
1.217718362808227539e+01
1.270255661010742188e+01
1.320691514015197754e+01
1.374980163574218750e+01
1.421416163444519043e+01
1.471051454544067383e+01
1.522140049934387207e+01
1.572175598144531250e+01
1.625563597679138184e+01
1.673197436332702637e+01
1.721581792831420898e+01
1.772067737579345703e+01
1.820452141761779785e+01
1.871940684318542480e+01
1.922926926612854004e+01
1.978869128227233887e+01
2.029655265808105469e+01
2.079440665245056152e+01
2.129926586151123047e+01
2.180912756919860840e+01
2.233149957656860352e+01
2.303349852561950684e+01
2.377152299880981445e+01
2.427588248252868652e+01
2.485979771614074707e+01
2.572190999984741211e+01
2.654499578475952148e+01
2.712941050529479980e+01
2.764978075027465820e+01
2.816915011405944824e+01
2.881160688400268555e+01
2.940402913093566895e+01
3.017707800865173340e+01
3.076399493217468262e+01
3.152703809738159180e+01
3.210294699668884277e+01
3.258679103851318359e+01
3.313368010520935059e+01
3.366659235954284668e+01
3.417797422409057617e+01
3.468533444404602051e+01
3.521871376037597656e+01
3.575209307670593262e+01
3.631749510765075684e+01
3.681484866142272949e+01
3.737983059883117676e+01
3.793072199821472168e+01
3.843414425849914551e+01
3.901705837249755859e+01
3.963049483299255371e+01
4.014539909362792969e+01
4.067882418632507324e+01
4.117968010902404785e+01
4.175208783149719238e+01
4.234450864791870117e+01
4.340828156471252441e+01
4.394466304779052734e+01
4.450260114669799805e+01
4.500245666503906250e+01
4.554085516929626465e+01
4.608374142646789551e+01
4.664063787460327148e+01
4.719953417778015137e+01
4.772390723228454590e+01
4.825828766822814941e+01
4.893977236747741699e+01
4.972282838821411133e+01
5.033676552772521973e+01
5.104476928710937500e+01
5.182332229614257812e+01
5.259036850929260254e+01
5.328536176681518555e+01
5.417599511146545410e+01
5.484046721458435059e+01
5.536684179306030273e+01
5.595976376533508301e+01
5.655968952178955078e+01
5.708256173133850098e+01
5.764546155929565430e+01
5.827891206741333008e+01
5.881529378890991211e+01
5.986854243278503418e+01
6.054102039337158203e+01
6.123251223564147949e+01
6.201766157150268555e+01
6.267663097381591797e+01
6.327705717086791992e+01
6.387998652458190918e+01
6.452144217491149902e+01
6.535203242301940918e+01
6.603852105140686035e+01
6.691964697837829590e+01
6.789083719253540039e+01
6.857582449913024902e+01
6.913125896453857422e+01
6.967419576644897461e+01
7.020707488059997559e+01
7.072844576835632324e+01
7.135589170455932617e+01
7.188776993751525879e+01
7.245867586135864258e+01
7.295653009414672852e+01
7.354097223281860352e+01
7.406684637069702148e+01
7.461923885345458984e+01
7.517613482475280762e+01
7.573803448677062988e+01
7.630944037437438965e+01
7.681430006027221680e+01
7.737419795989990234e+01
7.788806343078613281e+01
7.844746088981628418e+01
7.910989332199096680e+01
7.972132778167724609e+01
8.031625103950500488e+01
8.082315325736999512e+01
8.149713277816772461e+01
8.207554388046264648e+01
8.259391260147094727e+01
8.313930058479309082e+01
8.369219350814819336e+01
8.424358654022216797e+01
8.480398392677307129e+01
8.537691307067871094e+01
8.591829776763916016e+01
8.648420023918151855e+01
8.700807285308837891e+01
8.750542664527893066e+01
8.805231547355651855e+01
8.859770298004150391e+01
8.914609289169311523e+01
8.974101614952087402e+01
9.045902657508850098e+01
9.115352034568786621e+01
9.179147481918334961e+01
9.239290189743041992e+01
9.290076279640197754e+01
9.368982434272766113e+01
9.449139499664306641e+01
9.500175642967224121e+01
9.551514673233032227e+01
9.606303715705871582e+01
9.662893867492675781e+01
9.717432641983032227e+01
9.793386673927307129e+01
9.849126267433166504e+01
9.902814483642578125e+01
9.956702780723571777e+01
1.001109251976013184e+02
1.007098515033721924e+02
1.012452666759490967e+02
1.018156723976135254e+02
1.023615603446960449e+02
1.029304649829864502e+02
1.034838986396789551e+02
1.040392944812774658e+02
1.046081984043121338e+02
1.051270670890808105e+02
1.056780047416687012e+02
1.062504122257232666e+02
1.067652781009674072e+02
1.073692083358764648e+02
1.079237017631530762e+02
1.085196254253387451e+02
1.092311313152313232e+02
1.104239797592163086e+02
1.110914540290832520e+02
1.118554973602294922e+02
1.126455597877502441e+02
1.132404816150665283e+02
1.137863698005676270e+02
1.149031643867492676e+02
1.154990878105163574e+02
1.160184571743011475e+02
1.165593419075012207e+02
1.171072475910186768e+02
1.176876435279846191e+02
