2.254652738571166992e+00
2.636953592300415039e+00
2.999513387680053711e+00
3.381067752838134766e+00
3.769617795944213867e+00
4.147657632827758789e+00
4.593212604522705078e+00
4.953284502029418945e+00
5.318593740463256836e+00
5.693922042846679688e+00
6.066106319427490234e+00
6.445871829986572266e+00
6.817939519882202148e+00
7.173292160034179688e+00
7.549590826034545898e+00
7.912617683410644531e+00
8.287853717803955078e+00
8.656907796859741211e+00
9.038045167922973633e+00
9.423110485076904297e+00
9.794871807098388672e+00
1.017764806747436523e+01
1.056270861625671387e+01
1.095449137687683105e+01
1.133791303634643555e+01
1.172481346130371094e+01
1.209488868713378906e+01
1.246618509292602539e+01
1.284901809692382812e+01
1.322557163238525391e+01
1.361569690704345703e+01
1.400819754600524902e+01
1.437687635421752930e+01
1.475354480743408203e+01
1.512812113761901855e+01
1.552854299545288086e+01
1.589811801910400391e+01
1.627618718147277832e+01
1.665344810485839844e+01
1.702939319610595703e+01
1.741515994071960449e+01
1.779461503028869629e+01
1.818519949913024902e+01
1.859822273254394531e+01
1.898900604248046875e+01
1.935565567016601562e+01
1.974842596054077148e+01
2.012413883209228516e+01
2.049592304229736328e+01
2.087443733215332031e+01
2.125164198875427246e+01
2.163309931755065918e+01
2.200785589218139648e+01
2.245011878013610840e+01
2.286143374443054199e+01
2.327746701240539551e+01
2.367005801200866699e+01
2.407761359214782715e+01
2.447262811660766602e+01
2.485977649688720703e+01
2.523338675498962402e+01
2.561434602737426758e+01
2.600873661041259766e+01
2.639403200149536133e+01
2.676471495628356934e+01
2.714854145050048828e+01
2.753805828094482422e+01
2.792910480499267578e+01
2.832413935661315918e+01
2.870365166664123535e+01
2.909776425361633301e+01
2.948081183433532715e+01
2.988117814064025879e+01
3.027099633216857910e+01
3.064810109138488770e+01
3.105272889137268066e+01
3.143340301513671875e+01
3.186605691909790039e+01
3.229412412643432617e+01
3.267266988754272461e+01
3.305510854721069336e+01
3.367813611030578613e+01
3.413107323646545410e+01
3.473602509498596191e+01
3.518734622001647949e+01
3.562862825393676758e+01
3.602953457832336426e+01
3.642964720726013184e+01
3.694413709640502930e+01
3.742648029327392578e+01
3.787780141830444336e+01
3.836914968490600586e+01
3.877613735198974609e+01
3.920010900497436523e+01
3.981554651260375977e+01
4.023784708976745605e+01
4.068799090385437012e+01
4.150007867813110352e+01
4.203121352195739746e+01
4.323393416404724121e+01
4.386988615989685059e+01
4.468546581268310547e+01
4.526787996292114258e+01
4.588982295989990234e+01
4.677295017242431641e+01
4.751247596740722656e+01
4.878638172149658203e+01
4.944885301589965820e+01
5.002126002311706543e+01
5.079430913925170898e+01
5.124012637138366699e+01
5.193261909484863281e+01
5.269115829467773438e+01
5.341367173194885254e+01
5.427528429031372070e+01
5.532002735137939453e+01
5.588893175125122070e+01
5.657241868972778320e+01
5.727691936492919922e+01
5.780979800224304199e+01
5.872094511985778809e+01
5.927634024620056152e+01
5.977819681167602539e+01
6.029456448554992676e+01
6.088348340988159180e+01
6.130077981948852539e+01
6.171802163124084473e+01
6.214539361000061035e+01
6.262182593345642090e+01
6.301160287857055664e+01
6.343608570098876953e+01
6.391228723526000977e+01
6.430013275146484375e+01
6.470395016670227051e+01
6.513373422622680664e+01
6.553716325759887695e+01
6.595364809036254883e+01
6.637967181205749512e+01
6.678104114532470703e+01
6.765566349029541016e+01
6.813500404357910156e+01
6.858912110328674316e+01
6.900116372108459473e+01
6.940567517280578613e+01
6.982247734069824219e+01
7.022227764129638672e+01
7.064282655715942383e+01
7.103010129928588867e+01
7.143803715705871582e+01
7.184663677215576172e+01
7.226463842391967773e+01
7.268706846237182617e+01
7.318128633499145508e+01
7.358720135688781738e+01
7.397708988189697266e+01
7.437898230552673340e+01
7.478737330436706543e+01
7.528930354118347168e+01
7.569188094139099121e+01
7.619151973724365234e+01
7.663547635078430176e+01
7.716285133361816406e+01
7.756663846969604492e+01
7.797948980331420898e+01
7.838095664978027344e+01
7.879454088211059570e+01
7.923167538642883301e+01
7.963402414321899414e+01
8.003926467895507812e+01
8.048659276962280273e+01
8.087702250480651855e+01
8.130414390563964844e+01
8.176232671737670898e+01
8.228319716453552246e+01
8.271676182746887207e+01
8.312125802040100098e+01
8.353814888000488281e+01
8.393945837020874023e+01
8.432939481735229492e+01
8.473962306976318359e+01
8.514571928977966309e+01
8.556804180145263672e+01
8.597516417503356934e+01
8.637003064155578613e+01
8.678070306777954102e+01
8.719239926338195801e+01
8.759661889076232910e+01
8.804732489585876465e+01
8.847015523910522461e+01
8.889465856552124023e+01
8.929594087600708008e+01
8.971785831451416016e+01
9.012514758110046387e+01
9.054694819450378418e+01
9.096832799911499023e+01
9.136210799217224121e+01
9.180428385734558105e+01
9.222553610801696777e+01
9.261667799949645996e+01
9.301772952079772949e+01
