1.456035614013671875e+00
2.753868103027343750e+00
4.078810453414916992e+00
5.425268411636352539e+00
6.723691463470458984e+00
8.025117635726928711e+00
9.370074272155761719e+00
1.066099238395690918e+01
1.195291137695312500e+01
1.325483798980712891e+01
1.454225301742553711e+01
1.586319255828857422e+01
1.721765685081481934e+01
1.853059005737304688e+01
1.982701349258422852e+01
2.115095400810241699e+01
2.251592588424682617e+01
2.384737205505371094e+01
2.517281484603881836e+01
2.649725699424743652e+01
2.780221486091613770e+01
2.913766527175903320e+01
3.046482944488525391e+01
3.178576922416687012e+01
3.315674400329589844e+01
3.451671171188354492e+01
3.585666489601135254e+01
3.718010592460632324e+01
3.852306103706359863e+01
3.981347918510437012e+01
4.116444039344787598e+01
4.249288535118103027e+01
4.381107354164123535e+01
4.514802455902099609e+01
4.646245956420898438e+01
4.776038265228271484e+01
4.906531095504760742e+01
5.038725090026855469e+01
5.169918441772460938e+01
5.302562880516052246e+01
5.436707901954650879e+01
5.568451595306396484e+01
5.703047394752502441e+01
5.841295719146728516e+01
5.972238802909851074e+01
6.106134033203125000e+01
6.238729572296142578e+01
6.371073746681213379e+01
6.505219316482543945e+01
6.651773405075073242e+01
6.789671540260314941e+01
6.922165727615356445e+01
7.057361936569213867e+01
7.187806296348571777e+01
7.333334183692932129e+01
7.472883486747741699e+01
7.607078957557678223e+01
7.739072799682617188e+01
7.873068237304687500e+01
8.007613849639892578e+01
8.143860769271850586e+01
8.277105545997619629e+01
8.415253782272338867e+01
8.553552150726318359e+01
8.685345911979675293e+01
8.817840266227722168e+01
8.960641765594482422e+01
9.105294585227966309e+01
9.239390039443969727e+01
9.371083641052246094e+01
9.503828144073486328e+01
9.638123655319213867e+01
9.781875920295715332e+01
9.916523337364196777e+01
1.005016820430755615e+02
1.018536288738250732e+02
1.031630847454071045e+02
1.045065398216247559e+02
1.058229763507843018e+02
1.071954529285430908e+02
1.085659277439117432e+02
1.098858709335327148e+02
1.112652757167816162e+02
1.126032269001007080e+02
1.139086554050445557e+02
1.152591166496276855e+02
1.166541087627410889e+02
1.180000669956207275e+02
1.193775467872619629e+02
1.207025020122528076e+02
1.220664584636688232e+02
1.234129164218902588e+02
1.247758858203887939e+02
1.261343524456024170e+02
1.274657380580902100e+02
1.288352115154266357e+02
1.302712461948394775e+02
1.316633853912353516e+02
1.330293576717376709e+02
1.343973300457000732e+02
1.357187697887420654e+02
1.370612244606018066e+02
1.384327001571655273e+02
1.397671494483947754e+02
1.411416273117065430e+02
1.425721447467803955e+02
1.438990883827209473e+02
1.452435448169708252e+02
1.466485443115234375e+02
1.479653897285461426e+02
1.493223550319671631e+02
1.506903285980224609e+02
1.520347845554351807e+02
1.534592983722686768e+02
1.547867419719696045e+02
1.561547157764434814e+02
1.575181851387023926e+02
1.589041709899902344e+02
1.602671408653259277e+02
1.616921548843383789e+02
1.630190975666046143e+02
1.644396085739135742e+02
1.657635505199432373e+02
1.671150121688842773e+02
1.684649715423583984e+02
1.698140492439270020e+02
1.712010357379913330e+02
1.726780872344970703e+02
1.740625712871551514e+02
1.753995225429534912e+02
1.767264671325683594e+02
1.780734243392944336e+02
1.794181683063507080e+02
1.807351050376892090e+02
1.820840642452239990e+02
1.834560406208038330e+02
1.848530347347259521e+02
1.863215782642364502e+02
1.876968107223510742e+02
1.890687868595123291e+02
1.904362597465515137e+02
1.917742142677307129e+02
1.931191682815551758e+02
1.944806485176086426e+02
1.958286070823669434e+02
1.972040858268737793e+02
1.985330312252044678e+02
1.999105107784271240e+02
2.012719795703887939e+02
2.025924201011657715e+02
2.039244720935821533e+02
2.052949471473693848e+02
2.066198892593383789e+02
2.079608430862426758e+02
2.093278155326843262e+02
2.106637656688690186e+02
2.120767982006072998e+02
2.134237558841705322e+02
2.148227508068084717e+02
2.162197444438934326e+02
2.175532083511352539e+02
2.189646971225738525e+02
2.203772020339965820e+02
2.217771978378295898e+02
2.231461710929870605e+02
2.245256524085998535e+02
2.259246485233306885e+02
2.273246438503265381e+02
2.286851136684417725e+02
2.300480809211730957e+02
2.314120512008666992e+02
2.327905316352844238e+02
2.342355597019195557e+02
2.356395583152770996e+02
2.369905190467834473e+02
2.386547024250030518e+02
2.400406887531280518e+02
2.414712061882019043e+02
2.428051548004150391e+02
2.441616208553314209e+02
2.455135817527770996e+02
2.468650426864624023e+02
2.483496084213256836e+02
2.497105770111083984e+02
2.510885567665100098e+02
2.524485242366790771e+02
2.537824733257293701e+02
2.551379520893096924e+02
2.565169186592102051e+02
2.578443622589111328e+02
2.591988267898559570e+02
2.606018238067626953e+02
2.619457798004150391e+02
2.632932384014129639e+02
2.646441996097564697e+02
2.660236811637878418e+02
2.674009473323822021e+02
2.687564115524291992e+02
2.701604096889495850e+02
2.716149444580078125e+02
