1.983911752700805664e+00
3.705635786056518555e+00
5.271749973297119141e+00
6.813346624374389648e+00
8.420489788055419922e+00
1.017073440551757812e+01
1.173484706878662109e+01
1.327194166183471680e+01
1.494863367080688477e+01
1.651174497604370117e+01
1.812639355659484863e+01
1.979257917404174805e+01
2.167292857170104980e+01
2.327907204627990723e+01
2.488070964813232422e+01
2.633724617958068848e+01
2.781829953193664551e+01
2.925782370567321777e+01
3.079741883277893066e+01
3.228897953033447266e+01
3.383964157104492188e+01
3.538735127449035645e+01
3.691384053230285645e+01
3.842024493217468262e+01
3.995895719528198242e+01
4.147790002822875977e+01
4.298280501365661621e+01
4.448481011390686035e+01
4.598970055580139160e+01
4.751140570640563965e+01
4.901521539688110352e+01
5.054634237289428711e+01
5.217678165435791016e+01
5.374285244941711426e+01
5.540976834297180176e+01
5.697633361816406250e+01
5.857325410842895508e+01
6.017825627326965332e+01
6.182683467864990234e+01
6.340077114105224609e+01
6.498833370208740234e+01
6.649983763694763184e+01
6.799383711814880371e+01
6.974905872344970703e+01
7.129727530479431152e+01
7.290491008758544922e+01
7.450921010971069336e+01
7.604194021224975586e+01
7.749362564086914062e+01
7.892436981201171875e+01
8.034610152244567871e+01
8.178540015220642090e+01
8.324664330482482910e+01
8.468936371803283691e+01
8.610056352615356445e+01
8.751941585540771484e+01
8.911163949966430664e+01
9.070264768600463867e+01
9.216562938690185547e+01
9.361930227279663086e+01
9.507251548767089844e+01
9.661362719535827637e+01
9.803258609771728516e+01
9.949174118041992188e+01
1.009370324611663818e+02
1.023563916683197021e+02
1.037815322875976562e+02
1.052219219207763672e+02
1.066654832363128662e+02
1.080821688175201416e+02
1.095207514762878418e+02
1.109364750385284424e+02
1.123775148391723633e+02
1.138165984153747559e+02
1.152405037879943848e+02
1.166878614425659180e+02
1.181478765010833740e+02
1.195916008949279785e+02
1.210346469879150391e+02
1.225000000000000000e+02
1.239262938499450684e+02
1.253989605903625488e+02
1.268228890895843506e+02
1.282612574100494385e+02
1.296833775043487549e+02
1.310986690521240234e+02
1.325381095409393311e+02
1.339853343963623047e+02
1.354215683937072754e+02
1.368514881134033203e+02
1.382608194351196289e+02
1.397028355598449707e+02
1.411460814476013184e+02
1.425551903247833252e+02
1.439923563003540039e+02
1.454365155696868896e+02
1.468813002109527588e+02
1.483134431838989258e+02
1.497632238864898682e+02
1.512070505619049072e+02
1.526241877079010010e+02
1.540580813884735107e+02
1.554970672130584717e+02
1.569237122535705566e+02
1.583565936088562012e+02
1.598192725181579590e+02
1.613453209400177002e+02
1.629138119220733643e+02
1.644988443851470947e+02
1.659814686775207520e+02
1.674383485317230225e+02
1.688894889354705811e+02
1.703184809684753418e+02
1.717805376052856445e+02
1.732199852466583252e+02
1.746531243324279785e+02
1.760934872627258301e+02
1.775284562110900879e+02
1.789677133560180664e+02
1.804170696735382080e+02
1.818574528694152832e+02
1.833044004440307617e+02
1.847518382072448730e+02
1.862165341377258301e+02
1.876674952507019043e+02
1.891072638034820557e+02
1.905640540122985840e+02
1.920005421638488770e+02
1.934877500534057617e+02
1.949152135848999023e+02
1.963659107685089111e+02
1.978267629146575928e+02
1.992519242763519287e+02
2.006867516040802002e+02
2.021626515388488770e+02
2.036072571277618408e+02
2.050631170272827148e+02
2.065108745098114014e+02
2.079877831935882568e+02
2.094145128726959229e+02
2.108815395832061768e+02
2.123305835723876953e+02
2.137624402046203613e+02
2.152141005992889404e+02
2.166754570007324219e+02
2.181241440773010254e+02
2.195605063438415527e+02
2.211002805233001709e+02
2.225460686683654785e+02
2.239800415039062500e+02
2.254520261287689209e+02
2.269313864707946777e+02
2.285005023479461670e+02
2.299650447368621826e+02
2.314395930767059326e+02
2.329231488704681396e+02
2.343856885433197021e+02
2.358932616710662842e+02
2.374678819179534912e+02
2.389549384117126465e+02
2.404139769077301025e+02
2.419180467128753662e+02
2.434016017913818359e+02
2.449086737632751465e+02
2.463907277584075928e+02
2.478682794570922852e+02
2.493543355464935303e+02
2.508342981338500977e+02
2.523033430576324463e+02
2.537733893394470215e+02
2.552729558944702148e+02
2.567835295200347900e+02
2.582886009216308594e+02
2.598191890716552734e+02
2.614438455104827881e+02
2.629233970642089844e+02
2.644229643344879150e+02
2.660316083431243896e+02
2.675917181968688965e+02
2.690802767276763916e+02
2.705788424015045166e+02
2.720704035758972168e+02
2.735344452857971191e+02
2.750129966735839844e+02
2.765005548000335693e+02
2.780031237602233887e+02
2.794901816844940186e+02
2.809542226791381836e+02
2.824172637462615967e+02
2.838898108005523682e+02
2.853508498668670654e+02
2.868213961124420166e+02
2.883079531192779541e+02
2.897674920558929443e+02
2.912535488605499268e+02
2.927210927009582520e+02
2.942136545181274414e+02
2.957202332019805908e+02
2.972653329372406006e+02
2.987388803958892822e+02
