1.568615674972534180e+00
3.069683551788330078e+00
4.582759857177734375e+00
6.060310840606689453e+00
7.563880681991577148e+00
9.039429903030395508e+00
1.053249192237854004e+01
1.202505350112915039e+01
1.350660705566406250e+01
1.499316477775573730e+01
1.650073671340942383e+01
1.800080418586730957e+01
1.949736881256103516e+01
2.098192453384399414e+01
2.246698093414306641e+01
2.395553970336914062e+01
2.543659305572509766e+01
2.688512420654296875e+01
2.838018679618835449e+01
2.986424255371093750e+01
3.136380958557128906e+01
3.287138938903808594e+01
3.435594534873962402e+01
3.586702036857604980e+01
3.737959599494934082e+01
3.886215090751647949e+01
4.036896419525146484e+01
4.187853860855102539e+01
4.335708975791931152e+01
4.483013772964477539e+01
4.631219148635864258e+01
4.781175851821899414e+01
4.930381989479064941e+01
5.078687500953674316e+01
5.228894305229187012e+01
5.377383208274841309e+01
5.528290534019470215e+01
5.677037334442138672e+01
5.829235553741455078e+01
5.975114417076110840e+01
6.124377965927124023e+01
6.278596305847167969e+01
6.429531025886535645e+01
6.578588104248046875e+01
6.728095149993896484e+01
6.876719880104064941e+01
7.025057125091552734e+01
7.175967597961425781e+01
7.326387977600097656e+01
7.476076865196228027e+01
7.626019072532653809e+01
7.778139829635620117e+01
7.926412677764892578e+01
8.078195476531982422e+01
8.227842497825622559e+01
8.376747417449951172e+01
8.530354547500610352e+01
8.680300211906433105e+01
8.833970284461975098e+01
8.985337662696838379e+01
9.132925415039062500e+01
9.283698058128356934e+01
9.432846617698669434e+01
9.583679032325744629e+01
9.734248542785644531e+01
9.887231945991516113e+01
1.003984615802764893e+02
1.019180295467376709e+02
1.034074807167053223e+02
1.049058895111083984e+02
1.063989126682281494e+02
1.078883860111236572e+02
1.093969585895538330e+02
1.108948242664337158e+02
1.124177184104919434e+02
1.139246091842651367e+02
1.154139952659606934e+02
1.169218590259552002e+02
1.184390180110931396e+02
1.199203255176544189e+02
1.214253339767456055e+02
1.229663848876953125e+02
1.245285398960113525e+02
1.260581815242767334e+02
1.275905699729919434e+02
1.291730542182922363e+02
1.307196545600891113e+02
1.322539026737213135e+02
1.337564959526062012e+02
1.352621486186981201e+02
1.369849820137023926e+02
1.384980208873748779e+02
1.400060255527496338e+02
1.415349633693695068e+02
1.431540346145629883e+02
1.446914575099945068e+02
1.462719066143035889e+02
1.478160328865051270e+02
1.493489706516265869e+02
1.508664219379425049e+02
1.523789529800415039e+02
1.539009616374969482e+02
1.554339747428894043e+02
1.569533641338348389e+02
1.584718506336212158e+02
1.599953637123107910e+02
1.615525074005126953e+02
1.630730831623077393e+02
1.645924785137176514e+02
1.661058759689331055e+02
1.676564500331878662e+02
1.692264053821563721e+02
1.707775480747222900e+02
1.722795708179473877e+02
1.738545336723327637e+02
1.753974876403808594e+02
1.770094723701477051e+02
1.785466704368591309e+02
1.800613918304443359e+02
1.815724296569824219e+02
1.830788743495941162e+02
1.846664407253265381e+02
1.861940183639526367e+02
1.878024387359619141e+02
1.893853769302368164e+02
1.909181079864501953e+02
1.925084652900695801e+02
1.940913312435150146e+02
1.955894982814788818e+02
1.971324689388275146e+02
1.986610040664672852e+02
2.001659154891967773e+02
2.016739990711212158e+02
2.031833994388580322e+02
2.047035975456237793e+02
2.062354969978332520e+02
2.077673854827880859e+02
2.092938044071197510e+02
2.108163244724273682e+02
2.123334319591522217e+02
2.138873546123504639e+02
2.154089531898498535e+02
2.170975017547607422e+02
2.186268057823181152e+02
2.201463789939880371e+02
2.216925632953643799e+02
2.232344312667846680e+02
2.248725259304046631e+02
2.264194726943969727e+02
2.279558336734771729e+02
2.294805343151092529e+02
2.309904570579528809e+02
2.325229685306549072e+02
2.340393817424774170e+02
2.355964529514312744e+02
2.371624965667724609e+02
2.387024955749511719e+02
2.403405041694641113e+02
2.418673613071441650e+02
2.433758668899536133e+02
2.449233319759368896e+02
2.464549639225006104e+02
2.480084342956542969e+02
2.496189470291137695e+02
2.511853737831115723e+02
2.528128128051757812e+02
2.543109757900238037e+02
2.558334512710571289e+02
2.573347973823547363e+02
2.588924252986907959e+02
2.605018455982208252e+02
2.620413906574249268e+02
2.635699086189270020e+02
2.650939731597900391e+02
2.666388738155364990e+02
2.682673239707946777e+02
2.698915238380432129e+02
2.714034111499786377e+02
2.729484870433807373e+02
2.744614701271057129e+02
2.759837739467620850e+02
2.775293052196502686e+02
2.790700349807739258e+02
2.805734410285949707e+02
2.821085379123687744e+02
2.836604382991790771e+02
2.852053489685058594e+02
2.867329924106597900e+02
2.882794167995452881e+02
2.898277735710144043e+02
2.913564689159393311e+02
2.928935761451721191e+02
2.944440250396728516e+02
2.959884319305419922e+02
2.975270140171051025e+02
2.990614149570465088e+02
3.006113970279693604e+02
3.021484031677246094e+02
3.036769883632659912e+02
3.052280049324035645e+02
