1.751184225082397461e+00
3.403625011444091797e+00
5.031679153442382812e+00
6.672753334045410156e+00
8.300011157989501953e+00
9.970496892929077148e+00
1.161295342445373535e+01
1.322844243049621582e+01
1.488579821586608887e+01
1.650842642784118652e+01
1.816228175163269043e+01
1.979421806335449219e+01
2.145347332954406738e+01
2.309028196334838867e+01
2.471600842475891113e+01
2.636454248428344727e+01
2.800438952445983887e+01
2.964246439933776855e+01
3.127548265457153320e+01
3.291287469863891602e+01
3.460850906372070312e+01
3.625828170776367188e+01
3.789009761810302734e+01
3.954824638366699219e+01
4.121100783348083496e+01
4.284095549583435059e+01
4.447763180732727051e+01
4.610751891136169434e+01
4.775930190086364746e+01
4.937601065635681152e+01
5.099866509437561035e+01
5.263245487213134766e+01
5.427123951911926270e+01
5.594574975967407227e+01
5.760724306106567383e+01
5.925569462776184082e+01
6.091103816032409668e+01
6.255151939392089844e+01
6.418728113174438477e+01
6.582012915611267090e+01
6.748938655853271484e+01
6.913335776329040527e+01
7.079957509040832520e+01
7.244596576690673828e+01
7.409538817405700684e+01
7.577821016311645508e+01
7.741307878494262695e+01
7.905716395378112793e+01
8.071349501609802246e+01
8.239442324638366699e+01
8.405607080459594727e+01
8.572662615776062012e+01
8.739188909530639648e+01
8.904388236999511719e+01
9.067437076568603516e+01
9.232140922546386719e+01
9.400550317764282227e+01
9.564141750335693359e+01
9.729725766181945801e+01
9.893439912796020508e+01
1.005914976596832275e+02
1.022474691867828369e+02
1.039062409400939941e+02
1.055590822696685791e+02
1.072159183025360107e+02
1.088735718727111816e+02
1.105190649032592773e+02
1.121850614547729492e+02
1.138462426662445068e+02
1.155060284137725830e+02
1.171620297431945801e+02
1.188119456768035889e+02
1.204808363914489746e+02
1.221591210365295410e+02
1.237714705467224121e+02
1.254374668598175049e+02
1.270671043395996094e+02
1.287631962299346924e+02
1.304262781143188477e+02
1.320510191917419434e+02
1.337481174468994141e+02
1.354102377891540527e+02
1.370647163391113281e+02
1.387181289196014404e+02
1.403678715229034424e+02
1.421276268959045410e+02
1.438541619777679443e+02
1.455567247867584229e+02
1.472259411811828613e+02
1.489019584655761719e+02
1.505919547080993652e+02
1.522520956993103027e+02
1.538849554061889648e+02
1.555598378181457520e+02
1.572413187026977539e+02
1.589075214862823486e+02
1.605352118015289307e+02
1.622087891101837158e+02
1.638485333919525146e+02
1.655170369148254395e+02
1.671962831020355225e+02
1.688794083595275879e+02
1.705512142181396484e+02
1.722036032676696777e+02
1.738714005947113037e+02
1.755188944339752197e+02
1.771767246723175049e+02
1.788730976581573486e+02
1.805356111526489258e+02
1.821958165168762207e+02
1.838535420894622803e+02
1.855224103927612305e+02
1.871819808483123779e+02
1.888399524688720703e+02
1.905020549297332764e+02
1.921879446506500244e+02
1.938361496925354004e+02
1.954713394641876221e+02
1.971163132190704346e+02
1.987902941703796387e+02
2.004544579982757568e+02
2.021326403617858887e+02
2.038057000637054443e+02
2.054858562946319580e+02
2.072086741924285889e+02
2.089144012928009033e+02
2.106076827049255371e+02
2.122843935489654541e+02
2.139605302810668945e+02
2.156286571025848389e+02
2.172894647121429443e+02
2.189595499038696289e+02
2.206297488212585449e+02
2.223020884990692139e+02
2.239582018852233887e+02
2.256851758956909180e+02
2.273676884174346924e+02
2.290483520030975342e+02
2.307320823669433594e+02
2.324128708839416504e+02
2.341155881881713867e+02
2.357990303039550781e+02
2.374976286888122559e+02
2.392100384235382080e+02
2.408861761093139648e+02
2.425847568511962891e+02
2.442290303707122803e+02
2.459073948860168457e+02
2.475969710350036621e+02
2.492467050552368164e+02
2.509399819374084473e+02
2.526008627414703369e+02
2.542858779430389404e+02
2.559519093036651611e+02
2.576130604743957520e+02
2.593054723739624023e+02
2.609967184066772461e+02
2.626608567237854004e+02
2.643340299129486084e+02
2.660078742504119873e+02
2.677044858932495117e+02
2.694399721622467041e+02
2.711100850105285645e+02
2.727940478324890137e+02
2.744820606708526611e+02
2.761687192916870117e+02
2.778707394599914551e+02
2.795287675857543945e+02
2.812056329250335693e+02
2.828715982437133789e+02
2.846001739501953125e+02
2.862651412487030029e+02
2.879468982219696045e+02
2.896348471641540527e+02
2.913392362594604492e+02
2.930258491039276123e+02
2.947173323631286621e+02
2.964152722358703613e+02
2.980906312465667725e+02
2.997738370895385742e+02
3.014617631435394287e+02
3.031501019001007080e+02
3.048531639575958252e+02
3.065381174087524414e+02
3.082236330509185791e+02
3.098793377876281738e+02
3.115606713294982910e+02
3.132780668735504150e+02
3.149632654190063477e+02
3.166523516178131104e+02
3.183335471153259277e+02
3.200325906276702881e+02
3.217390503883361816e+02
3.233971898555755615e+02
3.250693793296813965e+02
3.267536916732788086e+02
3.284589660167694092e+02
3.301406986713409424e+02
3.318442206382751465e+02
3.335420167446136475e+02
