1.693338871002197266e+00
3.275285959243774414e+00
4.874898433685302734e+00
6.480986595153808594e+00
8.061701297760009766e+00
9.658182144165039062e+00
1.123277544975280762e+01
1.280999827384948730e+01
1.442270469665527344e+01
1.601337790489196777e+01
1.760824418067932129e+01
1.918130588531494141e+01
2.087664866447448730e+01
2.244032454490661621e+01
2.403487586975097656e+01
2.561547017097473145e+01
2.721243381500244141e+01
2.879711604118347168e+01
3.042631387710571289e+01
3.202991986274719238e+01
3.362587165832519531e+01
3.526128935813903809e+01
3.684278345108032227e+01
3.842475080490112305e+01
3.999856066703796387e+01
4.158654475212097168e+01
4.318758344650268555e+01
4.478258061408996582e+01
4.638272809982299805e+01
4.795658659934997559e+01
4.959654235839843750e+01
5.129737067222595215e+01
5.290388822555541992e+01
5.446632528305053711e+01
5.605532360076904297e+01
5.765560340881347656e+01
5.925437092781066895e+01
6.085022306442260742e+01
6.244812202453613281e+01
6.402693223953247070e+01
6.563054871559143066e+01
6.723952603340148926e+01
6.881573319435119629e+01
7.039485001564025879e+01
7.199577713012695312e+01
7.358320021629333496e+01
7.519493865966796875e+01
7.679393982887268066e+01
7.839225292205810547e+01
7.998447585105895996e+01
8.158913612365722656e+01
8.318721652030944824e+01
8.478120923042297363e+01
8.637890315055847168e+01
8.797975993156433105e+01
8.958788108825683594e+01
9.118569421768188477e+01
9.279269886016845703e+01
9.438683915138244629e+01
9.598723888397216797e+01
9.756562757492065430e+01
9.928282523155212402e+01
1.009021768569946289e+02
1.025121655464172363e+02
1.041382496356964111e+02
1.057562458515167236e+02
1.073747925758361816e+02
1.089665009975433350e+02
1.105959830284118652e+02
1.121854820251464844e+02
1.137981233596801758e+02
1.154061501026153564e+02
1.170202090740203857e+02
1.186221415996551514e+02
1.203073704242706299e+02
1.219109690189361572e+02
1.235183782577514648e+02
1.251754884719848633e+02
1.267976875305175781e+02
1.284100937843322754e+02
1.300340287685394287e+02
1.316860630512237549e+02
1.333131141662597656e+02
1.349083518981933594e+02
1.365212399959564209e+02
1.381937999725341797e+02
1.398134810924530029e+02
1.414238336086273193e+02
1.431119740009307861e+02
1.447280125617980957e+02
1.463609232902526855e+02
1.479803900718688965e+02
1.496016497611999512e+02
1.512076942920684814e+02
1.528093593120574951e+02
1.544438135623931885e+02
1.560373706817626953e+02
1.576661906242370605e+02
1.592767758369445801e+02
1.609037678241729736e+02
1.625357408523559570e+02
1.641626954078674316e+02
1.658047652244567871e+02
1.674167718887329102e+02
1.690258681774139404e+02
1.706431648731231689e+02
1.722491240501403809e+02
1.738555209636688232e+02
1.755221943855285645e+02
1.771452069282531738e+02
1.787481758594512939e+02
1.803889253139495850e+02
1.819969811439514160e+02
1.835699794292449951e+02
1.851913878917694092e+02
1.868197958469390869e+02
1.884123229980468750e+02
1.900644822120666504e+02
1.917008638381958008e+02
1.933235375881195068e+02
1.949206027984619141e+02
1.965252356529235840e+02
1.981218917369842529e+02
1.997446951866149902e+02
2.014061701297760010e+02
2.030298724174499512e+02
2.046465313434600830e+02
2.062558245658874512e+02
2.078936481475830078e+02
2.097870535850524902e+02
2.113930275440216064e+02
2.130153810977935791e+02
2.146981432437896729e+02
2.163118677139282227e+02
2.179667646884918213e+02
2.195930192470550537e+02
2.212335205078125000e+02
2.229081687927246094e+02
2.245006115436553955e+02
2.261241824626922607e+02
2.277617723941802979e+02
2.294143352508544922e+02
2.310144426822662354e+02
2.326269426345825195e+02
2.342418675422668457e+02
2.360118498802185059e+02
2.376828842163085938e+02
2.393593335151672363e+02
2.410849442481994629e+02
2.428444390296936035e+02
2.445159807205200195e+02
2.462160236835479736e+02
2.479553627967834473e+02
2.496255209445953369e+02
2.513038823604583740e+02
2.529967315196990967e+02
2.546553742885589600e+02
2.562870540618896484e+02
2.579030122756958008e+02
2.596034526824951172e+02
2.612621228694915771e+02
2.628965494632720947e+02
2.645935447216033936e+02
2.662678833007812500e+02
2.679336783885955811e+02
2.695747213363647461e+02
2.712048449516296387e+02
2.728856935501098633e+02
2.745178580284118652e+02
2.761539442539215088e+02
2.777745256423950195e+02
2.793953769207000732e+02
2.810519745349884033e+02
2.826621682643890381e+02
2.842958505153656006e+02
2.859373738765716553e+02
2.876027338504791260e+02
2.892371332645416260e+02
2.908712968826293945e+02
2.924985947608947754e+02
2.941206243038177490e+02
2.957366678714752197e+02
2.973519287109375000e+02
2.990052938461303711e+02
3.006236057281494141e+02
3.022583620548248291e+02
3.038947663307189941e+02
3.055269501209259033e+02
3.071634757518768311e+02
3.088028695583343506e+02
3.104388256072998047e+02
3.120700118541717529e+02
3.137294991016387939e+02
3.153829357624053955e+02
3.170256595611572266e+02
3.186490991115570068e+02
3.202649211883544922e+02
3.219051401615142822e+02
3.235274112224578857e+02
3.251640725135803223e+02
