1.587301678955554962e-02
1.465201564133167267e-02
2.075702138245105743e-02
1.953602023422718048e-02
1.953602023422718048e-02
1.221001334488391876e-02
1.831501908600330353e-02
1.953602023422718048e-02
1.831501908600330353e-02
2.197802439332008362e-02
2.564102597534656525e-02
3.052503056824207306e-02
2.564102597534656525e-02
2.930403128266334534e-02
3.418803587555885315e-02
3.907204419374465942e-02
3.663003817200660706e-02
5.738705769181251526e-02
5.860805884003639221e-02
5.372405797243118286e-02
4.884004965424537659e-02
8.058608323335647583e-02
7.448107749223709106e-02
9.157509356737136841e-02
9.035409241914749146e-02
1.013431027531623840e-01
1.001221016049385071e-01
1.355311423540115356e-01
1.575091630220413208e-01
1.147741153836250305e-01
1.672771722078323364e-01
1.782661825418472290e-01
1.599511653184890747e-01
1.868131905794143677e-01
1.843711882829666138e-01
2.234432250261306763e-01
2.319902330636978149e-01
2.210012227296829224e-01
2.258852422237396240e-01
2.625152766704559326e-01
2.710622847080230713e-01
2.515262663364410400e-01
2.759462893009185791e-01
2.930403053760528564e-01
3.260073363780975342e-01
3.101343214511871338e-01
3.101343214511871338e-01
3.186813294887542725e-01
3.516483604907989502e-01
3.418803513050079346e-01
3.540903627872467041e-01
3.516483604907989502e-01
3.821733891963958740e-01
3.638583719730377197e-01
4.017094075679779053e-01
3.894993960857391357e-01
4.090354144573211670e-01
4.151404201984405518e-01
4.090354144573211670e-01
4.358974397182464600e-01
4.249084293842315674e-01
4.774115085601806641e-01
4.529914557933807373e-01
4.566544592380523682e-01
4.664224684238433838e-01
4.798535108566284180e-01
4.859585165977478027e-01
4.822955131530761719e-01
4.884005188941955566e-01
5.079365372657775879e-01
5.250305533409118652e-01
5.067155361175537109e-01
5.225885510444641113e-01
5.091575384140014648e-01
5.103785395622253418e-01
5.482295751571655273e-01
5.189255475997924805e-01
5.189255475997924805e-01
5.543345808982849121e-01
5.457875728607177734e-01
5.653235912322998047e-01
5.641025900840759277e-01
5.616605877876281738e-01
5.665445923805236816e-01
5.824176073074340820e-01
5.775336027145385742e-01
5.592185854911804199e-01
5.714285969734191895e-01
5.775336027145385742e-01
6.092796325683593750e-01
6.019536256790161133e-01
5.811966061592102051e-01
6.153846383094787598e-01
6.153846383094787598e-01
6.251526474952697754e-01
5.909646153450012207e-01
6.251526474952697754e-01
6.275946497917175293e-01
6.398046612739562988e-01
6.544566750526428223e-01
6.312576532363891602e-01
6.349206566810607910e-01
6.459096670150756836e-01
6.715506911277770996e-01
6.288156509399414062e-01
6.544566750526428223e-01
6.593406796455383301e-01
6.593406796455383301e-01
6.630036830902099609e-01
6.544566750526428223e-01
6.568986773490905762e-01
6.581196784973144531e-01
6.849817037582397461e-01
6.764346957206726074e-01
6.703296899795532227e-01
6.825397014617919922e-01
6.532356739044189453e-01
6.776556968688964844e-01
6.739926934242248535e-01
6.727716922760009766e-01
6.776556968688964844e-01
6.947497129440307617e-01
6.984127163887023926e-01
6.959707140922546387e-01
6.935287117958068848e-01
7.081807255744934082e-01
6.862027049064636230e-01
7.057387232780456543e-01
7.179487347602844238e-01
7.155067324638366699e-01
6.764346957206726074e-01
7.020757198333740234e-01
7.350427508354187012e-01
7.020757198333740234e-01
7.301587462425231934e-01
7.130647301673889160e-01
7.472527623176574707e-01
7.435897588729858398e-01
7.264957427978515625e-01
7.362637519836425781e-01
7.509157657623291016e-01
7.545787692070007324e-01
7.509157657623291016e-01
7.387057542800903320e-01
7.326007485389709473e-01
7.289377450942993164e-01
7.594627737998962402e-01
7.460317611694335938e-01
7.399267554283142090e-01
7.411477565765380859e-01
7.704517841339111328e-01
7.484737634658813477e-01
7.484737634658813477e-01
7.521367669105529785e-01
7.704517841339111328e-01
7.728937864303588867e-01
7.680097818374633789e-01
7.374847531318664551e-01
7.521367669105529785e-01
7.545787692070007324e-01
7.741147875785827637e-01
7.716727852821350098e-01
7.851037979125976562e-01
7.667887806892395020e-01
7.680097818374633789e-01
7.606837749481201172e-01
7.789987921714782715e-01
7.765567898750305176e-01
7.789987921714782715e-01
7.838827967643737793e-01
7.631257772445678711e-01
8.083028197288513184e-01
7.863247990608215332e-01
7.838827967643737793e-01
7.802197933197021484e-01
7.973138093948364258e-01
8.058608174324035645e-01
7.851037979125976562e-01
7.985348105430603027e-01
7.960928082466125488e-01
7.777777910232543945e-01
7.997558116912841797e-01
8.034188151359558105e-01
7.973138093948364258e-01
7.997558116912841797e-01
8.241758346557617188e-01
8.180708289146423340e-01
8.083028197288513184e-01
7.875458002090454102e-01
8.144078254699707031e-01
7.789987921714782715e-01
8.095238208770751953e-01
8.058608174324035645e-01
8.192918300628662109e-01
8.156288266181945801e-01
8.046398162841796875e-01
8.131868243217468262e-01
8.058608174324035645e-01
8.266178369522094727e-01
8.107448220252990723e-01
