9.756097570061683655e-03
4.878048785030841827e-03
2.439024299383163452e-02
2.682926878333091736e-02
1.951219514012336731e-02
1.951219514012336731e-02
2.195121906697750092e-02
1.707317121326923370e-02
1.951219514012336731e-02
1.463414635509252548e-02
1.951219514012336731e-02
1.463414635509252548e-02
1.951219514012336731e-02
2.439024299383163452e-02
1.219512149691581726e-02
2.682926878333091736e-02
2.195121906697750092e-02
1.707317121326923370e-02
2.926829271018505096e-02
2.195121906697750092e-02
1.951219514012336731e-02
2.439024299383163452e-02
3.658536449074745178e-02
3.170731663703918457e-02
3.170731663703918457e-02
3.414634242653846741e-02
4.390243813395500183e-02
4.146341606974601746e-02
2.682926878333091736e-02
5.121951177716255188e-02
3.658536449074745178e-02
4.390243813395500183e-02
3.902439028024673462e-02
3.902439028024673462e-02
4.390243813395500183e-02
6.829268485307693481e-02
5.609755963087081909e-02
6.585365533828735352e-02
7.804878056049346924e-02
9.756097197532653809e-02
7.804878056049346924e-02
9.268292784690856934e-02
7.560975849628448486e-02
1.121951192617416382e-01
1.073170751333236694e-01
1.170731708407402039e-01
1.219512224197387695e-01
1.146341487765312195e-01
1.414634138345718384e-01
1.317073106765747070e-01
1.536585390567779541e-01
1.634146273136138916e-01
1.463414579629898071e-01
1.707317084074020386e-01
1.512195169925689697e-01
1.853658556938171387e-01
1.682926863431930542e-01
1.829268336296081543e-01
1.878048777580261230e-01
2.219512164592742920e-01
2.341463416814804077e-01
2.414634078741073608e-01
2.439024448394775391e-01
2.195121943950653076e-01
2.317073196172714233e-01
2.512195110321044922e-01
2.560975551605224609e-01
3.146341443061828613e-01
2.975609898567199707e-01
2.219512164592742920e-01
2.853658497333526611e-01
2.756097614765167236e-01
2.585365772247314453e-01
3.268292546272277832e-01
2.926829159259796143e-01
3.121951222419738770e-01
3.292683064937591553e-01
3.000000119209289551e-01
3.268292546272277832e-01
3.390243947505950928e-01
3.121951222419738770e-01
3.536585271358489990e-01
3.634146451950073242e-01
3.707317113876342773e-01
3.487804830074310303e-01
3.512195050716400146e-01
3.780487775802612305e-01
3.609756231307983398e-01
3.975609838962554932e-01
4.048780500888824463e-01
3.707317113876342773e-01
4.170731604099273682e-01
3.560975492000579834e-01
3.707317113876342773e-01
3.951219618320465088e-01
3.926829397678375244e-01
3.853658437728881836e-01
4.170731604099273682e-01
4.463414549827575684e-01
4.048780500888824463e-01
4.756097495555877686e-01
4.000000059604644775e-01
4.414634108543395996e-01
4.390243887901306152e-01
4.829268157482147217e-01
4.609756171703338623e-01
4.463414549827575684e-01
4.707317054271697998e-01
4.365853667259216309e-01
4.341463446617126465e-01
4.512194991111755371e-01
4.902439117431640625e-01
4.756097495555877686e-01
4.634146392345428467e-01
4.487804770469665527e-01
4.780487716197967529e-01
4.609756171703338623e-01
4.756097495555877686e-01
5.048780441284179688e-01
4.731707274913787842e-01
4.804877936840057373e-01
5.121951103210449219e-01
4.951219558715820312e-01
4.829268157482147217e-01
4.853658676147460938e-01
4.853658676147460938e-01
5.024390220642089844e-01
4.756097495555877686e-01
5.121951103210449219e-01
5.243902206420898438e-01
5.024390220642089844e-01
5.195121765136718750e-01
4.975609779357910156e-01
4.951219558715820312e-01
5.121951103210449219e-01
5.463414788246154785e-01
4.878048896789550781e-01
5.097560882568359375e-01
5.170731544494628906e-01
5.146341323852539062e-01
5.048780441284179688e-01
5.000000000000000000e-01
5.341463685035705566e-01
5.097560882568359375e-01
5.292682647705078125e-01
5.487805008888244629e-01
5.146341323852539062e-01
5.292682647705078125e-01
5.463414788246154785e-01
5.268292427062988281e-01
5.731707215309143066e-01
5.780487656593322754e-01
5.170731544494628906e-01
5.463414788246154785e-01
5.682926774024963379e-01
5.536585450172424316e-01
5.390244126319885254e-01
5.219511985778808594e-01
5.536585450172424316e-01
5.341463685035705566e-01
5.585365891456604004e-01
5.853658318519592285e-01
5.463414788246154785e-01
5.560975670814514160e-01
5.243902206420898438e-01
5.365853905677795410e-01
5.829268097877502441e-01
5.658536553382873535e-01
5.804877877235412598e-01
5.487805008888244629e-01
5.536585450172424316e-01
5.731707215309143066e-01
5.780487656593322754e-01
5.560975670814514160e-01
6.000000238418579102e-01
5.780487656593322754e-01
5.560975670814514160e-01
5.487805008888244629e-01
5.731707215309143066e-01
5.585365891456604004e-01
5.560975670814514160e-01
5.804877877235412598e-01
5.609756112098693848e-01
5.804877877235412598e-01
5.731707215309143066e-01
5.756097435951232910e-01
5.975610017776489258e-01
5.878048539161682129e-01
5.634146332740783691e-01
5.902438759803771973e-01
5.756097435951232910e-01
5.658536553382873535e-01
5.512195229530334473e-01
5.487805008888244629e-01
6.292682886123657227e-01
5.682926774024963379e-01
5.463414788246154785e-01
6.048780679702758789e-01
5.780487656593322754e-01
5.804877877235412598e-01
