1.221001241356134415e-02
1.343101449310779572e-02
1.709401793777942657e-02
2.442002482712268829e-02
1.221001241356134415e-02
1.831501908600330353e-02
1.953602023422718048e-02
1.587301678955554962e-02
3.296703472733497620e-02
2.319902367889881134e-02
2.319902554154396057e-02
3.418803587555885315e-02
3.296703472733497620e-02
4.273504391312599182e-02
3.540903702378273010e-02
5.006105080246925354e-02
4.029304161667823792e-02
5.494505539536476135e-02
5.982906371355056763e-02
6.959707289934158325e-02
8.180709183216094971e-02
7.814408093690872192e-02
9.401709586381912231e-02
1.050061136484146118e-01
1.379731446504592896e-01
1.282051354646682739e-01
1.562881618738174438e-01
1.587301641702651978e-01
1.599511653184890747e-01
2.100122123956680298e-01
2.124542146921157837e-01
2.271062284708023071e-01
2.039072066545486450e-01
2.551892697811126709e-01
2.551892697811126709e-01
2.295482456684112549e-01
2.796092927455902100e-01
3.186813294887542725e-01
2.881563007831573486e-01
3.174603283405303955e-01
3.272283375263214111e-01
3.553113639354705811e-01
3.504273593425750732e-01
3.357753455638885498e-01
3.687423765659332275e-01
3.846153914928436279e-01
4.053724110126495361e-01
3.919413983821868896e-01
4.273504316806793213e-01
4.395604431629180908e-01
4.517704546451568604e-01
4.481074512004852295e-01
4.358974695205688477e-01
4.884005188941955566e-01
4.664224982261657715e-01
4.884005188941955566e-01
4.920635223388671875e-01
5.262515544891357422e-01
4.969475269317626953e-01
5.189255475997924805e-01
5.225885510444641113e-01
4.969475269317626953e-01
5.567765831947326660e-01
5.274725556373596191e-01
5.421245694160461426e-01
5.274725556373596191e-01
5.592185854911804199e-01
5.482295751571655273e-01
5.641025900840759277e-01
5.714285969734191895e-01
5.897436141967773438e-01
5.641025900840759277e-01
5.848596096038818359e-01
5.995116233825683594e-01
6.007326245307922363e-01
6.214896440505981445e-01
6.007326245307922363e-01
6.153846383094787598e-01
6.153846383094787598e-01
6.385836601257324219e-01
6.080586314201354980e-01
6.105006337165832520e-01
6.275946497917175293e-01
6.092796325683593750e-01
6.495726704597473145e-01
6.520146727561950684e-01
6.483516693115234375e-01
6.483516693115234375e-01
6.422466635704040527e-01
6.739926934242248535e-01
6.727716922760009766e-01
6.752136945724487305e-01
6.630036830902099609e-01
6.776556968688964844e-01
6.593406796455383301e-01
6.691086888313293457e-01
6.971917152404785156e-01
6.971917152404785156e-01
7.032967209815979004e-01
7.032967209815979004e-01
6.862027049064636230e-01
6.862027049064636230e-01
7.167277336120605469e-01
6.849817037582397461e-01
7.167277336120605469e-01
6.862027049064636230e-01
7.216117382049560547e-01
7.191697359085083008e-01
7.338217496871948242e-01
7.240537405014038086e-01
7.155067324638366699e-01
7.313797473907470703e-01
7.301587462425231934e-01
7.399267554283142090e-01
7.277167439460754395e-01
7.435897588729858398e-01
7.264957427978515625e-01
7.350427508354187012e-01
7.460317611694335938e-01
7.411477565765380859e-01
7.496947646141052246e-01
7.557997703552246094e-01
7.435897588729858398e-01
7.789987921714782715e-01
7.667887806892395020e-01
7.765567898750305176e-01
7.802197933197021484e-01
7.667887806892395020e-01
7.667887806892395020e-01
7.667887806892395020e-01
7.765567898750305176e-01
8.021978139877319336e-01
7.948718070983886719e-01
7.997558116912841797e-01
8.046398162841796875e-01
7.912088036537170410e-01
7.826617956161499023e-01
8.021978139877319336e-01
7.765567898750305176e-01
7.948718070983886719e-01
7.960928082466125488e-01
7.960928082466125488e-01
8.083028197288513184e-01
8.070818185806274414e-01
8.021978139877319336e-01
7.948718070983886719e-01
8.058608174324035645e-01
8.217338323593139648e-01
7.887668013572692871e-01
7.936508059501647949e-01
8.046398162841796875e-01
8.107448220252990723e-01
8.266178369522094727e-01
8.376068472862243652e-01
8.437118530273437500e-01
8.156288266181945801e-01
8.205128312110900879e-01
8.278388381004333496e-01
8.522588610649108887e-01
8.339438438415527344e-01
8.205128312110900879e-01
8.327228426933288574e-01
8.278388381004333496e-01
8.278388381004333496e-01
8.400488495826721191e-01
8.522588610649108887e-01
8.583638668060302734e-01
8.217338323593139648e-01
8.388278484344482422e-01
8.339438438415527344e-01
8.608058691024780273e-01
8.632478713989257812e-01
8.351648449897766113e-01
8.595848679542541504e-01
8.620268702507019043e-01
8.620268702507019043e-01
8.449328541755676270e-01
8.400488495826721191e-01
8.498168587684631348e-01
8.400488495826721191e-01
8.498168587684631348e-01
8.412698507308959961e-01
8.437118530273437500e-01
8.595848679542541504e-01
8.571428656578063965e-01
8.742368817329406738e-01
8.742368817329406738e-01
8.681318759918212891e-01
8.485958576202392578e-01
8.595848679542541504e-01
8.669108748435974121e-01
8.778998851776123047e-01
8.620268702507019043e-01
8.656898736953735352e-01
8.644688725471496582e-01
8.766788840293884277e-01
8.852258920669555664e-01
8.669108748435974121e-01
8.632478713989257812e-01
8.803418874740600586e-01
