9.756097570061683655e-03
1.707317121326923370e-02
1.951219514012336731e-02
2.195121906697750092e-02
4.878048785030841827e-03
2.195121906697750092e-02
2.926829271018505096e-02
9.756097570061683655e-03
1.707317121326923370e-02
2.682926878333091736e-02
9.756097570061683655e-03
1.951219514012336731e-02
1.951219514012336731e-02
1.219512149691581726e-02
2.195121906697750092e-02
1.463414635509252548e-02
2.682926878333091736e-02
1.707317121326923370e-02
1.219512149691581726e-02
1.951219514012336731e-02
1.219512149691581726e-02
1.463414635509252548e-02
2.682926878333091736e-02
2.439024299383163452e-02
1.219512149691581726e-02
1.707317121326923370e-02
1.219512149691581726e-02
3.170731663703918457e-02
2.439024299383163452e-02
2.439024299383163452e-02
1.707317121326923370e-02
1.951219514012336731e-02
2.926829271018505096e-02
3.658536449074745178e-02
3.170731663703918457e-02
2.926829271018505096e-02
2.682926878333091736e-02
1.951219514012336731e-02
4.634146392345428467e-02
2.926829271018505096e-02
4.634146392345428467e-02
5.365853756666183472e-02
5.853658542037010193e-02
6.829268485307693481e-02
6.097561120986938477e-02
6.341463327407836914e-02
7.804878056049346924e-02
7.073170691728591919e-02
7.073170691728591919e-02
8.292683213949203491e-02
9.512194991111755371e-02
1.121951192617416382e-01
8.780487626791000366e-02
1.000000014901161194e-01
1.121951192617416382e-01
9.756097197532653809e-02
1.000000014901161194e-01
1.560975611209869385e-01
1.390243917703628540e-01
1.146341487765312195e-01
1.585365831851959229e-01
1.365853697061538696e-01
1.390243917703628540e-01
1.658536642789840698e-01
1.634146273136138916e-01
1.878048777580261230e-01
1.780487746000289917e-01
2.195121943950653076e-01
2.024390250444412231e-01
1.975609809160232544e-01
2.097560912370681763e-01
2.292682975530624390e-01
2.195121943950653076e-01
2.146341502666473389e-01
2.609755992889404297e-01
3.048780560493469238e-01
2.512195110321044922e-01
2.682926952838897705e-01
2.512195110321044922e-01
3.097561001777648926e-01
3.024390339851379395e-01
3.048780560493469238e-01
2.902438938617706299e-01
2.853658497333526611e-01
2.951219379901885986e-01
3.341463506221771240e-01
3.341463506221771240e-01
3.341463506221771240e-01
3.317073285579681396e-01
3.756097555160522461e-01
3.536585271358489990e-01
3.853658437728881836e-01
3.560975492000579834e-01
3.707317113876342773e-01
3.585365712642669678e-01
4.073170721530914307e-01
3.707317113876342773e-01
3.951219618320465088e-01
3.487804830074310303e-01
4.317073225975036621e-01
3.780487775802612305e-01
4.097560942173004150e-01
3.926829397678375244e-01
3.975609838962554932e-01
3.951219618320465088e-01
4.195121824741363525e-01
4.243902564048767090e-01
4.317073225975036621e-01
4.341463446617126465e-01
4.365853667259216309e-01
4.512194991111755371e-01
4.536585509777069092e-01
4.634146392345428467e-01
4.487804770469665527e-01
4.926829338073730469e-01
4.609756171703338623e-01
4.609756171703338623e-01
4.853658676147460938e-01
4.707317054271697998e-01
4.658536612987518311e-01
4.658536612987518311e-01
5.121951103210449219e-01
5.170731544494628906e-01
4.878048896789550781e-01
4.902439117431640625e-01
5.121951103210449219e-01
5.000000000000000000e-01
4.780487716197967529e-01
4.975609779357910156e-01
4.780487716197967529e-01
4.902439117431640625e-01
4.756097495555877686e-01
5.146341323852539062e-01
5.317073464393615723e-01
5.121951103210449219e-01
5.268292427062988281e-01
5.439024567604064941e-01
5.121951103210449219e-01
5.097560882568359375e-01
5.073170661926269531e-01
5.414634346961975098e-01
5.317073464393615723e-01
5.341463685035705566e-01
5.268292427062988281e-01
5.219511985778808594e-01
5.682926774024963379e-01
5.073170661926269531e-01
5.439024567604064941e-01
5.146341323852539062e-01
5.243902206420898438e-01
5.292682647705078125e-01
5.487805008888244629e-01
5.268292427062988281e-01
5.731707215309143066e-01
5.512195229530334473e-01
5.170731544494628906e-01
5.658536553382873535e-01
5.609756112098693848e-01
5.463414788246154785e-01
5.682926774024963379e-01
5.390244126319885254e-01
5.439024567604064941e-01
5.317073464393615723e-01
5.317073464393615723e-01
5.414634346961975098e-01
5.951219797134399414e-01
5.634146332740783691e-01
5.512195229530334473e-01
5.439024567604064941e-01
5.780487656593322754e-01
5.560975670814514160e-01
5.658536553382873535e-01
5.463414788246154785e-01
5.780487656593322754e-01
5.975610017776489258e-01
5.609756112098693848e-01
5.926828980445861816e-01
5.780487656593322754e-01
5.487805008888244629e-01
6.024390459060668945e-01
5.707316994667053223e-01
5.829268097877502441e-01
5.780487656593322754e-01
5.463414788246154785e-01
5.975610017776489258e-01
5.804877877235412598e-01
5.878048539161682129e-01
5.731707215309143066e-01
6.073170900344848633e-01
5.829268097877502441e-01
5.878048539161682129e-01
5.609756112098693848e-01
5.975610017776489258e-01
5.878048539161682129e-01
5.853658318519592285e-01
5.780487656593322754e-01
5.829268097877502441e-01
5.853658318519592285e-01
6.073170900344848633e-01
6.146341562271118164e-01
