1.951219514012336731e-02
9.756097570061683655e-03
2.926829271018505096e-02
9.756097570061683655e-03
2.926829271018505096e-02
1.219512149691581726e-02
1.707317121326923370e-02
9.756097570061683655e-03
1.951219514012336731e-02
2.439024299383163452e-02
2.195121906697750092e-02
1.219512149691581726e-02
9.756097570061683655e-03
1.707317121326923370e-02
7.317073177546262741e-03
1.219512149691581726e-02
2.439024299383163452e-02
1.219512149691581726e-02
9.756097570061683655e-03
2.439024299383163452e-02
1.951219514012336731e-02
9.756097570061683655e-03
3.658536449074745178e-02
3.414634242653846741e-02
1.219512149691581726e-02
1.463414635509252548e-02
1.707317121326923370e-02
2.439024299383163452e-02
3.170731663703918457e-02
1.707317121326923370e-02
2.926829271018505096e-02
2.439024299383163452e-02
4.878048598766326904e-02
3.658536449074745178e-02
4.634146392345428467e-02
2.926829271018505096e-02
4.634146392345428467e-02
5.365853756666183472e-02
2.926829271018505096e-02
4.390243813395500183e-02
5.609755963087081909e-02
5.609755963087081909e-02
5.365853756666183472e-02
8.292683213949203491e-02
5.609755963087081909e-02
6.829268485307693481e-02
6.097561120986938477e-02
7.073170691728591919e-02
5.609755963087081909e-02
7.073170691728591919e-02
9.512194991111755371e-02
6.585365533828735352e-02
9.512194991111755371e-02
1.219512224197387695e-01
1.170731708407402039e-01
9.756097197532653809e-02
9.512194991111755371e-02
1.073170751333236694e-01
1.000000014901161194e-01
1.097560971975326538e-01
1.317073106765747070e-01
1.414634138345718384e-01
1.365853697061538696e-01
1.512195169925689697e-01
1.560975611209869385e-01
1.756097525358200073e-01
1.682926863431930542e-01
1.439024358987808228e-01
1.756097525358200073e-01
1.731707304716110229e-01
1.878048777580261230e-01
2.024390250444412231e-01
1.853658556938171387e-01
2.243902385234832764e-01
2.243902385234832764e-01
2.146341502666473389e-01
2.048780471086502075e-01
2.609755992889404297e-01
2.463414669036865234e-01
2.804878056049346924e-01
2.512195110321044922e-01
2.585365772247314453e-01
2.512195110321044922e-01
2.829268276691436768e-01
3.048780560493469238e-01
2.951219379901885986e-01
2.975609898567199707e-01
2.780487835407257080e-01
2.975609898567199707e-01
2.804878056049346924e-01
3.121951222419738770e-01
2.951219379901885986e-01
3.097561001777648926e-01
3.414634168148040771e-01
3.097561001777648926e-01
3.634146451950073242e-01
3.536585271358489990e-01
3.439024388790130615e-01
3.609756231307983398e-01
3.585365712642669678e-01
3.707317113876342773e-01
3.463414609432220459e-01
3.780487775802612305e-01
3.804877996444702148e-01
3.780487775802612305e-01
4.073170721530914307e-01
4.121951162815093994e-01
3.682926893234252930e-01
4.073170721530914307e-01
4.195121824741363525e-01
4.097560942173004150e-01
3.926829397678375244e-01
3.975609838962554932e-01
3.756097555160522461e-01
4.585365951061248779e-01
4.073170721530914307e-01
4.439024329185485840e-01
4.390243887901306152e-01
4.536585509777069092e-01
4.121951162815093994e-01
4.341463446617126465e-01
4.292683005332946777e-01
4.365853667259216309e-01
4.487804770469665527e-01
4.804877936840057373e-01
4.804877936840057373e-01
4.560975730419158936e-01
4.756097495555877686e-01
4.317073225975036621e-01
5.000000000000000000e-01
4.731707274913787842e-01
4.853658676147460938e-01
4.878048896789550781e-01
4.707317054271697998e-01
5.219511985778808594e-01
5.048780441284179688e-01
4.756097495555877686e-01
5.024390220642089844e-01
4.926829338073730469e-01
5.170731544494628906e-01
4.975609779357910156e-01
5.268292427062988281e-01
4.926829338073730469e-01
5.073170661926269531e-01
5.780487656593322754e-01
5.243902206420898438e-01
4.853658676147460938e-01
5.292682647705078125e-01
5.390244126319885254e-01
5.170731544494628906e-01
5.439024567604064941e-01
5.146341323852539062e-01
5.414634346961975098e-01
5.146341323852539062e-01
5.658536553382873535e-01
5.317073464393615723e-01
5.536585450172424316e-01
5.560975670814514160e-01
5.317073464393615723e-01
5.512195229530334473e-01
5.390244126319885254e-01
5.365853905677795410e-01
5.512195229530334473e-01
5.512195229530334473e-01
5.658536553382873535e-01
5.609756112098693848e-01
5.463414788246154785e-01
5.536585450172424316e-01
5.682926774024963379e-01
5.658536553382873535e-01
5.707316994667053223e-01
5.829268097877502441e-01
5.463414788246154785e-01
5.560975670814514160e-01
5.804877877235412598e-01
5.902438759803771973e-01
5.609756112098693848e-01
5.853658318519592285e-01
5.878048539161682129e-01
5.731707215309143066e-01
5.804877877235412598e-01
5.829268097877502441e-01
5.804877877235412598e-01
5.658536553382873535e-01
5.682926774024963379e-01
5.829268097877502441e-01
5.365853905677795410e-01
5.829268097877502441e-01
6.048780679702758789e-01
5.926828980445861816e-01
5.878048539161682129e-01
5.926828980445861816e-01
5.804877877235412598e-01
5.707316994667053223e-01
5.975610017776489258e-01
6.024390459060668945e-01
6.121951341629028320e-01
6.121951341629028320e-01
6.000000238418579102e-01
5.926828980445861816e-01
