2.969622516632080078e+01
5.078294920921325684e+01
6.451364493370056152e+01
7.785072493553161621e+01
9.374500417709350586e+01
1.066624267101287842e+02
1.195580363273620605e+02
1.324656207561492920e+02
1.453258535861968994e+02
1.582292394638061523e+02
1.710977396965026855e+02
1.840733640193939209e+02
1.969425106048583984e+02
2.098387303352355957e+02
2.227427949905395508e+02
2.356342053413391113e+02
2.485036051273345947e+02
2.614096963405609131e+02
2.742662544250488281e+02
2.871756355762481689e+02
3.001461029052734375e+02
3.130738935470581055e+02
3.259835705757141113e+02
3.388785495758056641e+02
3.517520320415496826e+02
3.646427218914031982e+02
3.774708359241485596e+02
3.903645849227905273e+02
4.044218127727508545e+02
4.172718095779418945e+02
4.300669367313385010e+02
4.429015455245971680e+02
4.557262818813323975e+02
4.684958207607269287e+02
4.812806413173675537e+02
4.940576171875000000e+02
5.068556804656982422e+02
5.196235358715057373e+02
5.324106998443603516e+02
5.452107262611389160e+02
5.579866652488708496e+02
5.707926211357116699e+02
5.835828280448913574e+02
5.963598577976226807e+02
6.091352384090423584e+02
6.218931999206542969e+02
6.346464848518371582e+02
6.474323501586914062e+02
6.602262597084045410e+02
6.729653260707855225e+02
6.857062025070190430e+02
6.985061614513397217e+02
7.113093428611755371e+02
7.240757215023040771e+02
7.368853197097778320e+02
7.496578016281127930e+02
7.624229552745819092e+02
7.752031612396240234e+02
7.880176262855529785e+02
8.007534024715423584e+02
8.135496344566345215e+02
8.263127155303955078e+02
8.390910885334014893e+02
8.518905007839202881e+02
8.647048749923706055e+02
8.774701588153839111e+02
8.902566249370574951e+02
9.030155718326568604e+02
9.158113391399383545e+02
9.285783452987670898e+02
9.413939883708953857e+02
9.541588647365570068e+02
9.671393454074859619e+02
9.798845462799072266e+02
9.926990725994110107e+02
1.005470398187637329e+03
1.018278805494308472e+03
1.031263197660446167e+03
1.044054547786712646e+03
1.056844585895538330e+03
1.069621867895126343e+03
1.082441064119338989e+03
1.095232724905014038e+03
1.108004402160644531e+03
1.120783991813659668e+03
1.133570260763168335e+03
1.146386681318283081e+03
1.159322335958480835e+03
1.172225298643112183e+03
1.185214979171752930e+03
1.198059371471405029e+03
1.210855483293533325e+03
1.223682086944580078e+03
1.236476604461669922e+03
1.249258286714553833e+03
1.262102580785751343e+03
1.274871870517730713e+03
1.287695045232772827e+03
1.300444784641265869e+03
1.313230032205581665e+03
1.325974847793579102e+03
1.338767300605773926e+03
1.351577745437622070e+03
1.364348981380462646e+03
1.377113756895065308e+03
1.389925548553466797e+03
1.402691380500793457e+03
1.415487549066543579e+03
1.428271374940872192e+03
1.441040958642959595e+03
1.453801787614822388e+03
1.466598798751831055e+03
1.479626937627792358e+03
1.492432598352432251e+03
1.505246530532836914e+03
1.518080161094665527e+03
1.530855879783630371e+03
1.543760555744171143e+03
1.556519769430160522e+03
1.569290886640548706e+03
1.582102656841278076e+03
1.594884342908859253e+03
1.607680150270462036e+03
1.620542517423629761e+03
1.633304524421691895e+03
1.646093759536743164e+03
1.658860049009323120e+03
1.671681388854980469e+03
1.684479815006256104e+03
1.697292530298233032e+03
1.710095407724380493e+03
1.722885854482650757e+03
1.735663174152374268e+03
1.748478589057922363e+03
1.761250929117202759e+03
1.774023943185806274e+03
1.786784923791885376e+03
1.799552815198898315e+03
1.812361029624938965e+03
1.825131503343582153e+03
1.837951214075088501e+03
1.850821677207946777e+03
1.863635030269622803e+03
1.876440872669219971e+03
1.889259305238723755e+03
1.902017246007919312e+03
1.914788720846176147e+03
1.927555942773818970e+03
1.940334515333175659e+03
1.953141791343688965e+03
1.965879391670227051e+03
1.978710326433181763e+03
1.991466689586639404e+03
2.004284281492233276e+03
2.017080971002578735e+03
2.029894433259963989e+03
2.042649630069732666e+03
2.055427329778671265e+03
2.068199573040008545e+03
2.081004619359970093e+03
2.093846136569976807e+03
2.106700199842453003e+03
2.119493364334106445e+03
2.132330275058746338e+03
2.145140695810317993e+03
2.157948057413101196e+03
2.170704232931137085e+03
2.183452842712402344e+03
2.196266126632690430e+03
2.209056932926177979e+03
2.221885999917984009e+03
2.234711596250534058e+03
2.247528396606445312e+03
2.260368658542633057e+03
2.273187274217605591e+03
2.285958398342132568e+03
2.298730393171310425e+03
2.311525430917739868e+03
2.324328548908233643e+03
2.337147210836410522e+03
2.350004505872726440e+03
2.362794929742813110e+03
2.375640871763229370e+03
2.388456700801849365e+03
2.401282780885696411e+03
2.414067914247512817e+03
2.426876003742218018e+03
2.439691016912460327e+03
2.452452834606170654e+03
2.465252921819686890e+03
2.478056096315383911e+03
2.490823710680007935e+03
2.503619472503662109e+03
2.516402316093444824e+03
2.529184207677841187e+03
2.541933564662933350e+03
2.554740570545196533e+03
2.567530514717102051e+03
2.580346638917922974e+03
2.593132830381393433e+03
