1.285921525955200195e+01
2.580824160575866699e+01
3.874219083786010742e+01
5.169615149497985840e+01
6.461355161666870117e+01
7.756931900978088379e+01
9.053633332252502441e+01
1.034465758800506592e+02
1.163946497440338135e+02
1.293283941745758057e+02
1.422649998664855957e+02
1.551978590488433838e+02
1.681205430030822754e+02
1.810523269176483154e+02
1.940334055423736572e+02
2.069294724464416504e+02
2.198594846725463867e+02
2.328622510433197021e+02
2.457939882278442383e+02
2.587258217334747314e+02
2.716214416027069092e+02
2.846063308715820312e+02
2.975527400970458984e+02
3.105675079822540283e+02
3.235669989585876465e+02
3.364624991416931152e+02
3.494031281471252441e+02
3.623369870185852051e+02
3.752628839015960693e+02
3.881979062557220459e+02
4.011222848892211914e+02
4.140506281852722168e+02
4.269793550968170166e+02
4.399148490428924561e+02
4.528063220977783203e+02
4.657580666542053223e+02
4.786799590587615967e+02
4.916799864768981934e+02
5.046073868274688721e+02
5.175048391819000244e+02
5.305074927806854248e+02
5.433521301746368408e+02
5.563233616352081299e+02
5.692598235607147217e+02
5.822052726745605469e+02
5.951153359413146973e+02
6.081931018829345703e+02
6.212246589660644531e+02
6.341670315265655518e+02
6.470699973106384277e+02
6.600071797370910645e+02
6.729574785232543945e+02
6.859120223522186279e+02
6.988410832881927490e+02
7.120050230026245117e+02
7.250075104236602783e+02
7.379211125373840332e+02
7.508458826541900635e+02
7.638075075149536133e+02
7.767644896507263184e+02
7.897062335014343262e+02
8.026607179641723633e+02
8.155673849582672119e+02
8.284780499935150146e+02
8.413773446083068848e+02
8.542995486259460449e+02
8.672347652912139893e+02
8.801388766765594482e+02
8.930832583904266357e+02
9.059988024234771729e+02
9.189550189971923828e+02
9.318853795528411865e+02
9.448419849872589111e+02
9.577760488986968994e+02
9.706509029865264893e+02
9.835723586082458496e+02
9.965393145084381104e+02
1.009442862749099731e+03
1.022391779661178589e+03
1.035359885215759277e+03
1.048281260967254639e+03
1.061207264900207520e+03
1.074099822521209717e+03
1.087044613122940063e+03
1.099941403150558472e+03
1.112898102521896362e+03
1.125876833438873291e+03
1.138849752187728882e+03
1.151799567699432373e+03
1.164779193401336670e+03
1.177706664323806763e+03
1.190688441753387451e+03
1.203577185630798340e+03
1.216533085346221924e+03
1.229395783901214600e+03
1.242337682008743286e+03
1.255272710561752319e+03
1.268205483198165894e+03
1.281188584089279175e+03
1.294117558002471924e+03
1.307053279638290405e+03
1.320026700496673584e+03
1.332962759733200073e+03
1.345886195659637451e+03
1.358833735942840576e+03
1.371736046552658081e+03
1.384699755191802979e+03
1.397664880275726318e+03
1.410620607614517212e+03
1.423594467639923096e+03
1.436504317998886108e+03
1.449424218654632568e+03
1.462339421272277832e+03
1.475228833436965942e+03
1.488160703182220459e+03
1.501071251630783081e+03
1.514053641796112061e+03
1.526973793506622314e+03
1.539937054157257080e+03
1.552887328386306763e+03
1.565844926595687866e+03
1.578762432336807251e+03
1.591682643890380859e+03
1.604588967323303223e+03
1.617534005641937256e+03
1.630468687295913696e+03
1.643382496833801270e+03
1.656333532571792603e+03
1.669283710718154907e+03
1.682235100984573364e+03
1.695199545383453369e+03
1.708082917690277100e+03
1.721029293298721313e+03
1.733933021306991577e+03
1.746895687818527222e+03
1.759864639520645142e+03
1.772913348436355591e+03
1.785886343955993652e+03
1.798817405223846436e+03
1.811766786336898804e+03
1.824702247381210327e+03
1.837588872909545898e+03
1.850550264358520508e+03
1.863451107740402222e+03
1.876402592658996582e+03
1.889331242799758911e+03
1.902299561023712158e+03
1.915187053203582764e+03
1.928161463499069214e+03
1.941090052127838135e+03
1.953945569753646851e+03
1.966904116392135620e+03
1.979816614389419556e+03
1.992817719936370850e+03
2.005757704496383667e+03
2.018744662046432495e+03
2.031648868799209595e+03
2.044658424377441406e+03
2.057601292848587036e+03
2.070539988517761230e+03
2.083467225551605225e+03
2.096410726070404053e+03
2.109350834608078003e+03
2.122331670999526978e+03
2.135285465955734253e+03
2.148232474088668823e+03
2.161145919322967529e+03
2.174124852180480957e+03
2.187067691564559937e+03
2.200038565874099731e+03
2.213008384466171265e+03
2.225978314638137817e+03
2.239009313106536865e+03
2.251968055248260498e+03
2.264854490280151367e+03
2.277812061071395874e+03
2.290752732992172241e+03
2.303724796295166016e+03
2.316648398160934448e+03
2.329625988483428955e+03
2.342535785913467407e+03
2.355540191650390625e+03
2.368404752016067505e+03
2.381333468198776245e+03
2.394269405841827393e+03
2.407149586677551270e+03
2.420069815397262573e+03
2.432957431554794312e+03
2.445881321668624878e+03
2.458813293218612671e+03
2.471705310344696045e+03
2.484658942699432373e+03
2.497595605134963989e+03
2.510501360177993774e+03
2.523401498317718506e+03
2.536312306880950928e+03
2.549250264644622803e+03
2.562152091026306152e+03
2.575084952592849731e+03
2.587982944488525391e+03
