1.540094614028930664e+00
2.840018510818481445e+00
4.149950981140136719e+00
5.428359508514404297e+00
6.720778465270996094e+00
8.014198064804077148e+00
9.302113533020019531e+00
1.062955737113952637e+01
1.194749450683593750e+01
1.325592517852783203e+01
1.455785059928894043e+01
1.587028384208679199e+01
1.717270970344543457e+01
1.842309832572937012e+01
1.970801234245300293e+01
2.100293350219726562e+01
2.233338975906372070e+01
2.381094026565551758e+01
2.523295855522155762e+01
2.657591366767883301e+01
2.788084101676940918e+01
2.990077757835388184e+01
3.130727767944335938e+01
3.265023636817932129e+01
3.396867394447326660e+01
3.538017725944519043e+01
3.662256073951721191e+01
3.798603034019470215e+01
3.929446077346801758e+01
4.056736612319946289e+01
4.187429499626159668e+01
4.311467695236206055e+01
4.436306405067443848e+01
4.568250250816345215e+01
4.698592972755432129e+01
4.826183676719665527e+01
4.952523469924926758e+01
5.083566641807556152e+01
5.214860010147094727e+01
5.350006103515625000e+01
5.472893500328063965e+01
5.601234698295593262e+01
5.730026292800903320e+01
5.862270331382751465e+01
5.984357142448425293e+01
6.106243753433227539e+01
6.221575856208801270e+01
6.334506106376647949e+01
6.455642199516296387e+01
6.585634636878967285e+01
6.756856465339660645e+01
6.893653678894042969e+01
7.010755562782287598e+01
7.135194182395935059e+01
7.255629706382751465e+01
7.370161151885986328e+01
7.484792613983154297e+01
7.601475596427917480e+01
7.717496180534362793e+01
7.833578658103942871e+01
7.947109317779541016e+01
8.062191224098205566e+01
8.179274487495422363e+01
8.298909521102905273e+01
8.420146131515502930e+01
8.547736883163452148e+01
8.674118089675903320e+01
8.791998100280761719e+01
8.926165676116943359e+01
9.055848336219787598e+01
9.175794053077697754e+01
9.303385114669799805e+01
9.423720192909240723e+01
9.539352369308471680e+01
9.659487795829772949e+01
9.777121424674987793e+01
9.895523333549499512e+01
1.002101118564605713e+02
1.013834507465362549e+02
1.025101482868194580e+02
1.037916052341461182e+02
1.049873542785644531e+02
1.061072547435760498e+02
1.072681558132171631e+02
1.084198427200317383e+02
1.095431985855102539e+02
1.106672794818878174e+02
1.117711369991302490e+02
1.129191975593566895e+02
1.140861136913299561e+02
1.152305126190185547e+02
1.163699419498443604e+02
1.175498929023742676e+02
1.186727671623229980e+02
1.197713985443115234e+02
1.209132828712463379e+02
1.220375216007232666e+02
1.232420845031738281e+02
1.243579430580139160e+02
1.254948279857635498e+02
1.266367042064666748e+02
1.277473385334014893e+02
1.288712110519409180e+02
1.300010483264923096e+02
1.311629712581634521e+02
1.323148472309112549e+02
1.336069653034210205e+02
1.347478520870208740e+02
1.359273562431335449e+02
1.370575516223907471e+02
1.382415351867675781e+02
1.394172925949096680e+02
1.405571858882904053e+02
1.418592612743377686e+02
1.430031692981719971e+02
1.441681241989135742e+02
1.454035348892211914e+02
1.465410807132720947e+02
1.477369685173034668e+02
1.489068951606750488e+02
1.501089067459106445e+02
1.512468018531799316e+02
1.524002168178558350e+02
1.535996844768524170e+02
1.547886466979980469e+02
1.559305703639984131e+02
1.571380586624145508e+02
1.582742514610290527e+02
1.594051365852355957e+02
1.605599005222320557e+02
1.617025976181030273e+02
1.629016053676605225e+02
1.640461485385894775e+02
1.652203247547149658e+02
1.663602147102355957e+02
1.675082347393035889e+02
1.686684257984161377e+02
1.698468956947326660e+02
1.709702956676483154e+02
1.721081306934356689e+02
1.731662738323211670e+02
1.742182939052581787e+02
1.752531349658966064e+02
1.763150303363800049e+02
1.773615121841430664e+02
1.784111254215240479e+02
1.794771807193756104e+02
1.805316338539123535e+02
1.815825586318969727e+02
1.826181397438049316e+02
1.836532638072967529e+02
1.846892058849334717e+02
1.857311592102050781e+02
1.867771272659301758e+02
1.878371026515960693e+02
1.889080986976623535e+02
1.899625370502471924e+02
1.910239529609680176e+02
1.920713684558868408e+02
1.931038763523101807e+02
1.941524586677551270e+02
1.952043201923370361e+02
1.962455315589904785e+02
1.972961828708648682e+02
1.983644950389862061e+02
1.994216263294219971e+02
2.004735023975372314e+02
2.015337376594543457e+02
2.025915062427520752e+02
2.036316707134246826e+02
2.046884312629699707e+02
2.057628481388092041e+02
2.068177742958068848e+02
2.078833060264587402e+02
2.089461414813995361e+02
2.100141363143920898e+02
2.110833148956298828e+02
2.121291372776031494e+02
2.131532247066497803e+02
2.142009112834930420e+02
2.152624111175537109e+02
2.163042335510253906e+02
2.173467240333557129e+02
2.184265730381011963e+02
2.194840219020843506e+02
2.206748762130737305e+02
2.217448973655700684e+02
2.228009648323059082e+02
2.238469955921173096e+02
2.249150273799896240e+02
2.259732227325439453e+02
2.270182590484619141e+02
2.280733156204223633e+02
2.291314222812652588e+02
2.301975746154785156e+02
2.312764804363250732e+02
2.323483462333679199e+02
2.334103968143463135e+02
2.344652495384216309e+02
2.355260868072509766e+02
