1.296652674674987793e+01
2.603185367584228516e+01
3.908399963378906250e+01
5.212147092819213867e+01
6.515587115287780762e+01
7.818776655197143555e+01
9.125864362716674805e+01
1.043597426414489746e+02
1.174276697635650635e+02
1.304754295349121094e+02
1.435203380584716797e+02
1.565895545482635498e+02
1.695944771766662598e+02
1.826379296779632568e+02
1.957217099666595459e+02
2.087255811691284180e+02
2.218472757339477539e+02
2.348979306221008301e+02
2.479947433471679688e+02
2.610326571464538574e+02
2.740862879753112793e+02
2.871663436889648438e+02
3.002047808170318604e+02
3.132708611488342285e+02
3.263418202400207520e+02
3.393479278087615967e+02
3.524459543228149414e+02
3.654701042175292969e+02
3.785199086666107178e+02
3.915933182239532471e+02
4.046889152526855469e+02
4.177367432117462158e+02
4.307732808589935303e+02
4.438260471820831299e+02
4.568911902904510498e+02
4.699627046585083008e+02
4.830121536254882812e+02
4.960777778625488281e+02
5.091242625713348389e+02
5.221827352046966553e+02
5.352766685485839844e+02
5.483400175571441650e+02
5.613926467895507812e+02
5.744288289546966553e+02
5.875239398479461670e+02
6.005337345600128174e+02
6.136160221099853516e+02
6.267120013236999512e+02
6.397530612945556641e+02
6.528164451122283936e+02
6.658784782886505127e+02
6.789892435073852539e+02
6.920057778358459473e+02
7.051252138614654541e+02
7.181624166965484619e+02
7.312379584312438965e+02
7.443110659122467041e+02
7.573540906906127930e+02
7.704416348934173584e+02
7.834625120162963867e+02
7.965434689521789551e+02
8.096089622974395752e+02
8.226944482326507568e+02
8.357728207111358643e+02
8.488592462539672852e+02
8.619008483886718750e+02
8.749611616134643555e+02
8.880460672378540039e+02
9.011291525363922119e+02
9.142432444095611572e+02
9.272892909049987793e+02
9.403420159816741943e+02
9.534485845565795898e+02
9.664656136035919189e+02
9.795317442417144775e+02
9.925414862632751465e+02
1.005599296569824219e+03
1.018652040481567383e+03
1.031736912488937378e+03
1.044870888233184814e+03
1.057976297378540039e+03
1.071013456106185913e+03
1.084097450017929077e+03
1.097143041849136353e+03
1.110170905828475952e+03
1.123234982252120972e+03
1.136298850059509277e+03
1.149384328365325928e+03
1.162488303184509277e+03
1.175607529401779175e+03
1.188665943384170532e+03
1.201731738328933716e+03
1.214773047924041748e+03
1.227829668521881104e+03
1.240966488122940063e+03
1.254060550689697266e+03
1.267150305271148682e+03
1.280316762447357178e+03
1.293339607238769531e+03
1.306432166337966919e+03
1.319473183631896973e+03
1.332520770072937012e+03
1.345612670898437500e+03
1.358657393693923950e+03
1.371757936477661133e+03
1.384869280338287354e+03
1.397960361480712891e+03
1.411084773063659668e+03
1.424135769844055176e+03
1.437246905088424683e+03
1.450275727272033691e+03
1.463287169694900513e+03
1.476363393783569336e+03
1.489387895584106445e+03
1.502452944993972778e+03
1.515536636829376221e+03
1.528652961730957031e+03
1.541740810394287109e+03
1.554788859844207764e+03
1.567882590293884277e+03
1.580918741464614868e+03
1.593943718433380127e+03
1.607025196552276611e+03
1.620105169773101807e+03
1.633197813510894775e+03
1.646270676851272583e+03
1.659323028087615967e+03
1.672392210006713867e+03
1.685471045017242432e+03
1.698438915014266968e+03
1.711512459039688110e+03
1.724573214292526245e+03
1.737620440244674683e+03
1.750721063375473022e+03
1.763864736080169678e+03
1.776916625261306763e+03
1.789999275445938110e+03
1.803066613197326660e+03
1.816150577783584595e+03
1.829199049711227417e+03
1.842246744871139526e+03
1.855291351318359375e+03
1.868346754789352417e+03
1.881410707473754883e+03
1.894444104433059692e+03
1.907505008697509766e+03
1.920585024356842041e+03
1.933643872499465942e+03
1.946681579828262329e+03
1.959740914583206177e+03
1.972804957866668701e+03
1.985876892089843750e+03
1.998961579322814941e+03
2.012052837610244751e+03
2.025100513935089111e+03
2.038164243459701538e+03
2.051220228433609009e+03
2.064266810655593872e+03
2.077337242841720581e+03
2.090392584800720215e+03
2.103457207202911377e+03
2.116520085811614990e+03
2.129579632520675659e+03
2.142668750762939453e+03
2.155730868577957153e+03
2.168811964750289917e+03
2.181877863407135010e+03
2.194913631916046143e+03
2.207959756851196289e+03
2.220990592241287231e+03
2.234096287488937378e+03
2.247137726068496704e+03
2.260161455154418945e+03
2.273231826066970825e+03
2.286304586648941040e+03
2.299363843202590942e+03
2.312409639596939087e+03
2.325478492021560669e+03
2.338526864290237427e+03
2.351551074028015137e+03
2.364692557573318481e+03
2.377709882259368896e+03
2.390733668088912964e+03
2.403787532091140747e+03
2.416849664211273193e+03
2.429915161848068237e+03
2.442979668378829956e+03
2.456066214561462402e+03
2.469159654617309570e+03
2.482301100015640259e+03
2.495348446607589722e+03
2.508435556173324585e+03
2.521523707866668701e+03
2.534597885608673096e+03
2.547660601854324341e+03
2.560858373403549194e+03
2.573905638933181763e+03
2.586985876560211182e+03
2.600063710927963257e+03
2.613148643732070923e+03
