3.478919506072998047e+00
4.415085315704345703e+00
5.351751327514648438e+00
6.279411554336547852e+00
7.219078779220581055e+00
8.160518646240234375e+00
9.107198238372802734e+00
1.004221272468566895e+01
1.097887849807739258e+01
1.192655324935913086e+01
1.285871505737304688e+01
1.379788303375244141e+01
1.474145722389221191e+01
1.569389557838439941e+01
1.664306974411010742e+01
1.759724855422973633e+01
1.856177473068237305e+01
1.953110289573669434e+01
2.049633860588073730e+01
2.144963359832763672e+01
2.240921449661254883e+01
2.337177014350891113e+01
2.432795000076293945e+01
2.526711773872375488e+01
2.640692853927612305e+01
2.733959841728210449e+01
2.827726554870605469e+01
2.921727824211120605e+01
3.016643381118774414e+01
3.115213537216186523e+01
3.217386150360107422e+01
3.318407964706420898e+01
3.419479823112487793e+01
3.519450926780700684e+01
3.616889119148254395e+01
3.714608597755432129e+01
3.812127876281738281e+01
3.920755124092102051e+01
4.018124341964721680e+01
4.113866281509399414e+01
4.211297416687011719e+01
4.307165551185607910e+01
4.403233933448791504e+01
4.500553154945373535e+01
4.597872257232666016e+01
4.723511648178100586e+01
4.820981001853942871e+01
4.918700385093688965e+01
5.017320537567138672e+01
5.124046421051025391e+01
5.232923793792724609e+01
5.331794691085815430e+01
5.440021061897277832e+01
5.539992094039916992e+01
5.637511491775512695e+01
5.736381721496582031e+01
5.837703824043273926e+01
5.938725614547729492e+01
6.039046931266784668e+01
6.163335394859313965e+01
6.273964023590087891e+01
6.385893607139587402e+01
6.504377794265747070e+01
6.622661876678466797e+01
6.722983193397521973e+01
6.826957726478576660e+01
6.930130529403686523e+01
7.066427397727966309e+01
7.218295884132385254e+01
7.338481426239013672e+01
7.438962101936340332e+01
7.534456300735473633e+01
7.630324459075927734e+01
7.725542140007019043e+01
7.822511029243469238e+01
7.918729496002197266e+01
8.013947224617004395e+01
8.112034702301025391e+01
8.210335302352905273e+01
8.309100437164306641e+01
8.405619096755981445e+01
8.503638768196105957e+01
8.599807190895080566e+01
8.694674587249755859e+01
8.790264225006103516e+01
8.885653162002563477e+01
8.981277585029602051e+01
9.076895594596862793e+01
9.173514246940612793e+01
9.272584724426269531e+01
9.369853901863098145e+01
9.466923213005065918e+01
9.563647699356079102e+01
9.660047912597656250e+01
9.757317042350769043e+01
9.854829287528991699e+01
9.951092624664306641e+01
1.004824764728546143e+02
1.014517414569854736e+02
1.024277558326721191e+02
1.034019484519958496e+02
1.043706371784210205e+02
1.053959004878997803e+02
1.063705947399139404e+02
1.073423712253570557e+02
1.083361363410949707e+02
1.093051075935363770e+02
1.103063921928405762e+02
1.112850525379180908e+02
1.122617490291595459e+02
1.132433161735534668e+02
1.142163293361663818e+02
1.151811959743499756e+02
1.161835937500000000e+02
1.172604174613952637e+02
1.182676415443420410e+02
1.192950012683868408e+02
1.202571856975555420e+02
1.212217655181884766e+02
1.222428486347198486e+02
1.232111341953277588e+02
1.241978468894958496e+02
1.252355835437774658e+02
1.261977677345275879e+02
1.271748464107513428e+02
1.281360311508178711e+02
1.291026635169982910e+02
1.300888648033142090e+02
1.310805697441101074e+02
1.320567638874053955e+02
1.330333449840545654e+02
1.339995925426483154e+02
1.350028755664825439e+02
1.361071596145629883e+02
1.371489009857177734e+02
1.381524460315704346e+02
1.391366443634033203e+02
1.401113383769989014e+02
1.410835292339324951e+02
1.420502161979675293e+02
1.430277147293090820e+02
1.440077924728393555e+02
1.449894912242889404e+02
1.459796948432922363e+02
1.469683976173400879e+02
1.479470980167388916e+02
1.489227013587951660e+02
1.499107346534729004e+02
1.508852288722991943e+02
1.518721587657928467e+02
1.528688673973083496e+02
1.538590307235717773e+02
1.549485116004943848e+02
1.559225463867187500e+02
1.569092581272125244e+02
1.578939588069915771e+02
1.588741550445556641e+02
1.598523507118225098e+02
1.608216800689697266e+02
1.618125009536743164e+02
1.627981779575347900e+02
1.637926878929138184e+02
1.647926590442657471e+02
1.657920014858245850e+02
1.667758452892303467e+02
1.677647118568420410e+02
1.687545328140258789e+02
1.697534799575805664e+02
1.707466914653778076e+02
1.717307260036468506e+02
1.727064192295074463e+02
1.736964430809020996e+02
1.746890451908111572e+02
1.756847693920135498e+02
1.766856951713562012e+02
1.776746890544891357e+02
1.786680610179901123e+02
1.796542623043060303e+02
1.806499707698822021e+02
1.816481797695159912e+02
1.826573977470397949e+02
1.836691191196441650e+02
1.847899141311645508e+02
1.858131415843963623e+02
1.868173556327819824e+02
1.878215801715850830e+02
1.889248645305633545e+02
1.899335820674896240e+02
1.909427998065948486e+02
1.919445116519927979e+02
1.929417207241058350e+02
1.939759564399719238e+02
1.949831719398498535e+02
1.959818818569183350e+02
1.969941108226776123e+02
1.980058300495147705e+02
1.990160484313964844e+02
2.000297687053680420e+02
2.010574994087219238e+02
2.021142516136169434e+02
