1.281277108192443848e+01
2.564122557640075684e+01
3.848771381378173828e+01
5.132921385765075684e+01
6.420400857925415039e+01
7.702158927917480469e+01
8.984717607498168945e+01
1.026823594570159912e+02
1.155131514072418213e+02
1.283149178028106689e+02
1.411673283576965332e+02
1.540065636634826660e+02
1.668505525588989258e+02
1.797137279510498047e+02
1.925123581886291504e+02
2.053744542598724365e+02
2.181489686965942383e+02
2.310283508300781250e+02
2.438414306640625000e+02
2.566790430545806885e+02
2.695206406116485596e+02
2.823546614646911621e+02
2.951380465030670166e+02
3.080122179985046387e+02
3.208134524822235107e+02
3.336614613533020020e+02
3.464191339015960693e+02
3.592462460994720459e+02
3.720231204032897949e+02
3.848739330768585205e+02
3.977367746829986572e+02
4.105921204090118408e+02
4.234984390735626221e+02
4.363491446971893311e+02
4.491783347129821777e+02
4.620152482986450195e+02
4.748429584503173828e+02
4.876578807830810547e+02
5.004894304275512695e+02
5.133312225341796875e+02
5.261612358093261719e+02
5.390559306144714355e+02
5.519198510646820068e+02
5.647930319309234619e+02
5.776496858596801758e+02
5.904573917388916016e+02
6.032927834987640381e+02
6.161559674739837646e+02
6.290155689716339111e+02
6.418520221710205078e+02
6.546971426010131836e+02
6.675888504981994629e+02
6.803923132419586182e+02
6.932302289009094238e+02
7.060292649269104004e+02
7.188196341991424561e+02
7.316599712371826172e+02
7.445288474559783936e+02
7.573547906875610352e+02
7.701879963874816895e+02
7.830511920452117920e+02
7.958889403343200684e+02
8.087556514739990234e+02
8.215907516479492188e+02
8.344457776546478271e+02
8.472507534027099609e+02
8.600526738166809082e+02
8.729298431873321533e+02
8.857314529418945312e+02
8.985951390266418457e+02
9.114106495380401611e+02
9.242334825992584229e+02
9.371093432903289795e+02
9.499660909175872803e+02
9.628209619522094727e+02
9.755973000526428223e+02
9.884591438770294189e+02
1.001273396968841553e+03
1.014098170757293701e+03
1.026965797662734985e+03
1.039812703847885132e+03
1.052688053369522095e+03
1.065545328378677368e+03
1.078344046115875244e+03
1.091173363924026489e+03
1.104005198240280151e+03
1.116815186977386475e+03
1.129626170158386230e+03
1.142485755443572998e+03
1.155278878211975098e+03
1.168131588697433472e+03
1.180945262670516968e+03
1.193817362308502197e+03
1.206660041332244873e+03
1.219549184799194336e+03
1.232389492034912109e+03
1.245205871343612671e+03
1.258074578523635864e+03
1.270894783973693848e+03
1.283733194828033447e+03
1.296608916282653809e+03
1.309412455081939697e+03
1.322264537572860718e+03
1.335091017961502075e+03
1.347947110414505005e+03
1.360799082517623901e+03
1.373661944866180420e+03
1.386532355070114136e+03
1.399363602399826050e+03
1.412181270360946655e+03
1.425041146278381348e+03
1.437862320184707642e+03
1.450713553190231323e+03
1.463579265117645264e+03
1.476438217163085938e+03
1.489216497421264648e+03
1.502086978197097778e+03
1.514878685712814331e+03
1.527726679801940918e+03
1.540592374086380005e+03
1.553418946027755737e+03
1.566335270881652832e+03
1.579144191026687622e+03
1.591974889755249023e+03
1.604802168130874634e+03
1.617682220697402954e+03
1.630491505384445190e+03
1.643399015188217163e+03
1.656205759286880493e+03
1.669049339771270752e+03
1.681846950292587280e+03
1.694658318996429443e+03
1.707482660055160522e+03
1.720352348327636719e+03
1.733184764623641968e+03
1.746063132047653198e+03
1.758908461809158325e+03
1.771724921941757202e+03
1.784576570272445679e+03
1.797399884462356567e+03
1.810242538213729858e+03
1.823079452276229858e+03
1.835930182456970215e+03
1.848777221202850342e+03
1.861645153045654297e+03
1.874471338033676147e+03
1.887283379316329956e+03
1.900098396539688110e+03
1.912999688863754272e+03
1.925850581884384155e+03
1.938666804075241089e+03
1.951545953035354614e+03
1.964418152093887329e+03
1.977240439176559448e+03
1.990091396570205688e+03
2.002953103303909302e+03
2.015777529716491699e+03
2.028644684314727783e+03
2.041452779054641724e+03
2.054283501386642456e+03
2.067143984079360962e+03
2.079992548227310181e+03
2.092837801694869995e+03
2.105729600667953491e+03
2.118501696348190308e+03
2.131374023437500000e+03
2.144150428295135498e+03
2.156970632553100586e+03
2.169765846729278564e+03
2.182654062747955322e+03
2.195490750551223755e+03
2.208313026666641235e+03
2.221199738740921021e+03
2.234043442487716675e+03
2.246849357366561890e+03
2.259697920322418213e+03
2.272524102926254272e+03
2.285344613075256348e+03
2.298180936813354492e+03
2.311023367881774902e+03
2.323859172344207764e+03
2.336732443094253540e+03
2.349580992221832275e+03
2.362438759803771973e+03
2.375318211793899536e+03
2.388146772861480713e+03
2.400968964099884033e+03
2.413784114837646484e+03
2.426648077249526978e+03
2.439487170219421387e+03
2.452347183704376221e+03
2.465217045307159424e+03
2.478100562810897827e+03
2.490973624467849731e+03
2.503797924757003784e+03
2.516627380132675171e+03
2.529482944250106812e+03
2.542300056219100952e+03
2.555168090581893921e+03
2.568016830682754517e+03
