1.179837703704833984e+00
2.210570573806762695e+00
3.271825790405273438e+00
4.299556255340576172e+00
5.368315696716308594e+00
6.399560213088989258e+00
7.430293560028076172e+00
8.448016881942749023e+00
9.548298835754394531e+00
1.058003211021423340e+01
1.160426068305969238e+01
1.264149832725524902e+01
1.369124484062194824e+01
1.471397209167480469e+01
1.577172350883483887e+01
1.684098386764526367e+01
1.790374016761779785e+01
1.895798969268798828e+01
2.006177377700805664e+01
2.116355752944946289e+01
2.224482607841491699e+01
2.328056335449218750e+01
2.431780076026916504e+01
2.536254358291625977e+01
2.639277601242065430e+01
2.744452381134033203e+01
2.855931639671325684e+01
2.961206436157226562e+01
3.065730786323547363e+01
3.169804811477661133e+01
3.272928142547607422e+01
3.376902103424072266e+01
3.481626534461975098e+01
3.587601828575134277e+01
3.693427109718322754e+01
3.798301649093627930e+01
3.903576564788818359e+01
4.020809841156005859e+01
4.126985335350036621e+01
4.231509637832641602e+01
4.339436388015747070e+01
4.447012925148010254e+01
4.557891750335693359e+01
4.665668368339538574e+01
4.774996042251586914e+01
4.883823442459106445e+01
4.991650104522705078e+01
5.100777769088745117e+01
5.208204078674316406e+01
5.315830636024475098e+01
5.421755909919738770e+01
5.528832054138183594e+01
5.637459301948547363e+01
5.745937371253967285e+01
5.854564619064331055e+01
5.962241220474243164e+01
6.069867682456970215e+01
6.178044652938842773e+01
6.286121463775634766e+01
6.392847418785095215e+01
6.500674009323120117e+01
6.620659279823303223e+01
6.737742590904235840e+01
6.855476307868957520e+01
6.982566666603088379e+01
7.103252458572387695e+01
7.223087692260742188e+01
7.343223047256469727e+01
7.451850271224975586e+01
7.559226703643798828e+01
7.667963767051696777e+01
7.773650097846984863e+01
7.880087399482727051e+01
7.992638349533081055e+01
8.100046539306640625e+01
8.204734587669372559e+01
8.316864323616027832e+01
8.427993321418762207e+01
8.595847082138061523e+01
8.729642176628112793e+01
8.844058537483215332e+01
8.981966233253479004e+01
9.109306764602661133e+01
9.233394980430603027e+01
9.360735535621643066e+01
9.473715877532958984e+01
9.587396669387817383e+01
9.697174739837646484e+01
9.803500342369079590e+01
9.908675122261047363e+01
1.001530094146728516e+02
1.012212686538696289e+02
1.022640628814697266e+02
1.033558390140533447e+02
1.044981517791748047e+02
1.055759177207946777e+02
1.066741986274719238e+02
1.077593736648559570e+02
1.088736701011657715e+02
1.099794557094573975e+02
1.111219100952148438e+02
1.123135926723480225e+02
1.134619951248168945e+02
1.145452725887298584e+02
1.156911568641662598e+02
1.168457961082458496e+02
1.180824122428894043e+02
1.191687872409820557e+02
1.203025932312011719e+02
1.214384667873382568e+02
1.225453915596008301e+02
1.237462511062622070e+02
1.249677338600158691e+02
1.260750205516815186e+02
1.272226614952087402e+02
1.283261985778808594e+02
1.294448573589324951e+02
1.306841664314270020e+02
1.318338255882263184e+02
1.329491288661956787e+02
1.340258948802947998e+02
1.351121666431427002e+02
1.362234654426574707e+02
1.375052988529205322e+02
1.386397311687469482e+02
1.397519626617431641e+02
1.409022443294525146e+02
1.420454766750335693e+02
1.431807885169982910e+02
1.443117113113403320e+02
1.454312064647674561e+02
1.465569465160369873e+02
1.477112762928009033e+02
1.488265695571899414e+02
1.499603755474090576e+02
1.510987153053283691e+02
1.522420287132263184e+02
1.533303017616271973e+02
1.544239752292633057e+02
1.555439634323120117e+02
1.566607680320739746e+02
1.577665705680847168e+02
1.589832487106323242e+02
1.601982839107513428e+02
1.614502589702606201e+02
1.626691255569458008e+02
1.639680492877960205e+02
1.652689738273620605e+02
1.665432944297790527e+02
1.679848263263702393e+02
1.697010393142700195e+02
1.708616456985473633e+02
1.720559053421020508e+02
1.732309935092926025e+02
1.748081147670745850e+02
1.760685110092163086e+02
1.773687822818756104e+02
1.788265922069549561e+02
1.805180096626281738e+02
1.823768033981323242e+02
1.838888566493988037e+02
1.857752673625946045e+02
1.873544983863830566e+02
1.889256489276885986e+02
1.902310972213745117e+02
1.913548955917358398e+02
1.925047554969787598e+02
1.936360569000244141e+02
1.947118210792541504e+02
1.957915892601013184e+02
1.968859641551971436e+02
1.979524843692779541e+02
1.990712795257568359e+02
2.001725630760192871e+02
2.013220245838165283e+02
2.024255547523498535e+02
2.035518019199371338e+02
2.046695396900177002e+02
2.057312142848968506e+02
2.068039774894714355e+02
2.078598637580871582e+02
2.090192945003509521e+02
2.101745672225952148e+02
2.112943630218505859e+02
2.123671259880065918e+02
2.135864925384521484e+02
2.146439063549041748e+02
2.157106809616088867e+02
2.167925226688385010e+02
2.178747918605804443e+02
2.189908299446105957e+02
2.200726549625396729e+02
2.211579270362854004e+02
2.222688832283020020e+02
2.233696506023406982e+02
2.244759366512298584e+02
2.255821135044097900e+02
2.266863913536071777e+02
2.277712709903717041e+02
2.288835620880126953e+02
