1.960784383118152618e-02
2.205882407724857330e-02
1.960784383118152618e-02
1.593137346208095551e-02
1.593137346208095551e-02
1.960784569382667542e-02
1.102941296994686127e-02
1.838235370814800262e-02
2.083333395421504974e-02
1.470588333904743195e-02
1.715686358511447906e-02
8.578431792557239532e-03
2.083333581686019897e-02
1.593137346208095551e-02
2.083333395421504974e-02
1.960784383118152618e-02
1.102941203862428665e-02
2.083333581686019897e-02
2.205882407724857330e-02
1.348039321601390839e-02
2.083333395421504974e-02
1.593137346208095551e-02
1.715686358511447906e-02
1.960784569382667542e-02
2.818627655506134033e-02
1.960784383118152618e-02
3.308823704719543457e-02
2.941176667809486389e-02
2.450980432331562042e-02
2.083333395421504974e-02
2.818627469241619110e-02
3.431372717022895813e-02
5.147058889269828796e-02
3.921568766236305237e-02
5.882353335618972778e-02
5.637254938483238220e-02
5.882352963089942932e-02
4.901960864663124084e-02
7.107843458652496338e-02
6.495098024606704712e-02
7.843138277530670166e-02
7.352941483259201050e-02
9.803922474384307861e-02
1.090686395764350891e-01
9.926471114158630371e-02
9.191177040338516235e-02
1.127451062202453613e-01
1.372549086809158325e-01
1.348039358854293823e-01
1.384804099798202515e-01
1.397058963775634766e-01
1.384804099798202515e-01
1.617647111415863037e-01
1.654412001371383667e-01
1.875000149011611938e-01
1.862745285034179688e-01
1.789215803146362305e-01
2.083333581686019897e-01
2.181372791528701782e-01
2.450980544090270996e-01
2.463235408067703247e-01
2.401961088180541992e-01
2.426470816135406494e-01
2.463235557079315186e-01
2.928921878337860107e-01
2.365196198225021362e-01
3.002451062202453613e-01
3.272058963775634766e-01
3.455882668495178223e-01
3.174020051956176758e-01
3.406863212585449219e-01
3.284313976764678955e-01
3.272058963775634766e-01
3.455882668495178223e-01
3.406862914562225342e-01
3.664216101169586182e-01
4.007353186607360840e-01
3.762255311012268066e-01
3.860294520854949951e-01
4.154411852359771729e-01
4.105392992496490479e-01
4.007353186607360840e-01
4.117647409439086914e-01
4.252451360225677490e-01
4.117647409439086914e-01
4.289215803146362305e-01
4.375000000000000000e-01
4.362745881080627441e-01
4.534314274787902832e-01
4.656862914562225342e-01
4.558824002742767334e-01
4.877451658248901367e-01
4.718137979507446289e-01
4.828431606292724609e-01
4.669117927551269531e-01
4.669117927551269531e-01
4.644608199596405029e-01
4.950980842113494873e-01
4.742647111415863037e-01
4.730392396450042725e-01
4.938726127147674561e-01
5.000000596046447754e-01
5.147059559822082520e-01
5.220588445663452148e-01
5.024510025978088379e-01
5.196079015731811523e-01
5.061274766921997070e-01
5.269608497619628906e-01
5.134804248809814453e-01
5.355392694473266602e-01
5.306372642517089844e-01
5.453432202339172363e-01
5.453431606292724609e-01
5.294118523597717285e-01
5.318627953529357910e-01
5.269608497619628906e-01
5.392156839370727539e-01
5.575981140136718750e-01
5.318627953529357910e-01
5.306372642517089844e-01
5.747548937797546387e-01
5.404412150382995605e-01
5.318627953529357910e-01
5.588235855102539062e-01
5.698530077934265137e-01
5.539216399192810059e-01
5.477942228317260742e-01
5.821079015731811523e-01
5.600490570068359375e-01
5.808823704719543457e-01
5.674020051956176758e-01
5.955882668495178223e-01
5.759804844856262207e-01
5.808824300765991211e-01
5.759804844856262207e-01
5.674020051956176758e-01
5.968137979507446289e-01
6.066176891326904297e-01
5.955882668495178223e-01
5.759804248809814453e-01
6.041667461395263672e-01
5.980392694473266602e-01
5.833333730697631836e-01
5.980392694473266602e-01
5.796569585800170898e-01
5.919118523597717285e-01
6.188726425170898438e-01
6.004902720451354980e-01
6.078432202339172363e-01
5.870099067687988281e-01
6.029412746429443359e-01
5.968137383460998535e-01
6.115196943283081055e-01
5.882353782653808594e-01
6.004902720451354980e-01
6.029412746429443359e-01
6.164216399192810059e-01
5.980392694473266602e-01
5.955883264541625977e-01
6.323530077934265137e-01
6.139706373214721680e-01
6.127451658248901367e-01
6.127451658248901367e-01
6.250000000000000000e-01
6.397058963775634766e-01
6.127451658248901367e-01
6.053922176361083984e-01
6.041667461395263672e-01
6.200981140136718750e-01
6.053922176361083984e-01
6.286765336990356445e-01
6.323529481887817383e-01
6.299020051956176758e-01
6.299020051956176758e-01
6.262255907058715820e-01
6.299020051956176758e-01
6.188726425170898438e-01
6.311275959014892578e-01
6.335784792900085449e-01
6.115196943283081055e-01
6.384804248809814453e-01
6.299020051956176758e-01
6.286765336990356445e-01
6.127451062202453613e-01
6.323530077934265137e-01
6.360294222831726074e-01
6.348040103912353516e-01
6.556373238563537598e-01
6.348040103912353516e-01
6.384804248809814453e-01
6.482843756675720215e-01
6.421569585800170898e-01
6.556373238563537598e-01
6.519608497619628906e-01
6.446079611778259277e-01
6.446079015731811523e-01
6.458334326744079590e-01
6.421569585800170898e-01
6.335784792900085449e-01
6.348040103912353516e-01
