2.573529630899429321e-02
1.593137346208095551e-02
1.838235370814800262e-02
1.838235370814800262e-02
1.225490216165781021e-02
1.470588240772485733e-02
1.715686358511447906e-02
1.715686358511447906e-02
1.715686358511447906e-02
1.593137346208095551e-02
2.083333395421504974e-02
1.838235370814800262e-02
1.715686358511447906e-02
1.960784383118152618e-02
1.838235370814800262e-02
1.715686358511447906e-02
1.348039228469133377e-02
1.838235370814800262e-02
1.225490216165781021e-02
1.960784383118152618e-02
7.352941203862428665e-03
1.715686358511447906e-02
1.102941203862428665e-02
2.328431420028209686e-02
9.803921915590763092e-03
1.470588240772485733e-02
1.838235370814800262e-02
1.715686358511447906e-02
1.960784383118152618e-02
1.225490216165781021e-02
2.328431420028209686e-02
2.573529444634914398e-02
1.593137346208095551e-02
2.450980432331562042e-02
2.328431420028209686e-02
2.573529630899429321e-02
3.063725680112838745e-02
2.696078456938266754e-02
3.431372717022895813e-02
3.799019753932952881e-02
3.186274692416191101e-02
3.553921729326248169e-02
4.534313827753067017e-02
5.392156913876533508e-02
4.901961237192153931e-02
5.392156913876533508e-02
6.004901975393295288e-02
7.107843458652496338e-02
9.313726425170898438e-02
8.823530375957489014e-02
1.029411926865577698e-01
1.139705851674079895e-01
1.348039358854293823e-01
1.372549086809158325e-01
1.531862914562225342e-01
1.519608050584793091e-01
1.544117778539657593e-01
1.862745285034179688e-01
1.875000149011611938e-01
1.973039507865905762e-01
2.242647111415863037e-01
2.389706075191497803e-01
2.769607901573181152e-01
2.867647409439086914e-01
2.794117927551269531e-01
2.683823704719543457e-01
3.026961088180541992e-01
2.941176891326904297e-01
3.284313678741455078e-01
3.394607901573181152e-01
3.419117927551269531e-01
3.443627655506134033e-01
3.676471114158630371e-01
3.860294520854949951e-01
3.737745583057403564e-01
4.019608199596405029e-01
3.921568989753723145e-01
3.897059559822082520e-01
4.044117927551269531e-01
4.166667163372039795e-01
4.154412150382995605e-01
4.154412448406219482e-01
4.473039507865905762e-01
4.718137681484222412e-01
4.436274766921997070e-01
4.656863212585449219e-01
4.460784494876861572e-01
4.509804248809814453e-01
4.607843756675720215e-01
4.938725829124450684e-01
4.877451658248901367e-01
4.803922176361083984e-01
5.049020051956176758e-01
5.257353782653808594e-01
5.159314274787902832e-01
5.073530077934265137e-01
5.147059559822082520e-01
5.134804248809814453e-01
5.257353186607360840e-01
5.318627953529357910e-01
5.330883264541625977e-01
5.355392694473266602e-01
5.306373238563537598e-01
5.441177487373352051e-01
5.367648005485534668e-01
5.428922176361083984e-01
5.428922176361083984e-01
5.502451658248901367e-01
5.563725829124450684e-01
5.392157435417175293e-01
5.514706373214721680e-01
5.625000596046447754e-01
5.698529481887817383e-01
5.526961088180541992e-01
5.625000596046447754e-01
5.600490570068359375e-01
5.686274766921997070e-01
5.919118523597717285e-01
5.808824300765991211e-01
5.723040103912353516e-01
5.870099067687988281e-01
5.735294818878173828e-01
5.747549533843994141e-01
5.784314870834350586e-01
6.004902124404907227e-01
6.078431606292724609e-01
5.870099067687988281e-01
6.029412150382995605e-01
5.759804248809814453e-01
5.710784196853637695e-01
5.686275362968444824e-01
5.747549533843994141e-01
6.017157435417175293e-01
5.968137979507446289e-01
6.041667461395263672e-01
5.882353782653808594e-01
6.237745881080627441e-01
6.090686917304992676e-01
6.188725829124450684e-01
5.968137383460998535e-01
5.772059559822082520e-01
6.115196943283081055e-01
6.127451658248901367e-01
6.017156839370727539e-01
6.139706969261169434e-01
6.237745881080627441e-01
6.250000000000000000e-01
6.274510622024536133e-01
6.482843756675720215e-01
6.335784792900085449e-01
6.286765336990356445e-01
5.759804248809814453e-01
5.919118523597717285e-01
6.409314274787902832e-01
6.176470518112182617e-01
6.262255907058715820e-01
6.250000000000000000e-01
6.188726425170898438e-01
6.372550129890441895e-01
6.372550129890441895e-01
6.409314274787902832e-01
6.237745285034179688e-01
6.311275362968444824e-01
6.323529481887817383e-01
6.409314274787902832e-01
6.470589041709899902e-01
6.446079611778259277e-01
6.433824300765991211e-01
6.458333730697631836e-01
6.299020051956176758e-01
6.409314274787902832e-01
6.372549533843994141e-01
6.286765336990356445e-01
6.323529481887817383e-01
6.397058963775634766e-01
6.421568393707275391e-01
6.262255311012268066e-01
6.593137383460998535e-01
6.629902720451354980e-01
6.372548937797546387e-01
6.495098471641540527e-01
6.654412746429443359e-01
6.642157435417175293e-01
6.593137979507446289e-01
6.311274766921997070e-01
6.409313678741455078e-01
6.593137979507446289e-01
6.495098471641540527e-01
6.421568989753723145e-01
6.580882668495178223e-01
6.458334326744079590e-01
6.421569585800170898e-01
6.458334326744079590e-01
6.433824300765991211e-01
6.470589041709899902e-01
6.580883264541625977e-01
6.605392694473266602e-01
6.544118523597717285e-01
6.531863212585449219e-01
6.384804248809814453e-01
