1.470588333904743195e-02
1.470588333904743195e-02
2.083333395421504974e-02
2.573529444634914398e-02
1.960784383118152618e-02
2.328431420028209686e-02
1.838235370814800262e-02
1.593137346208095551e-02
2.328431420028209686e-02
2.205882407724857330e-02
1.470588240772485733e-02
2.818627469241619110e-02
1.715686358511447906e-02
1.715686358511447906e-02
2.205882407724857330e-02
1.715686358511447906e-02
2.941176481544971466e-02
2.818627469241619110e-02
2.941176481544971466e-02
1.960784383118152618e-02
1.960784383118152618e-02
3.186274692416191101e-02
1.838235370814800262e-02
2.573529444634914398e-02
2.696078643202781677e-02
2.941176667809486389e-02
3.431372717022895813e-02
3.921568766236305237e-02
2.818627469241619110e-02
2.941176667809486389e-02
4.779411852359771729e-02
4.901960864663124084e-02
5.147058889269828796e-02
4.779411852359771729e-02
4.411764815449714661e-02
4.166666790843009949e-02
5.514705926179885864e-02
6.004902347922325134e-02
5.882352963089942932e-02
6.495098769664764404e-02
6.127451360225677490e-02
6.985294073820114136e-02
8.333333581686019897e-02
8.455882966518402100e-02
9.313726425170898438e-02
8.455882966518402100e-02
1.029411926865577698e-01
9.803923219442367554e-02
1.078431457281112671e-01
9.803923219442367554e-02
1.176470667123794556e-01
1.078431457281112671e-01
1.151960864663124084e-01
1.617647111415863037e-01
1.617647260427474976e-01
1.593137383460998535e-01
1.580882519483566284e-01
1.740196347236633301e-01
2.046568840742111206e-01
1.948529630899429321e-01
2.022058963775634766e-01
2.120098173618316650e-01
2.242647260427474976e-01
2.279412150382995605e-01
2.254902422428131104e-01
2.487745434045791626e-01
2.806372642517089844e-01
2.720588445663452148e-01
2.561274766921997070e-01
3.039215803146362305e-01
2.916666865348815918e-01
2.953431606292724609e-01
3.321079015731811523e-01
3.296568691730499268e-01
3.321078717708587646e-01
3.321079015731811523e-01
3.774510324001312256e-01
3.553922176361083984e-01
3.860294520854949951e-01
4.215686917304992676e-01
3.995098173618316650e-01
3.958333730697631836e-01
3.799019753932952881e-01
4.411765336990356445e-01
4.338235855102539062e-01
4.338235557079315186e-01
4.595588445663452148e-01
4.534314274787902832e-01
4.215686619281768799e-01
4.620098471641540527e-01
4.742647409439086914e-01
4.509804546833038330e-01
4.595588743686676025e-01
4.656863212585449219e-01
4.730392694473266602e-01
4.718137383460998535e-01
4.889706373214721680e-01
5.159314274787902832e-01
5.073530077934265137e-01
5.012255311012268066e-01
5.134804248809814453e-01
5.110294222831726074e-01
5.073529481887817383e-01
5.085784792900085449e-01
5.232843756675720215e-01
5.428922176361083984e-01
5.257353186607360840e-01
5.428922176361083984e-01
5.490196943283081055e-01
5.441176891326904297e-01
5.245098471641540527e-01
5.514706373214721680e-01
5.379902720451354980e-01
5.514705777168273926e-01
5.575980544090270996e-01
5.269608497619628906e-01
5.674020051956176758e-01
5.502451658248901367e-01
5.698530077934265137e-01
5.674020051956176758e-01
5.723040103912353516e-01
5.612745285034179688e-01
5.563725829124450684e-01
5.612745881080627441e-01
5.625000596046447754e-01
5.821079015731811523e-01
5.857843160629272461e-01
5.686274766921997070e-01
5.882353782653808594e-01
5.968137979507446289e-01
5.686275362968444824e-01
5.710785388946533203e-01
5.821079015731811523e-01
5.710785388946533203e-01
5.759804248809814453e-01
5.943627953529357910e-01
5.931373238563537598e-01
6.115196943283081055e-01
6.200981140136718750e-01
6.078432202339172363e-01
6.029412150382995605e-01
5.992647409439086914e-01
6.066176891326904297e-01
6.323530077934265137e-01
6.335784792900085449e-01
5.821078419685363770e-01
6.053922176361083984e-01
6.188726425170898438e-01
6.090687513351440430e-01
6.164215803146362305e-01
6.360294818878173828e-01
6.115196347236633301e-01
6.029412746429443359e-01
6.200980544090270996e-01
6.188725829124450684e-01
6.188726425170898438e-01
6.066176891326904297e-01
6.446078419685363770e-01
6.335785388946533203e-01
6.384804248809814453e-01
6.237745285034179688e-01
6.348040103912353516e-01
6.360294818878173828e-01
6.213236451148986816e-01
6.274510025978088379e-01
6.262255907058715820e-01
6.311274766921997070e-01
6.384804844856262207e-01
6.397058963775634766e-01
6.299020051956176758e-01
6.642157435417175293e-01
6.433824300765991211e-01
6.470589041709899902e-01
6.678922176361083984e-01
6.360294222831726074e-01
6.188726425170898438e-01
6.495098471641540527e-01
6.605392694473266602e-01
6.580882668495178223e-01
6.495098471641540527e-01
6.433823704719543457e-01
6.409314870834350586e-01
6.409314274787902832e-01
6.568627953529357910e-01
6.446079015731811523e-01
6.482843756675720215e-01
6.519607901573181152e-01
6.666667461395263672e-01
6.593137979507446289e-01
6.666667461395263672e-01
6.335784196853637695e-01
6.629902124404907227e-01
6.421569585800170898e-01
6.568627953529357910e-01
6.446079611778259277e-01
6.299020648002624512e-01
6.299020051956176758e-01
6.250000000000000000e-01
6.642157435417175293e-01
6.556373238563537598e-01
