2.000027418136596680e+00
3.718798875808715820e+00
5.406322717666625977e+00
7.125096559524536133e+00
8.843868732452392578e+00
1.056264352798461914e+01
1.229704070091247559e+01
1.398456549644470215e+01
1.568771243095397949e+01
1.735961008071899414e+01
1.904713225364685059e+01
2.078153133392333984e+01
2.250030636787414551e+01
2.426595377922058105e+01
2.600035572052001953e+01
2.776600241661071777e+01
2.951602554321289062e+01
3.120354866981506348e+01
3.290669536590576172e+01
3.464109587669372559e+01
3.642236948013305664e+01
3.817239284515380859e+01
3.987554073333740234e+01
4.157868838310241699e+01
4.326621198654174805e+01
4.496936058998107910e+01
4.668813300132751465e+01
4.842254495620727539e+01
5.001630353927612305e+01
5.162571477890014648e+01
5.320386123657226562e+01
5.479763245582580566e+01
5.636015319824218750e+01
5.793828582763671875e+01
5.951643323898315430e+01
6.107895278930664062e+01
6.263717293739318848e+01
6.419969320297241211e+01
6.576221489906311035e+01
6.734036159515380859e+01
6.891850709915161133e+01
7.051229429244995117e+01
7.209042668342590332e+01
7.369982266426086426e+01
7.526234340667724609e+01
7.687174081802368164e+01
7.846551227569580078e+01
8.005928277969360352e+01
8.165305566787719727e+01
8.324682593345642090e+01
8.482498908042907715e+01
8.640311956405639648e+01
8.799689102172851562e+01
8.959066343307495117e+01
9.112193465232849121e+01
9.268445587158203125e+01
9.427822732925415039e+01
9.584076356887817383e+01
9.745014500617980957e+01
9.902830767631530762e+01
1.006220626831054688e+02
1.022470848560333252e+02
1.038564825057983398e+02
1.054658796787261963e+02
1.070440413951873779e+02
1.086846723556518555e+02
1.103096954822540283e+02
1.119190917015075684e+02
1.135128636360168457e+02
1.151066360473632812e+02
1.167004060745239258e+02
1.183098027706146240e+02
1.199192149639129639e+02
1.215129723548889160e+02
1.231536197662353516e+02
1.247942664623260498e+02
1.264036636352539062e+02
1.280443105697631836e+02
1.296693325042724609e+02
1.313099963665008545e+02
1.329662528038024902e+02
1.345912737846374512e+02
1.361694374084472656e+02
1.377944431304931641e+02
1.393725898265838623e+02
1.409819862842559814e+02
1.426070079803466797e+02
1.442320315837860107e+02
1.458570539951324463e+02
1.474977011680603027e+02
1.491227383613586426e+02
1.507477445602416992e+02
1.523727674484252930e+02
1.540446641445159912e+02
1.556853113174438477e+02
1.573103351593017578e+02
1.589509823322296143e+02
1.606072530746459961e+02
1.622635259628295898e+02
1.639041728973388672e+02
1.655448210239410400e+02
1.671854674816131592e+02
1.688261158466339111e+02
1.704824039936065674e+02
1.721074097156524658e+02
1.737636964321136475e+02
1.754043290615081787e+02
1.770293519496917725e+02
1.786074965000152588e+02
1.801700196266174316e+02
1.818106667995452881e+02
1.834357037544250488e+02
1.850763366222381592e+02
1.867169826030731201e+02
1.883576304912567139e+02
1.900139043331146240e+02
1.916076745986938477e+02
1.932639462947845459e+02
1.948577356338500977e+02
1.964358644485473633e+02
1.980140113830566406e+02
1.996077835559844971e+02
2.012328052520751953e+02
2.028422026634216309e+02
2.044515986442565918e+02
2.060141334533691406e+02
2.074828896522521973e+02
2.089360337257385254e+02
2.103735539913177490e+02
2.117954483032226562e+02
2.132017297744750977e+02
2.146392488479614258e+02
2.160767552852630615e+02
2.174986505508422852e+02
2.189674212932586670e+02
2.203893153667449951e+02
2.218268475532531738e+02
2.232799918651580811e+02
2.246862478256225586e+02
2.261237676143646240e+02
2.275456626415252686e+02
2.289988062381744385e+02
2.303894627094268799e+02
2.317957341670989990e+02
2.332332389354705811e+02
2.346551470756530762e+02
2.360770273208618164e+02
2.375145466327667236e+02
2.389364411830902100e+02
2.403739619255065918e+02
2.418271059989929199e+02
2.432333886623382568e+02
2.446552696228027344e+02
2.460771641731262207e+02
2.474834322929382324e+02
2.489053416252136230e+02
2.503272209167480469e+02
2.517334909439086914e+02
2.531866343021392822e+02
2.546085290908813477e+02
2.560304238796234131e+02
2.574523177146911621e+02
2.588742258548736572e+02
2.602961204051971436e+02
2.617180008888244629e+02
2.631555330753326416e+02
2.645774271488189697e+02
2.660149481296539307e+02
2.674368414878845215e+02
2.688743488788604736e+02
2.702962551116943359e+02
2.717181377410888672e+02
2.731244056224822998e+02
2.745775642395019531e+02
2.759838335514068604e+02
2.773901014328002930e+02
2.788432333469390869e+02
2.802651405334472656e+02
2.816557857990264893e+02
2.830776793956756592e+02
2.845151982307434082e+02
2.859370944499969482e+02
2.873433492183685303e+02
2.887808680534362793e+02
2.902027626037597656e+02
2.916402950286865234e+02
2.930778024196624756e+02
2.944997093677520752e+02
2.959059658050537109e+02
2.973591232299804688e+02
2.987966294288635254e+02
3.002029125690460205e+02
3.016404190063476562e+02
3.031404387950897217e+02
3.045935840606689453e+02
3.060623669624328613e+02
3.074998877048492432e+02
3.089217669963836670e+02
3.103592863082885742e+02
3.117811813354492188e+02
