1.531269311904907227e+00
2.953153133392333984e+00
4.390684366226196289e+00
5.828202724456787109e+00
7.265724420547485352e+00
8.734493255615234375e+00
1.017199873924255371e+01
1.159389400482177734e+01
1.303142762184143066e+01
1.450018286705017090e+01
1.593770313262939453e+01
1.737523627281188965e+01
1.879711699485778809e+01
2.023464918136596680e+01
2.167217111587524414e+01
2.310967493057250977e+01
2.456281995773315430e+01
2.598471450805664062e+01
2.743787193298339844e+01
2.889100313186645508e+01
3.031289792060852051e+01
3.175043106079101562e+01
3.317232680320739746e+01
3.462546920776367188e+01
3.606297612190246582e+01
3.750050806999206543e+01
3.892240333557128906e+01
4.035990929603576660e+01
4.178180575370788574e+01
4.323495006561279297e+01
4.468810629844665527e+01
4.614123892784118652e+01
4.759438300132751465e+01
4.901627683639526367e+01
5.048504662513732910e+01
5.192256712913513184e+01
5.334447455406188965e+01
5.479761934280395508e+01
5.623512482643127441e+01
5.768828535079956055e+01
5.912580156326293945e+01
6.056332206726074219e+01
6.201646685600280762e+01
6.345398664474487305e+01
6.490713310241699219e+01
6.632902669906616211e+01
6.776653170585632324e+01
6.921969008445739746e+01
7.065720915794372559e+01
7.209472870826721191e+01
7.354786014556884766e+01
7.500100445747375488e+01
7.643853831291198730e+01
7.789167141914367676e+01
7.937607765197753906e+01
8.079801082611083984e+01
8.221986746788024902e+01
8.367301034927368164e+01
8.511053228378295898e+01
8.668867707252502441e+01
8.817305970191955566e+01
8.962621688842773438e+01
9.107934832572937012e+01
9.254813170433044434e+01
9.397001314163208008e+01
9.540754580497741699e+01
9.687631487846374512e+01
9.832944774627685547e+01
9.976697969436645508e+01
1.012357497215270996e+02
1.027045340538024902e+02
1.041732890605926514e+02
1.056108095645904541e+02
1.070795781612396240e+02
1.085170986652374268e+02
1.099858672618865967e+02
1.114546396732330322e+02
1.129390342235565186e+02
1.144077906608581543e+02
1.158296861648559570e+02
1.172828452587127686e+02
1.187516129016876221e+02
1.202047448158264160e+02
1.216422767639160156e+02
1.231110477447509766e+02
1.245485656261444092e+02
1.259860727787017822e+02
1.274392294883728027e+02
1.288767507076263428e+02
1.303298950195312500e+02
1.317830412387847900e+02
1.332518117427825928e+02
1.346893160343170166e+02
1.361424608230590820e+02
1.376268556118011475e+02
1.390800001621246338e+02
1.405331454277038574e+02
1.420019152164459229e+02
1.434863238334655762e+02
1.449550943374633789e+02
1.464238646030426025e+02
1.479082586765289307e+02
1.493614037036895752e+02
1.508457975387573242e+02
1.523145549297332764e+02
1.537833375930786133e+02
1.552208590507507324e+02
1.566896274089813232e+02
1.581583986282348633e+02
1.595959038734436035e+02
1.610646874904632568e+02
1.625490689277648926e+02
1.640334777832031250e+02
1.655803608894348145e+02
1.670491425991058350e+02
1.685179002285003662e+02
1.699866704940795898e+02
1.714554400444030762e+02
1.729242098331451416e+02
1.744086062908172607e+02
1.758617632389068604e+02
1.773149080276489258e+02
1.787836782932281494e+02
1.802524356842041016e+02
1.817055926322937012e+02
1.831431126594543457e+02
1.845806193351745605e+02
1.860494012832641602e+02
1.875181734561920166e+02
1.890663495063781738e+02
1.905351061820983887e+02
1.920038909912109375e+02
1.935038967132568359e+02
1.950039312839508057e+02
1.965039372444152832e+02
1.979883463382720947e+02
1.994414918422698975e+02
2.009258735179901123e+02
2.023946557044982910e+02
2.038790376186370850e+02
2.053634467124938965e+02
2.068322160243988037e+02
2.083009862899780273e+02
2.097853825092315674e+02
2.112697782516479492e+02
2.127385454177856445e+02
2.142073159217834473e+02
2.156917121410369873e+02
2.171604807376861572e+02
2.186448774337768555e+02
2.201292581558227539e+02
2.215980422496795654e+02
2.230824365615844727e+02
2.245668194293975830e+02
2.260356006622314453e+02
2.274887471199035645e+02
2.289731285572052002e+02
2.304731497764587402e+02
2.319419326782226562e+02
2.334263145923614502e+02
2.349419732093811035e+02
2.364107434749603271e+02
2.379107625484466553e+02
2.393951594829559326e+02
2.408639156818389893e+02
2.423483233451843262e+02
2.438327193260192871e+02
2.453327257633209229e+02
2.468171210289001465e+02
2.483171410560607910e+02
2.497859268188476562e+02
2.512390563488006592e+02
2.527078409194946289e+02
2.542078609466552734e+02
2.556922414302825928e+02
2.571922760009765625e+02
2.586766707897186279e+02
2.601454267501831055e+02
2.616141977310180664e+02
2.630985915660858154e+02
2.646298761367797852e+02
2.660986478328704834e+02
2.675986545085906982e+02
2.690986862182617188e+02
2.705987095832824707e+02
2.720987141132354736e+02
2.735674974918365479e+02
2.750518939495086670e+02
2.765206871032714844e+02
2.780206832885742188e+02
2.795207052230834961e+02
2.809894616603851318e+02
2.824894981384277344e+02
2.839895141124725342e+02
2.854582717418670654e+02
2.869426798820495605e+02
2.884426875114440918e+02
2.899114563465118408e+02
2.913958654403686523e+02
2.928802604675292969e+02
