1.546909332275390625e+00
3.046930551528930664e+00
4.500061511993408203e+00
5.984469890594482422e+00
7.468864917755126953e+00
8.953246116638183594e+00
1.042201662063598633e+01
1.190641283988952637e+01
1.337518143653869629e+01
1.487520170211791992e+01
1.637522268295288086e+01
1.784399151802062988e+01
1.934401273727416992e+01
2.084403347969055176e+01
2.235969233512878418e+01
2.384408640861511230e+01
2.534409403800964355e+01
2.681286430358886719e+01
2.829725933074951172e+01
2.975040435791015625e+01
3.123480010032653809e+01
3.271919465065002441e+01
3.420358920097351074e+01
3.568799901008605957e+01
3.718801975250244141e+01
3.868802499771118164e+01
4.015679717063903809e+01
4.165682888031005859e+01
4.317247581481933594e+01
4.465686941146850586e+01
4.615689349174499512e+01
4.765689730644226074e+01
4.912566661834716797e+01
5.062568712234497070e+01
5.211008262634277344e+01
5.359447860717773438e+01
5.509449815750122070e+01
5.661014437675476074e+01
5.812579035758972168e+01
5.962582397460937500e+01
6.112582993507385254e+01
6.261024022102355957e+01
6.411025953292846680e+01
6.568839287757873535e+01
6.714155149459838867e+01
6.862593269348144531e+01
7.009470152854919434e+01
7.159473705291748047e+01
7.311038112640380859e+01
7.461040258407592773e+01
7.612604784965515137e+01
7.761044263839721680e+01
7.911046361923217773e+01
8.059484481811523438e+01
8.207929039001464844e+01
8.357927370071411133e+01
8.509491920471191406e+01
8.657930254936218262e+01
8.811058521270751953e+01
8.961060571670532227e+01
9.112623810768127441e+01
9.262627291679382324e+01
9.414190435409545898e+01
9.564192509651184082e+01
9.715758228302001953e+01
9.865759158134460449e+01
1.001732494831085205e+02
1.016576321125030518e+02
1.031732771396636963e+02
1.046889228820800781e+02
1.061889433860778809e+02
1.077045879364013672e+02
1.092046082019805908e+02
1.106733911037445068e+02
1.121734149456024170e+02
1.136890583038330078e+02
1.152046899795532227e+02
1.167203359603881836e+02
1.182047326564788818e+02
1.197203896045684814e+02
1.212360236644744873e+02
1.227516670227050781e+02
1.242673130035400391e+02
1.257829594612121582e+02
1.272673666477203369e+02
1.287830133438110352e+02
1.302830321788787842e+02
1.317830536365509033e+02
1.332986872196197510e+02
1.347987074851989746e+02
1.365018677711486816e+02
1.380331261157989502e+02
1.395644085407257080e+02
1.410800421237945557e+02
1.426113123893737793e+02
1.441113462448120117e+02
1.456269903182983398e+02
1.471426365375518799e+02
1.486582689285278320e+02
1.501739158630371094e+02
1.516583113670349121e+02
1.531739692687988281e+02
1.546739900112152100e+02
1.561583847999572754e+02
1.576583912372589111e+02
1.591740372180938721e+02
1.606584322452545166e+02
1.621740915775299072e+02
1.636897237300872803e+02
1.651741323471069336e+02
1.666897644996643066e+02
1.682366743087768555e+02
1.697679309844970703e+02
1.712679648399353027e+02
1.727992219924926758e+02
1.742836182117462158e+02
1.758461387157440186e+02
1.773461594581604004e+02
1.788774294853210449e+02
1.803618373870849609e+02
1.818774850368499756e+02
1.834243814945220947e+02
1.849400265216827393e+02
1.864556589126586914e+02
1.880025544166564941e+02
1.895338249206542969e+02
1.910338449478149414e+02
1.925338666439056396e+02
1.940495259761810303e+02
1.955339059829711914e+02
1.970651772022247314e+02
1.985964484214782715e+02
2.001121060848236084e+02
2.016277387142181396e+02
2.031746478080749512e+02
2.046902930736541748e+02
2.062059395313262939e+02
2.077215855121612549e+02
2.092372305393218994e+02
2.107528629302978516e+02
2.122528967857360840e+02
2.137529041767120361e+02
2.153779258728027344e+02
2.168779585361480713e+02
2.184092304706573486e+02
2.199248757362365723e+02
2.214561331272125244e+02
2.229717915058135986e+02
2.244874377250671387e+02
2.260030696392059326e+02
2.275499663352966309e+02
2.290812377929687500e+02
2.305968823432922363e+02
2.320969159603118896e+02
2.335969364643096924e+02
2.351281945705413818e+02
2.366750903129577637e+02
2.382219862937927246e+02
2.397376313209533691e+02
2.413314032554626465e+02
2.428626739978790283e+02
2.443470695018768311e+02
2.458627166748046875e+02
2.473939857482910156e+02
2.489408817291259766e+02
2.504409024715423584e+02
2.519721734523773193e+02
2.534878182411193848e+02
2.550190901756286621e+02
2.565503597259521484e+02
2.580660204887390137e+02
2.595972762107849121e+02
2.611441717147827148e+02
2.626754434108734131e+02
2.641910881996154785e+02
2.656911098957061768e+02
2.672223944664001465e+02
2.687224009037017822e+02
2.702536725997924805e+02
2.717849552631378174e+02
2.733006012439727783e+02
2.748631083965301514e+02
2.764100053310394287e+02
2.779100396633148193e+02
2.794100470542907715e+02
2.809256913661956787e+02
2.824882252216339111e+02
2.840038576126098633e+02
2.855507681369781494e+02
2.870820393562316895e+02
2.885820457935333252e+02
2.900976903438568115e+02
2.915977120399475098e+02
2.931133563518524170e+02
2.946446275711059570e+02
2.961759130954742432e+02
2.976759188175201416e+02
2.992071893215179443e+02
3.007072105407714844e+02
3.022541193962097168e+02
