1.543513964861631393e-02
1.773398928344249725e-02
1.871921122074127197e-02
1.510673295706510544e-02
1.412151008844375610e-02
1.707717590034008026e-02
1.871921122074127197e-02
1.773399114608764648e-02
1.674876734614372253e-02
1.477832440286874771e-02
2.101806178689002991e-02
1.839080639183521271e-02
2.068965695798397064e-02
1.444991864264011383e-02
1.642036065459251404e-02
1.642036065459251404e-02
2.233169041574001312e-02
1.740558259189128876e-02
2.134646847844123840e-02
2.101806178689002991e-02
1.379310339689254761e-02
2.101806364953517914e-02
2.167487516999244690e-02
1.543513871729373932e-02
1.970443502068519592e-02
2.101806178689002991e-02
2.101806178689002991e-02
2.266009896993637085e-02
2.660098299384117126e-02
2.364531904458999634e-02
2.692939341068267822e-02
3.251231461763381958e-02
3.251231461763381958e-02
3.908045962452888489e-02
4.564860463142395020e-02
5.320197343826293945e-02
4.761904850602149963e-02
5.911329761147499084e-02
6.535303592681884766e-02
8.013135194778442383e-02
9.556649625301361084e-02
1.119868606328964233e-01
1.080459728837013245e-01
1.270935982465744019e-01
1.474548429250717163e-01
1.530377566814422607e-01
1.852216720581054688e-01
1.957307010889053345e-01
2.141215056180953979e-01
2.272578030824661255e-01
2.344827502965927124e-01
2.683086991310119629e-01
2.883415520191192627e-01
2.857142686843872070e-01
3.077175617218017578e-01
3.284072279930114746e-01
3.556649982929229736e-01
3.490968644618988037e-01
3.494252860546112061e-01
3.829227983951568604e-01
3.674876391887664795e-01
4.065681099891662598e-01
4.016420245170593262e-01
4.164203107357025146e-01
4.334974884986877441e-01
4.147783219814300537e-01
4.311986863613128662e-01
4.650245904922485352e-01
4.436781406402587891e-01
4.663381874561309814e-01
4.738915860652923584e-01
4.548439979553222656e-01
4.794745147228240967e-01
4.807881712913513184e-01
4.781609177589416504e-01
5.100163817405700684e-01
5.001642107963562012e-01
4.929392337799072266e-01
5.096880197525024414e-01
5.162561535835266113e-01
5.126436352729797363e-01
5.155993103981018066e-01
5.336617231369018555e-01
5.297208428382873535e-01
5.422002673149108887e-01
5.444990992546081543e-01
5.399014353752136230e-01
5.477831363677978516e-01
5.665023922920227051e-01
5.500820279121398926e-01
5.642035603523254395e-01
5.484399795532226562e-01
5.701149702072143555e-01
5.711001157760620117e-01
5.730705261230468750e-01
5.786534547805786133e-01
5.648604035377502441e-01
5.720853209495544434e-01
5.858784317970275879e-01
5.924465656280517578e-01
5.862069129943847656e-01
5.911328792572021484e-01
6.042692065238952637e-01
5.999999046325683594e-01
6.088669896125793457e-01
5.980294942855834961e-01
6.174055337905883789e-01
5.927750468254089355e-01
6.052544116973876953e-01
6.016419529914855957e-01
6.183907389640808105e-01
6.039408445358276367e-01
6.121510267257690430e-01
6.144497990608215332e-01
6.216747760772705078e-01
6.308702230453491211e-01
6.256156563758850098e-01
6.141214370727539062e-01
6.229884028434753418e-01
6.229884624481201172e-01
6.298849582672119141e-01
6.302133798599243164e-01
6.279144883155822754e-01
6.364531517028808594e-01
6.331690549850463867e-01
6.351395249366760254e-01
6.344826817512512207e-01
6.440064311027526855e-01
6.390804052352905273e-01
6.440064907073974609e-01
6.486041545867919922e-01
6.499178409576416016e-01
6.377667188644409180e-01
6.489325761795043945e-01
6.466337442398071289e-01
6.555007696151733398e-01
6.509030461311340332e-01
6.545155048370361328e-01
6.574711799621582031e-01
6.614120006561279297e-01
6.650246381759643555e-01
6.666665673255920410e-01
6.666665673255920410e-01
6.505745649337768555e-01
6.847290396690368652e-01
6.627257466316223145e-01
6.660097837448120117e-01
6.706074476242065430e-01
6.637108922004699707e-01
6.745483875274658203e-01
6.646961569786071777e-01
6.683086156845092773e-01
6.765187978744506836e-01
6.778324246406555176e-01
6.758620142936706543e-01
6.696223020553588867e-01
6.656813621520996094e-01
6.765187978744506836e-01
6.725779771804809570e-01
6.899834871292114258e-01
6.758620142936706543e-01
6.768471598625183105e-01
6.847290396690368652e-01
6.899834871292114258e-01
6.765187978744506836e-01
6.801313161849975586e-01
6.771755814552307129e-01
7.011492848396301270e-01
6.949095726013183594e-01
6.840721368789672852e-01
6.883414983749389648e-01
6.765187978744506836e-01
6.899834871292114258e-01
6.834154129028320312e-01
6.975368857383728027e-01
6.889982223510742188e-01
6.811165213584899902e-01
6.886698603630065918e-01
6.880130767822265625e-01
6.998356580734252930e-01
7.011493444442749023e-01
6.926107406616210938e-01
6.830869317054748535e-01
6.958948373794555664e-01
6.847289800643920898e-01
7.001641988754272461e-01
6.929391622543334961e-01
7.044333815574645996e-01
7.067322731018066406e-01
7.064038515090942383e-01
7.041050195693969727e-01
7.018061280250549316e-01
6.962232589721679688e-01
6.952379941940307617e-01
7.004925012588500977e-01
7.034481763839721680e-01
7.001640796661376953e-01
7.139571905136108398e-01
7.126436233520507812e-01
7.093595266342163086e-01
