1.871921122074127197e-02
1.313628908246755600e-02
1.773398928344249725e-02
1.937602646648883820e-02
2.200328558683395386e-02
1.083743758499622345e-02
1.806239783763885498e-02
1.477832533419132233e-02
1.543514057993888855e-02
1.707717590034008026e-02
2.167487703263759613e-02
1.674876920878887177e-02
2.397372573614120483e-02
1.871921122074127197e-02
2.200328372418880463e-02
2.101806364953517914e-02
2.331691235303878784e-02
2.528735622763633728e-02
2.594416961073875427e-02
2.627257816493511200e-02
3.119868785142898560e-02
2.922824025154113770e-02
3.349753469228744507e-02
3.940886631608009338e-02
3.678160905838012695e-02
4.499179124832153320e-02
4.761904478073120117e-02
5.385878682136535645e-02
5.845648422837257385e-02
5.779967084527015686e-02
6.666666269302368164e-02
7.323481142520904541e-02
7.224959135055541992e-02
7.783251255750656128e-02
9.228242933750152588e-02
1.014778390526771545e-01
1.027914658188819885e-01
1.195402294397354126e-01
1.313629001379013062e-01
1.280788183212280273e-01
1.484400629997253418e-01
1.740558147430419922e-01
1.694581359624862671e-01
1.796387434005737305e-01
2.059113383293151855e-01
2.029556632041931152e-01
2.328407168388366699e-01
2.440065592527389526e-01
2.620689868927001953e-01
2.541871964931488037e-01
2.880131602287292480e-01
3.011493980884552002e-01
3.149425387382507324e-01
3.054186999797821045e-01
3.284072279930114746e-01
3.438423275947570801e-01
3.392446637153625488e-01
3.533661365509033203e-01
3.546797931194305420e-01
3.704433441162109375e-01
3.786534965038299561e-01
3.753694593906402588e-01
4.036124944686889648e-01
4.003283381462097168e-01
4.019704163074493408e-01
4.131362438201904297e-01
4.128078520298004150e-01
4.210180640220642090e-01
4.302134513854980469e-01
4.295566380023956299e-01
4.344827234745025635e-01
4.551723599433898926e-01
4.472906291484832764e-01
4.476190209388732910e-01
4.745484292507171631e-01
4.591132402420043945e-01
4.712643027305603027e-01
4.778324663639068604e-01
4.949096441268920898e-01
4.847289919853210449e-01
4.830870032310485840e-01
4.981936812400817871e-01
5.070607066154479980e-01
5.067322850227355957e-01
5.044335126876831055e-01
4.988505244255065918e-01
5.044334530830383301e-01
5.349752902984619141e-01
5.136289000511169434e-01
5.205253958702087402e-01
5.339901447296142578e-01
5.261083841323852539e-01
5.385878086090087891e-01
5.359605550765991211e-01
5.336617231369018555e-01
5.270935893058776855e-01
5.372741818428039551e-01
5.431855320930480957e-01
5.490968823432922363e-01
5.428570508956909180e-01
5.553365349769592285e-01
5.661739706993103027e-01
5.651888251304626465e-01
5.586206912994384766e-01
5.573070049285888672e-01
5.730705857276916504e-01
5.855500102043151855e-01
5.661740303039550781e-01
5.786534547805786133e-01
5.697864890098571777e-01
5.756978392601013184e-01
5.901477336883544922e-01
5.720853805541992188e-01
5.776682496070861816e-01
5.829228162765502930e-01
5.871920585632324219e-01
5.954022407531738281e-01
5.967158675193786621e-01
6.082100868225097656e-01
6.059112548828125000e-01
5.983579158782958984e-01
6.029556393623352051e-01
6.022987961769104004e-01
6.085385084152221680e-01
6.088669300079345703e-01
5.980294942855834961e-01
6.101805567741394043e-01
6.085385084152221680e-01
6.095237731933593750e-01
6.124793887138366699e-01
6.082100868225097656e-01
6.144498586654663086e-01
6.259441375732421875e-01
6.246305108070373535e-01
6.216747760772705078e-01
6.144498586654663086e-01
6.223316192626953125e-01
6.315270066261291504e-01
6.344826817512512207e-01
6.371099352836608887e-01
6.206895112991333008e-01
6.338258385658264160e-01
6.177338957786560059e-01
6.325122117996215820e-01
6.433496475219726562e-01
6.223316788673400879e-01
6.229884028434753418e-01
6.272577643394470215e-01
6.397371888160705566e-01
6.239736676216125488e-01
6.407224535942077637e-01
6.403939723968505859e-01
6.397372484207153320e-01
6.403940320014953613e-01
6.357963085174560547e-01
6.407223939895629883e-01
6.499178409576416016e-01
6.558290719985961914e-01
6.509029865264892578e-01
6.518882513046264648e-01
6.453200578689575195e-01
6.479473710060119629e-01
6.430212259292602539e-01
6.476190090179443359e-01
6.607552170753479004e-01
6.555007696151733398e-01
6.555007696151733398e-01
6.775040626525878906e-01
6.489325761795043945e-01
6.604268550872802734e-01
6.686369776725769043e-01
6.548439860343933105e-01
6.617404222488403320e-01
6.571428179740905762e-01
6.640393137931823730e-01
6.617404818534851074e-01
6.571428179740905762e-01
6.571427583694458008e-01
6.630540490150451660e-01
6.732347011566162109e-01
6.696222424507141113e-01
6.729063987731933594e-01
6.715927124023437500e-01
6.676517724990844727e-01
6.821017265319824219e-01
6.719210743904113770e-01
6.627257466316223145e-01
6.600984334945678711e-01
6.748768091201782227e-01
6.653530597686767578e-01
6.577996015548706055e-01
6.784892082214355469e-01
6.761903762817382812e-01
6.794744729995727539e-01
6.722494363784790039e-01
6.840721368789672852e-01
6.791460514068603516e-01
6.824302077293395996e-01
6.827584505081176758e-01
6.719211339950561523e-01
