1.512224292755126953e+01
2.569025039672851562e+01
3.214683699607849121e+01
3.838476896286010742e+01
4.552684307098388672e+01
5.166270112991333008e+01
5.864266085624694824e+01
6.656929135322570801e+01
7.396104216575622559e+01
8.093949985504150391e+01
8.817213892936706543e+01
9.993549489974975586e+01
1.103664059638977051e+02
1.247070930004119873e+02
1.331771099567413330e+02
1.405643708705902100e+02
1.482888453006744385e+02
1.548825297355651855e+02
1.621132688522338867e+02
1.693098814487457275e+02
1.764029200077056885e+02
1.834604332447052002e+02
1.905894982814788818e+02
1.993006949424743652e+02
2.105747041702270508e+02
2.225922417640686035e+02
2.335475971698760986e+02
2.416443498134613037e+02
2.483986475467681885e+02
2.541317210197448730e+02
2.604196879863739014e+02
2.678454632759094238e+02
2.757645890712738037e+02
2.809452698230743408e+02
2.861054363250732422e+02
2.920976922512054443e+02
2.983631439208984375e+02
3.033121588230133057e+02
3.078018519878387451e+02
3.128094055652618408e+02
3.184379041194915771e+02
3.232628333568572998e+02
3.281508047580718994e+02
3.324873850345611572e+02
3.371787180900573730e+02
3.417579708099365234e+02
3.465833988189697266e+02
3.509950325489044189e+02
3.560911533832550049e+02
3.604887776374816895e+02
3.650910470485687256e+02
3.696582913398742676e+02
3.743736414909362793e+02
3.788783414363861084e+02
3.833119912147521973e+02
3.878827383518218994e+02
3.922893695831298828e+02
3.965003609657287598e+02
4.008664729595184326e+02
4.054512326717376709e+02
4.105713703632354736e+02
4.149034483432769775e+02
4.193706214427947998e+02
4.241590223312377930e+02
4.287567894458770752e+02
4.342016577720642090e+02
4.388044276237487793e+02
4.437894685268402100e+02
4.488300502300262451e+02
4.534493308067321777e+02
4.578744802474975586e+02
4.626003372669219971e+02
4.677269802093505859e+02
4.726814992427825928e+02
4.778811945915222168e+02
4.825665223598480225e+02
4.871102495193481445e+02
4.915959367752075195e+02
4.961341600418090820e+02
5.006133422851562500e+02
5.054357678890228271e+02
5.104072995185852051e+02
5.155664656162261963e+02
5.206680891513824463e+02
5.260994484424591064e+02
5.315908491611480713e+02
5.370547306537628174e+02
5.424460608959197998e+02
5.483202338218688965e+02
5.539197113513946533e+02
5.596337718963623047e+02
5.662749886512756348e+02
5.719985549449920654e+02
5.777531428337097168e+02
5.837869298458099365e+02
5.903616006374359131e+02
5.971639330387115479e+02
6.044931392669677734e+02
6.118903939723968506e+02
6.187182452678680420e+02
6.255110707283020020e+02
6.315683739185333252e+02
6.381415443420410156e+02
6.448558130264282227e+02
6.514034645557403564e+02
6.582418239116668701e+02
6.651202099323272705e+02
6.721997387409210205e+02
6.796145062446594238e+02
6.865259156227111816e+02
6.933752818107604980e+02
7.014630718231201172e+02
7.127481391429901123e+02
7.215503921508789062e+02
7.299768784046173096e+02
7.380511155128479004e+02
7.463705401420593262e+02
7.549716510772705078e+02
7.625155088901519775e+02
7.723524975776672363e+02
7.805067989826202393e+02
7.882197778224945068e+02
7.970250325202941895e+02
8.040164997577667236e+02
8.120226876735687256e+02
8.195025014877319336e+02
8.269582984447479248e+02
8.341228880882263184e+02
8.406435198783874512e+02
8.478916690349578857e+02
8.544448244571685791e+02
8.612461566925048828e+02
8.701659929752349854e+02
8.773586394786834717e+02
8.841579694747924805e+02
8.911004011631011963e+02
8.978156726360321045e+02
9.066559526920318604e+02
9.155312581062316895e+02
9.231967034339904785e+02
9.298199086189270020e+02
9.372111597061157227e+02
9.440900454521179199e+02
9.527902266979217529e+02
9.614606020450592041e+02
9.718133695125579834e+02
9.792651634216308594e+02
9.895159456729888916e+02
9.964558753967285156e+02
1.006435470342636108e+03
1.015415344476699829e+03
1.025420951843261719e+03
1.034911193847656250e+03
1.046995779991149902e+03
1.056820258617401123e+03
1.062043469667434692e+03
1.070391695499420166e+03
1.078094165325164795e+03
1.085755333662033081e+03
1.095892034053802490e+03
1.111356520175933838e+03
1.132027205228805542e+03
1.143681067466735840e+03
1.155592028856277466e+03
1.161924034595489502e+03
1.166926088094711304e+03
1.171999692678451538e+03
1.180019389629364014e+03
1.188100671768188477e+03
1.193830242395401001e+03
1.202118630170822144e+03
1.212431957483291626e+03
1.219609555959701538e+03
1.225788945674896240e+03
1.232993563413619995e+03
1.239748362064361572e+03
1.244723396539688110e+03
1.249331169843673706e+03
1.254017999172210693e+03
1.258971019268035889e+03
1.266074065685272217e+03
1.274012215137481689e+03
1.279335996389389038e+03
1.285028041124343872e+03
1.292272688388824463e+03
1.302183227300643921e+03
1.312944372892379761e+03
1.324411518573760986e+03
1.333977315187454224e+03
1.340949767827987671e+03
1.348548676967620850e+03
1.357403968095779419e+03
1.363635394573211670e+03
1.367934449195861816e+03
1.372431643962860107e+03
1.376760718822479248e+03
1.381046263933181763e+03
1.385237241029739380e+03
1.389329147815704346e+03
1.393575164079666138e+03
