1.465201471000909805e-02
2.197802253067493439e-02
1.465201471000909805e-02
9.768010117113590240e-03
1.098901126533746719e-02
2.564102597534656525e-02
2.075702138245105743e-02
1.953602023422718048e-02
2.564102597534656525e-02
1.831501908600330353e-02
2.808302827179431915e-02
2.686202898621559143e-02
2.686202712357044220e-02
1.587301678955554962e-02
3.907204046845436096e-02
3.907204046845436096e-02
4.639804735779762268e-02
4.517704620957374573e-02
5.982906371355056763e-02
5.372405424714088440e-02
6.349206715822219849e-02
6.837607175111770630e-02
6.471306830644607544e-02
7.081807404756546021e-02
7.570207864046096802e-02
8.547008782625198364e-02
1.025641039013862610e-01
1.159951239824295044e-01
1.086691170930862427e-01
1.221001297235488892e-01
1.221001222729682922e-01
1.245421320199966431e-01
1.269841343164443970e-01
1.355311423540115356e-01
1.782661974430084229e-01
1.636141687631607056e-01
1.648351699113845825e-01
1.990232020616531372e-01
2.075702100992202759e-01
1.965812146663665771e-01
2.210012376308441162e-01
2.429792582988739014e-01
2.319902479648590088e-01
2.454212605953216553e-01
2.649572789669036865e-01
2.442002594470977783e-01
2.625152766704559326e-01
2.771672904491424561e-01
2.905983030796051025e-01
3.089133203029632568e-01
3.162393271923065186e-01
3.296703398227691650e-01
3.272283375263214111e-01
3.296703398227691650e-01
3.467643558979034424e-01
3.394383490085601807e-01
3.479853570461273193e-01
3.736263811588287354e-01
3.675213754177093506e-01
3.760683834552764893e-01
3.980464041233062744e-01
4.017094075679779053e-01
4.358974695205688477e-01
4.261294603347778320e-01
4.090354144573211670e-01
4.126984179019927979e-01
4.420024454593658447e-01
4.481074512004852295e-01
4.542124569416046143e-01
4.798535108566284180e-01
5.054945349693298340e-01
4.884005188941955566e-01
4.932845234870910645e-01
4.737485051155090332e-01
5.030525326728820801e-01
5.006105303764343262e-01
5.067155361175537109e-01
5.213675498962402344e-01
5.445665717124938965e-01
5.250305533409118652e-01
5.470085740089416504e-01
5.164835453033447266e-01
5.384615659713745117e-01
5.592185854911804199e-01
5.592185854911804199e-01
5.506715774536132812e-01
5.555555820465087891e-01
5.543345808982849121e-01
5.677655935287475586e-01
5.824176073074340820e-01
5.799756050109863281e-01
5.982906222343444824e-01
5.921856164932250977e-01
5.763126015663146973e-01
5.885226130485534668e-01
5.970696210861206055e-01
5.970696210861206055e-01
6.129426360130310059e-01
6.361416578292846680e-01
6.117216348648071289e-01
6.178266406059265137e-01
6.117216348648071289e-01
6.324786543846130371e-01
6.520146727561950684e-01
6.593406796455383301e-01
6.349206566810607910e-01
6.459096670150756836e-01
6.422466635704040527e-01
6.410256624221801758e-01
6.459096670150756836e-01
6.556776762008666992e-01
6.446886658668518066e-01
6.764346957206726074e-01
6.764346957206726074e-01
6.630036830902099609e-01
6.691086888313293457e-01
6.764346957206726074e-01
6.813187003135681152e-01
6.678876876831054688e-01
6.752136945724487305e-01
6.727716922760009766e-01
6.984127163887023926e-01
6.898657083511352539e-01
7.032967209815979004e-01
6.874237060546875000e-01
6.959707140922546387e-01
6.947497129440307617e-01
7.155067324638366699e-01
7.118437290191650391e-01
6.959707140922546387e-01
7.008547186851501465e-01
7.094017267227172852e-01
6.874237060546875000e-01
7.216117382049560547e-01
7.008547186851501465e-01
7.216117382049560547e-01
7.448107600212097168e-01
7.216117382049560547e-01
7.582417726516723633e-01
7.264957427978515625e-01
7.155067324638366699e-01
7.484737634658813477e-01
7.301587462425231934e-01
7.545787692070007324e-01
7.350427508354187012e-01
7.277167439460754395e-01
7.594627737998962402e-01
7.374847531318664551e-01
7.496947646141052246e-01
7.716727852821350098e-01
7.472527623176574707e-01
7.472527623176574707e-01
7.741147875785827637e-01
7.570207715034484863e-01
7.496947646141052246e-01
7.619047760963439941e-01
7.631257772445678711e-01
7.838827967643737793e-01
7.899878025054931641e-01
7.814407944679260254e-01
7.887668013572692871e-01
7.619047760963439941e-01
7.948718070983886719e-01
7.838827967643737793e-01
7.887668013572692871e-01
7.960928082466125488e-01
8.046398162841796875e-01
7.741147875785827637e-01
7.912088036537170410e-01
7.924298048019409180e-01
7.765567898750305176e-01
8.034188151359558105e-01
8.107448220252990723e-01
7.924298048019409180e-01
8.021978139877319336e-01
8.168498277664184570e-01
8.192918300628662109e-01
8.217338323593139648e-01
8.034188151359558105e-01
7.997558116912841797e-01
8.144078254699707031e-01
8.083028197288513184e-01
8.217338323593139648e-01
8.302808403968811035e-01
8.119658231735229492e-01
8.315018415451049805e-01
8.046398162841796875e-01
8.107448220252990723e-01
8.217338323593139648e-01
8.095238208770751953e-01
8.327228426933288574e-01
8.302808403968811035e-01
8.229548335075378418e-01
8.339438438415527344e-01
8.449328541755676270e-01
8.180708289146423340e-01
8.449328541755676270e-01
8.412698507308959961e-01
8.229548335075378418e-01
8.363858461380004883e-01
