1.709401793777942657e-02
2.075702138245105743e-02
1.221001241356134415e-02
8.547008968889713287e-03
1.343101449310779572e-02
2.808303013443946838e-02
2.197802253067493439e-02
1.465201564133167267e-02
2.686202898621559143e-02
1.587301678955554962e-02
1.953602023422718048e-02
1.831501908600330353e-02
3.174603357911109924e-02
4.029304161667823792e-02
3.785103932023048401e-02
4.151404276490211487e-02
4.029304161667823792e-02
5.006105080246925354e-02
5.738706141710281372e-02
5.372405424714088440e-02
6.227106600999832153e-02
6.471306830644607544e-02
7.570207864046096802e-02
6.715507060289382935e-02
9.401709586381912231e-02
9.890110045671463013e-02
1.111111193895339966e-01
1.221001297235488892e-01
1.025641113519668579e-01
1.233211308717727661e-01
1.538461595773696899e-01
1.611721664667129517e-01
1.477411538362503052e-01
1.611721664667129517e-01
1.782661825418472290e-01
1.782661974430084229e-01
2.161172330379486084e-01
1.941391974687576294e-01
2.222222238779067993e-01
2.551892697811126709e-01
2.442002594470977783e-01
2.576312720775604248e-01
2.673992812633514404e-01
2.564102709293365479e-01
2.796092927455902100e-01
2.954823076725006104e-01
3.052503168582916260e-01
3.186813294887542725e-01
3.211233317852020264e-01
3.553113639354705811e-01
3.565323650836944580e-01
3.333333432674407959e-01
3.699633777141571045e-01
3.638584017753601074e-01
3.858363926410675049e-01
4.017094373703002930e-01
4.090354144573211670e-01
3.870573937892913818e-01
4.261294305324554443e-01
4.151404500007629395e-01
4.334554672241210938e-01
4.529914855957031250e-01
4.395604431629180908e-01
4.737485051155090332e-01
4.517704844474792480e-01
4.761905074119567871e-01
4.835165143013000488e-01
4.896215200424194336e-01
4.688645005226135254e-01
5.115995407104492188e-01
4.847375154495239258e-01
5.164835453033447266e-01
5.030525326728820801e-01
5.140415430068969727e-01
5.494505763053894043e-01
5.592185854911804199e-01
5.445665717124938965e-01
5.470085740089416504e-01
5.494505763053894043e-01
5.677655935287475586e-01
5.677655935287475586e-01
5.714285969734191895e-01
5.641025900840759277e-01
6.092796325683593750e-01
5.677655935287475586e-01
5.848596096038818359e-01
5.995116233825683594e-01
5.897436141967773438e-01
5.934066176414489746e-01
6.129426360130310059e-01
6.373626589775085449e-01
6.214896440505981445e-01
6.324786543846130371e-01
6.043956279754638672e-01
6.263736486434936523e-01
6.385836601257324219e-01
6.227106451988220215e-01
6.373626589775085449e-01
6.349206566810607910e-01
6.507936716079711914e-01
6.361416578292846680e-01
6.654456853866577148e-01
6.666666865348815918e-01
6.727716922760009766e-01
6.385836601257324219e-01
6.898657083511352539e-01
6.715506911277770996e-01
6.715506911277770996e-01
6.703296899795532227e-01
6.691086888313293457e-01
6.788766980171203613e-01
6.996337175369262695e-01
6.727716922760009766e-01
6.593406796455383301e-01
6.776556968688964844e-01
6.764346957206726074e-01
7.032967209815979004e-01
6.886447072029113770e-01
6.959707140922546387e-01
6.874237060546875000e-01
7.069597244262695312e-01
7.264957427978515625e-01
7.045177221298217773e-01
7.057387232780456543e-01
7.130647301673889160e-01
7.155067324638366699e-01
7.399267554283142090e-01
7.130647301673889160e-01
7.301587462425231934e-01
7.252747416496276855e-01
7.313797473907470703e-01
7.411477565765380859e-01
7.484737634658813477e-01
7.472527623176574707e-01
7.448107600212097168e-01
7.387057542800903320e-01
7.460317611694335938e-01
7.435897588729858398e-01
7.264957427978515625e-01
7.557997703552246094e-01
7.521367669105529785e-01
7.423687577247619629e-01
7.423687577247619629e-01
7.643467783927917480e-01
7.667887806892395020e-01
7.680097818374633789e-01
7.680097818374633789e-01
7.716727852821350098e-01
7.667887806892395020e-01
7.704517841339111328e-01
7.655677795410156250e-01
7.667887806892395020e-01
7.728937864303588867e-01
7.680097818374633789e-01
7.802197933197021484e-01
7.899878025054931641e-01
7.960928082466125488e-01
7.960928082466125488e-01
7.753357887268066406e-01
7.716727852821350098e-01
7.985348105430603027e-01
7.985348105430603027e-01
7.802197933197021484e-01
8.058608174324035645e-01
7.985348105430603027e-01
8.034188151359558105e-01
7.960928082466125488e-01
8.192918300628662109e-01
8.180708289146423340e-01
8.009768128395080566e-01
8.083028197288513184e-01
7.973138093948364258e-01
8.290598392486572266e-01
8.095238208770751953e-01
8.144078254699707031e-01
8.253968358039855957e-01
8.412698507308959961e-01
8.388278484344482422e-01
8.119658231735229492e-01
8.241758346557617188e-01
8.229548335075378418e-01
8.241758346557617188e-01
8.510378599166870117e-01
8.424908518791198730e-01
8.302808403968811035e-01
8.485958576202392578e-01
8.315018415451049805e-01
8.498168587684631348e-01
8.400488495826721191e-01
8.376068472862243652e-01
8.400488495826721191e-01
8.351648449897766113e-01
8.424908518791198730e-01
8.400488495826721191e-01
8.363858461380004883e-01
8.571428656578063965e-01
8.473748564720153809e-01
8.437118530273437500e-01
8.510378599166870117e-01
8.449328541755676270e-01
