8.547008968889713287e-03
2.075702138245105743e-02
1.953602023422718048e-02
1.587301678955554962e-02
1.587301678955554962e-02
1.465201471000909805e-02
1.831501908600330353e-02
1.465201564133167267e-02
2.075702138245105743e-02
2.197802253067493439e-02
2.075702138245105743e-02
2.319902367889881134e-02
2.319902367889881134e-02
3.052503056824207306e-02
2.930403128266334534e-02
3.174603357911109924e-02
3.785103932023048401e-02
5.372405797243118286e-02
5.006105452775955200e-02
6.593406945466995239e-02
5.860805884003639221e-02
8.424908667802810669e-02
7.081807404756546021e-02
1.025641039013862610e-01
1.135531142354011536e-01
1.416361480951309204e-01
1.318681389093399048e-01
1.758241802453994751e-01
1.782661974430084229e-01
2.246642261743545532e-01
2.393162548542022705e-01
2.551892697811126709e-01
3.052503168582916260e-01
2.881563007831573486e-01
2.820512950420379639e-01
3.186813294887542725e-01
3.284493386745452881e-01
3.516483604907989502e-01
3.626373708248138428e-01
3.870573937892913818e-01
3.956044018268585205e-01
4.175824522972106934e-01
4.126984179019927979e-01
4.175824224948883057e-01
4.285714328289031982e-01
4.603174924850463867e-01
4.761904776096343994e-01
4.688645005226135254e-01
4.920635223388671875e-01
4.847375154495239258e-01
4.981685280799865723e-01
5.189255475997924805e-01
5.323565602302551270e-01
5.238095521926879883e-01
5.555555820465087891e-01
5.470085740089416504e-01
5.238095521926879883e-01
5.824176073074340820e-01
5.518925786018371582e-01
5.738705992698669434e-01
5.714285969734191895e-01
5.677655935287475586e-01
6.105006337165832520e-01
5.885226130485534668e-01
5.921856164932250977e-01
6.141636371612548828e-01
6.043956279754638672e-01
5.946276187896728516e-01
6.117216348648071289e-01
6.349206566810607910e-01
6.214896440505981445e-01
6.373626589775085449e-01
6.324786543846130371e-01
6.520146727561950684e-01
6.471306681632995605e-01
6.666666865348815918e-01
6.520146727561950684e-01
6.459096670150756836e-01
6.837607026100158691e-01
6.703296899795532227e-01
6.739926934242248535e-01
6.630036830902099609e-01
6.764346957206726074e-01
6.788766980171203613e-01
6.666666865348815918e-01
7.008547186851501465e-01
7.032967209815979004e-01
6.959707140922546387e-01
6.959707140922546387e-01
7.032967209815979004e-01
7.020757198333740234e-01
7.069597244262695312e-01
7.020757198333740234e-01
7.045177221298217773e-01
7.118437290191650391e-01
7.228327393531799316e-01
7.252747416496276855e-01
7.399267554283142090e-01
7.277167439460754395e-01
7.167277336120605469e-01
7.179487347602844238e-01
7.411477565765380859e-01
7.570207715034484863e-01
7.533577680587768555e-01
7.362637519836425781e-01
7.460317611694335938e-01
7.350427508354187012e-01
7.374847531318664551e-01
7.789987921714782715e-01
7.557997703552246094e-01
7.606837749481201172e-01
7.936508059501647949e-01
7.631257772445678711e-01
7.692307829856872559e-01
7.814407944679260254e-01
7.924298048019409180e-01
7.814407944679260254e-01
7.924298048019409180e-01
7.973138093948364258e-01
7.887668013572692871e-01
7.753357887268066406e-01
7.948718070983886719e-01
7.912088036537170410e-01
8.046398162841796875e-01
7.863247990608215332e-01
7.851037979125976562e-01
8.058608174324035645e-01
8.168498277664184570e-01
7.777777910232543945e-01
7.899878025054931641e-01
8.168498277664184570e-01
8.315018415451049805e-01
8.046398162841796875e-01
8.083028197288513184e-01
8.070818185806274414e-01
8.315018415451049805e-01
8.253968358039855957e-01
8.302808403968811035e-01
8.144078254699707031e-01
8.119658231735229492e-01
8.156288266181945801e-01
8.400488495826721191e-01
8.376068472862243652e-01
8.192918300628662109e-01
8.351648449897766113e-01
8.461538553237915039e-01
8.388278484344482422e-01
8.229548335075378418e-01
8.522588610649108887e-01
8.461538553237915039e-01
8.522588610649108887e-01
8.437118530273437500e-01
8.522588610649108887e-01
8.571428656578063965e-01
8.717948794364929199e-01
8.461538553237915039e-01
8.473748564720153809e-01
8.656898736953735352e-01
8.534798622131347656e-01
8.583638668060302734e-01
8.571428656578063965e-01
8.534798622131347656e-01
8.498168587684631348e-01
8.656898736953735352e-01
8.669108748435974121e-01
8.669108748435974121e-01
8.583638668060302734e-01
8.717948794364929199e-01
8.608058691024780273e-01
8.461538553237915039e-01
8.656898736953735352e-01
8.766788840293884277e-01
8.693528771400451660e-01
8.730158805847167969e-01
8.620268702507019043e-01
8.620268702507019043e-01
8.754578828811645508e-01
8.693528771400451660e-01
8.754578828811645508e-01
8.571428656578063965e-01
8.864468932151794434e-01
8.778998851776123047e-01
8.815628886222839355e-01
8.949939012527465820e-01
8.925518989562988281e-01
8.925518989562988281e-01
8.803418874740600586e-01
8.815628886222839355e-01
8.840048909187316895e-01
8.913308978080749512e-01
8.742368817329406738e-01
8.913308978080749512e-01
8.840048909187316895e-01
8.937729001045227051e-01
9.096459150314331055e-01
9.084249138832092285e-01
8.913308978080749512e-01
8.888888955116271973e-01
9.010989069938659668e-01
9.047619104385375977e-01
