1.437518835067749023e+00
2.468781948089599609e+00
3.500061511993408203e+00
4.609436988830566406e+00
5.671952247619628906e+00
6.687590837478637695e+00
7.734479904174804688e+00
8.781368255615234375e+00
9.828273057937622070e+00
1.090639734268188477e+01
1.198453688621520996e+01
1.300017571449279785e+01
1.400019001960754395e+01
1.503145313262939453e+01
1.606271743774414062e+01
1.710960721969604492e+01
1.817212104797363281e+01
1.921901082992553711e+01
2.025027561187744141e+01
2.128153848648071289e+01
2.235967755317687988e+01
2.343781876564025879e+01
2.446908235549926758e+01
2.550034570693969727e+01
2.651598477363586426e+01
2.757851386070251465e+01
2.860976338386535645e+01
2.967227673530578613e+01
3.075041651725769043e+01
3.179730653762817383e+01
3.285982060432434082e+01
3.389108562469482422e+01
3.496922373771667480e+01
3.603173828125000000e+01
3.703175163269042969e+01
3.803176474571228027e+01
3.898491716384887695e+01
3.998491644859313965e+01
4.095369434356689453e+01
4.192245650291442871e+01
4.289120626449584961e+01
4.389127111434936523e+01
4.487562036514282227e+01
4.586001014709472656e+01
4.684439706802368164e+01
4.784439826011657715e+01
4.882878851890563965e+01
4.982880043983459473e+01
5.081318807601928711e+01
5.178195142745971680e+01
5.275072836875915527e+01
5.373510456085205078e+01
5.470387864112854004e+01
5.571950459480285645e+01
5.670389366149902344e+01
5.768829536437988281e+01
5.868829560279846191e+01
5.965707159042358398e+01
6.064146041870117188e+01
6.162583494186401367e+01
6.261022496223449707e+01
6.361025047302246094e+01
6.457901453971862793e+01
6.557902789115905762e+01
6.656341552734375000e+01
6.757905364036560059e+01
6.856342983245849609e+01
6.956345629692077637e+01
7.054784560203552246e+01
7.154784560203552246e+01
7.254787397384643555e+01
7.354788756370544434e+01
7.450102329254150391e+01
7.548539876937866211e+01
7.645416188240051270e+01
7.740730142593383789e+01
7.840732717514038086e+01
7.939170169830322266e+01
8.037610316276550293e+01
8.136047840118408203e+01
8.234488034248352051e+01
8.332926845550537109e+01
8.431365656852722168e+01
8.531365728378295898e+01
8.631368350982666016e+01
8.739182281494140625e+01
8.836057567596435547e+01
8.932935166358947754e+01
9.032936429977416992e+01
9.132937645912170410e+01
9.232939124107360840e+01
9.332940435409545898e+01
9.429815530776977539e+01
9.531380605697631836e+01
9.629818224906921387e+01
9.728258395195007324e+01
9.829822111129760742e+01
9.928259634971618652e+01
1.002982358932495117e+02
1.012982492446899414e+02
1.023139026165008545e+02
1.033139019012451172e+02
1.042826776504516602e+02
1.052826790809631348e+02
1.062826919555664062e+02
1.072827196121215820e+02
1.082983441352844238e+02
1.092827322483062744e+02
1.102827460765838623e+02
1.112671480178833008e+02
1.122515363693237305e+02
1.132359137535095215e+02
1.142203130722045898e+02
1.152359390258789062e+02
1.162359654903411865e+02
1.172359657287597656e+02
1.182359921932220459e+02
1.192360069751739502e+02
1.202360060214996338e+02
1.212360196113586426e+02
1.222360334396362305e+02
1.232204356193542480e+02
1.242048099040985107e+02
1.252204625606536865e+02
1.262204756736755371e+02
1.272048649787902832e+02
1.282048671245574951e+02
1.292048912048339844e+02
1.302048914432525635e+02
1.312049179077148438e+02
1.322205436229705811e+02
1.332518236637115479e+02
1.342518348693847656e+02
1.352362248897552490e+02
1.362518620491027832e+02
1.372518756389617920e+02
1.382675011157989502e+02
1.392518897056579590e+02
1.402519042491912842e+02
1.412363004684448242e+02
1.422519431114196777e+02
1.432675824165344238e+02
1.442519712448120117e+02
1.452519843578338623e+02
1.462832486629486084e+02
1.472832491397857666e+02
1.482676517963409424e+02
1.492832891941070557e+02
1.502832915782928467e+02
1.513145666122436523e+02
1.523145668506622314e+02
1.533302068710327148e+02
1.543146085739135742e+02
1.553146214485168457e+02
1.562989962100982666e+02
1.572990109920501709e+02
1.582833979129791260e+02
1.592990374565124512e+02
1.602834398746490479e+02
1.612990646362304688e+02
1.623147029876708984e+02
1.633303418159484863e+02
1.643303551673889160e+02
1.653303825855255127e+02
1.663147578239440918e+02
1.673303966522216797e+02
1.683460359573364258e+02
1.693616886138916016e+02
1.703460769653320312e+02
1.713617138862609863e+02
1.723617141246795654e+02
1.733929917812347412e+02
1.743773808479309082e+02
1.754555060863494873e+02
1.764711585044860840e+02
1.774711589813232422e+02
1.784555611610412598e+02
1.795024495124816895e+02
1.805180883407592773e+02
1.815180883407592773e+02
1.825181162357330322e+02
1.835337426662445068e+02
1.845181424617767334e+02
1.855181441307067871e+02
1.865181694030761719e+02
1.875494208335876465e+02
1.886588108539581299e+02
1.896744627952575684e+02
1.906901013851165771e+02
1.916901147365570068e+02
1.927057545185089111e+02
1.937682569026947021e+02
1.947682690620422363e+02
1.957839217185974121e+02
1.968151714801788330e+02
1.978464493751525879e+02
1.988777122497558594e+02
1.998933510780334473e+02
2.008933656215667725e+02
2.019089922904968262e+02
