1.109387874603271484e+00
2.171902656555175781e+00
3.218791007995605469e+00
4.265681505203247070e+00
5.343832969665527344e+00
6.406334400177001953e+00
7.453224182128906250e+00
8.531377077102661133e+00
9.593878269195556641e+00
1.064076828956604004e+01
1.170329475402832031e+01
1.278143477439880371e+01
1.381269884109497070e+01
1.490646386146545410e+01
1.596897888183593750e+01
1.704711937904357910e+01
1.814086937904357910e+01
1.920339608192443848e+01
2.028153800964355469e+01
2.135966277122497559e+01
2.242217850685119629e+01
2.351595568656921387e+01
2.459409761428833008e+01
2.567223381996154785e+01
2.675038933753967285e+01
2.782850098609924316e+01
2.889103150367736816e+01
2.996915531158447266e+01
3.101605772972106934e+01
3.209419703483581543e+01
3.315669846534729004e+01
3.423483777046203613e+01
3.526610302925109863e+01
3.635988044738769531e+01
3.742238306999206543e+01
3.850052118301391602e+01
3.962554955482482910e+01
4.068806362152099609e+01
4.176619076728820801e+01
4.282870626449584961e+01
4.390685725212097168e+01
4.498498487472534180e+01
4.604751229286193848e+01
4.712565159797668457e+01
4.821940374374389648e+01
4.928191804885864258e+01
5.039132165908813477e+01
5.145382189750671387e+01
5.253196096420288086e+01
5.359447693824768066e+01
5.467263078689575195e+01
5.571950578689575195e+01
5.678201961517333984e+01
5.786015844345092773e+01
5.890704894065856934e+01
6.000081253051757812e+01
6.106332755088806152e+01
6.215709185600280762e+01
6.323523139953613281e+01
6.431338524818420410e+01
6.537588596343994141e+01
6.645402574539184570e+01
6.751654005050659180e+01
6.859469270706176758e+01
6.965719366073608398e+01
7.073533463478088379e+01
7.181348776817321777e+01
7.289162731170654297e+01
7.396975255012512207e+01
7.504790496826171875e+01
7.612603259086608887e+01
7.721980881690979004e+01
7.826669955253601074e+01
7.934483981132507324e+01
8.042296576499938965e+01
8.150111746788024902e+01
8.257924485206604004e+01
8.367302346229553223e+01
8.475114941596984863e+01
8.582928895950317383e+01
8.693869304656982422e+01
8.806370830535888672e+01
8.912622284889221191e+01
9.021997380256652832e+01
9.129811239242553711e+01
9.239189052581787109e+01
9.345439386367797852e+01
9.454817080497741699e+01
9.561067318916320801e+01
9.670445060729980469e+01
9.778258872032165527e+01
9.892321705818176270e+01
1.000013704299926758e+02
1.010795090198516846e+02
1.021576483249664307e+02
1.032357904911041260e+02
1.043139288425445557e+02
1.053920671939849854e+02
1.064702076911926270e+02
1.075483341217041016e+02
1.086264879703521729e+02
1.097202379703521729e+02
1.107983918190002441e+02
1.118921432495117188e+02
1.130015337467193604e+02
1.140952978134155273e+02
1.151734502315521240e+02
1.162672016620635986e+02
1.173297169208526611e+02
1.184234948158264160e+02
1.195016338825225830e+02
1.206110246181488037e+02
1.216891520023345947e+02
1.227985560894012451e+02
1.238766939640045166e+02
1.249548218250274658e+02
1.260329599380493164e+02
1.271111133098602295e+02
1.281892387866973877e+02
1.292830040454864502e+02
1.303611567020416260e+02
1.314705474376678467e+02
1.325330488681793213e+02
1.336580777168273926e+02
1.347205779552459717e+02
1.358143422603607178e+02
1.368924839496612549e+02
1.380174973011016846e+02
1.391112756729125977e+02
1.401894028186798096e+02
1.412831816673278809e+02
1.423769333362579346e+02
1.434863343238830566e+02
1.445800998210906982e+02
1.456738522052764893e+02
1.467676301002502441e+02
1.478457689285278320e+02
1.489238960742950439e+02
1.500332865715026855e+02
1.511114265918731689e+02
1.522051904201507568e+02
1.534395816326141357e+02
1.545489857196807861e+02
1.556583623886108398e+02
1.567365021705627441e+02
1.578302681446075439e+02
1.589552824497222900e+02
1.600334217548370361e+02
1.611271865367889404e+02
1.622209639549255371e+02
1.633147304058074951e+02
1.644241063594818115e+02
1.655178854465484619e+02
1.665960104465484619e+02
1.676897754669189453e+02
1.687835531234741211e+02
1.698773062229156494e+02
1.709710705280303955e+02
1.720648496150970459e+02
1.731429882049560547e+02
1.742523777484893799e+02
1.753461439609527588e+02
1.764555194377899170e+02
1.775492858886718750e+02
1.786430494785308838e+02
1.797212023735046387e+02
1.807993431091308594e+02
1.819087333679199219e+02
1.830024850368499756e+02
1.840962491035461426e+02
1.851900138854980469e+02
1.863150417804718018e+02
1.874087939262390137e+02
1.885025715827941895e+02
1.896119487285614014e+02
1.907369785308837891e+02
1.918463673591613770e+02
1.929401321411132812e+02
1.940338838100433350e+02
1.951276478767395020e+02
1.962526638507843018e+02
1.973620538711547852e+02
1.984558181762695312e+02
1.995652101039886475e+02
2.006745984554290771e+02
2.017996139526367188e+02
2.029246294498443604e+02
2.040340197086334229e+02
2.051434092521667480e+02
2.062371742725372314e+02
2.073153138160705566e+02
2.084403293132781982e+02
2.095184690952301025e+02
2.106434984207153320e+02
2.117372617721557617e+02
2.128466393947601318e+02
2.139560430049896240e+02
2.150341701507568359e+02
2.161591837406158447e+02
2.172529497146606445e+02
