1.093764305114746094e+00
2.125028848648071289e+00
3.125041961669921875e+00
4.140680789947509766e+00
5.156333923339843750e+00
6.187596321105957031e+00
7.203222274780273438e+00
8.218861579895019531e+00
9.250124931335449219e+00
1.026576471328735352e+01
1.128140282630920410e+01
1.232829213142395020e+01
1.331269550323486328e+01
1.434395885467529297e+01
1.535958433151245117e+01
1.637522268295288086e+01
1.739086270332336426e+01
1.840651440620422363e+01
1.942215085029602051e+01
2.043777728080749512e+01
2.143780326843261719e+01
2.245343041419982910e+01
2.345344257354736328e+01
2.450033283233642578e+01
2.553159689903259277e+01
2.654723548889160156e+01
2.756287384033203125e+01
2.857852673530578613e+01
2.965665364265441895e+01
3.068793392181396484e+01
3.170355510711669922e+01
3.275044512748718262e+01
3.375045800209045410e+01
3.475047302246093750e+01
3.578173518180847168e+01
3.679737496376037598e+01
3.781301307678222656e+01
3.882865214347839355e+01
3.987554192543029785e+01
4.089117932319641113e+01
4.192244362831115723e+01
4.296934676170349121e+01
4.396936011314392090e+01
4.500061106681823730e+01
4.604750037193298340e+01
4.706315255165100098e+01
4.806315255165100098e+01
4.909442949295043945e+01
5.011005520820617676e+01
5.114133238792419434e+01
5.215697026252746582e+01
5.317259669303894043e+01
5.418823504447937012e+01
5.521949958801269531e+01
5.625076460838317871e+01
5.729765272140502930e+01
5.831330442428588867e+01
5.934456944465637207e+01
6.036019468307495117e+01
6.142271018028259277e+01
6.245397281646728516e+01
6.348525118827819824e+01
6.448525142669677734e+01
6.553213977813720703e+01
6.656340384483337402e+01
6.761029362678527832e+01
6.864156985282897949e+01
6.968845891952514648e+01
7.071970963478088379e+01
7.175097370147705078e+01
7.278223824501037598e+01
7.381350302696228027e+01
7.481351685523986816e+01
7.584478044509887695e+01
7.687604403495788574e+01
7.792293310165405273e+01
7.896987342834472656e+01
8.003235077857971191e+01
8.106360054016113281e+01
8.211050248146057129e+01
8.314175391197204590e+01
8.423551797866821289e+01
8.526678228378295898e+01
8.631367182731628418e+01
8.734493565559387207e+01
8.837619972229003906e+01
8.940746450424194336e+01
9.042310285568237305e+01
9.145437979698181152e+01
9.250125598907470703e+01
9.353252053260803223e+01
9.457940912246704102e+01
9.559504842758178711e+01
9.662631154060363770e+01
9.765758919715881348e+01
9.870447850227355957e+01
9.975135493278503418e+01
1.007513689994812012e+02
1.017826313972473145e+02
1.028139097690582275e+02
1.038607990741729736e+02
1.049701747894287109e+02
1.060170662403106689e+02
1.071108293533325195e+02
1.081264677047729492e+02
1.092046077251434326e+02
1.102514970302581787e+02
1.112671389579772949e+02
1.122827877998352051e+02
1.133452892303466797e+02
1.144078032970428467e+02
1.154546933174133301e+02
1.164859688282012939e+02
1.175328583717346191e+02
1.185641229152679443e+02
1.195953736305236816e+02
1.206578888893127441e+02
1.217047774791717529e+02
1.227360558509826660e+02
1.237829310894012451e+02
1.248298196792602539e+02
1.258767111301422119e+02
1.268923480510711670e+02
1.279392497539520264e+02
1.289705138206481934e+02
1.300017652511596680e+02
1.310486555099487305e+02
1.320955440998077393e+02
1.331424472332000732e+02
1.341736989021301270e+02
1.352362120151519775e+02
1.362987399101257324e+02
1.372987406253814697e+02
1.383300030231475830e+02
1.393612675666809082e+02
1.404394090175628662e+02
1.414550464153289795e+02
1.424863104820251465e+02
1.435332126617431641e+02
1.445644626617431641e+02
1.456113522052764893e+02
1.466738798618316650e+02
1.476895182132720947e+02
1.487364075183868408e+02
1.498145489692687988e+02
1.508614232540130615e+02
1.519551889896392822e+02
1.530020787715911865e+02
1.540333545207977295e+02
1.550802440643310547e+02
1.561271338462829590e+02
1.571896486282348633e+02
1.582208983898162842e+02
1.592677874565124512e+02
1.603146905899047852e+02
1.613615803718566895e+02
1.624084682464599609e+02
1.634553449153900146e+02
1.645022339820861816e+02
1.655491230487823486e+02
1.666116387844085693e+02
1.676741533279418945e+02
1.687054169178009033e+02
1.697366807460784912e+02
1.707991943359375000e+02
1.719867250919342041e+02
1.730336008071899414e+02
1.740961136817932129e+02
1.751586287021636963e+02
1.762055182456970215e+02
1.772524077892303467e+02
1.783149225711822510e+02
1.793461983203887939e+02
1.804243261814117432e+02
1.815180902481079102e+02
1.825493535995483398e+02
1.836118693351745605e+02
1.847681353092193604e+02
1.858306488990783691e+02
1.868931639194488525e+02
1.879556903839111328e+02
1.890181932449340820e+02
1.900807065963745117e+02
1.911432209014892578e+02
1.922057352066040039e+02
1.932682509422302246e+02
1.943151535987854004e+02
1.953776531219482422e+02
1.964245445728302002e+02
1.974714457988739014e+02
1.985183231830596924e+02
1.995652105808258057e+02
2.006120996475219727e+02
2.016590013504028320e+02
2.027058775424957275e+02
2.037683923244476318e+02
2.048152949810028076e+02
2.058621706962585449e+02
2.069090607166290283e+02
2.079715754985809326e+02
