9.756097570061683655e-03
9.756097570061683655e-03
2.195121906697750092e-02
1.463414635509252548e-02
1.707316935062408447e-02
2.195121906697750092e-02
1.707316935062408447e-02
2.195121906697750092e-02
1.463414542376995087e-02
1.463414542376995087e-02
1.707316935062408447e-02
2.439024299383163452e-02
1.951219514012336731e-02
2.926829084753990173e-02
1.707316935062408447e-02
1.463414635509252548e-02
2.682926505804061890e-02
1.219512149691581726e-02
1.951219514012336731e-02
2.439024299383163452e-02
1.219512149691581726e-02
1.951219514012336731e-02
1.707317121326923370e-02
1.951219514012336731e-02
5.121950805187225342e-02
3.902438655495643616e-02
3.658536449074745178e-02
1.463414635509252548e-02
4.146341234445571899e-02
2.926829084753990173e-02
2.195121906697750092e-02
3.414634242653846741e-02
2.926829271018505096e-02
4.390244185924530029e-02
5.365853756666183472e-02
3.414633870124816895e-02
4.878048598766326904e-02
4.146341606974601746e-02
7.073171436786651611e-02
5.365854129195213318e-02
5.365853756666183472e-02
5.365853756666183472e-02
7.073171436786651611e-02
6.585365533828735352e-02
6.341463327407836914e-02
6.829267740249633789e-02
8.536584675312042236e-02
7.804878056049346924e-02
9.024390578269958496e-02
8.536586165428161621e-02
8.292682468891143799e-02
9.756097197532653809e-02
1.146341487765312195e-01
1.024390235543251038e-01
1.170731559395790100e-01
1.121951267123222351e-01
1.195121929049491882e-01
1.682926863431930542e-01
1.219512149691581726e-01
1.390243917703628540e-01
1.292682886123657227e-01
1.341463476419448853e-01
1.731707453727722168e-01
1.317073255777359009e-01
1.707317084074020386e-01
1.585365831851959229e-01
1.756097525358200073e-01
1.804877966642379761e-01
1.926829218864440918e-01
1.902438998222351074e-01
2.024390250444412231e-01
2.073170542716979980e-01
2.024390250444412231e-01
2.292682826519012451e-01
2.219512015581130981e-01
2.439024448394775391e-01
2.121951133012771606e-01
2.878048717975616455e-01
2.560975551605224609e-01
2.585365772247314453e-01
2.658536732196807861e-01
2.414634078741073608e-01
2.634146213531494141e-01
2.829268276691436768e-01
2.487804889678955078e-01
3.097561001777648926e-01
2.341463416814804077e-01
2.609755992889404297e-01
2.853658497333526611e-01
2.829268276691436768e-01
3.024390041828155518e-01
3.341463208198547363e-01
3.170731663703918457e-01
3.195121884346008301e-01
3.146341443061828613e-01
3.048780262470245361e-01
2.975609600543975830e-01
3.463414609432220459e-01
3.341463506221771240e-01
3.463414311408996582e-01
3.048780262470245361e-01
3.463414311408996582e-01
3.292682766914367676e-01
3.487805128097534180e-01
4.024390280246734619e-01
3.512195348739624023e-01
3.487804830074310303e-01
3.243902623653411865e-01
3.878048658370971680e-01
3.878048658370971680e-01
3.804877698421478271e-01
3.609755933284759521e-01
3.707317113876342773e-01
3.829268217086791992e-01
3.878048658370971680e-01
3.804877996444702148e-01
3.804877996444702148e-01
4.170732200145721436e-01
4.097560942173004150e-01
4.121950864791870117e-01
4.024389982223510742e-01
3.999999761581420898e-01
4.121950864791870117e-01
4.097560942173004150e-01
4.317073523998260498e-01
3.975609838962554932e-01
4.097560942173004150e-01
4.268292188644409180e-01
4.243902266025543213e-01
4.219512045383453369e-01
4.414633810520172119e-01
4.219511747360229492e-01
4.073170721530914307e-01
4.024390280246734619e-01
4.439024329185485840e-01
4.219512045383453369e-01
4.024389982223510742e-01
4.341463148593902588e-01
4.463414549827575684e-01
4.585365951061248779e-01
4.317072927951812744e-01
4.463414251804351807e-01
4.365853369235992432e-01
4.439024329185485840e-01
4.268292486667633057e-01
4.707317352294921875e-01
4.585365951061248779e-01
4.536585509777069092e-01
4.512195289134979248e-01
4.414634108543395996e-01
4.853658676147460938e-01
4.731707572937011719e-01
4.756097197532653809e-01
4.756097495555877686e-01
4.390243887901306152e-01
4.560976028442382812e-01
4.609755873680114746e-01
5.195121765136718750e-01
4.512195587158203125e-01
4.682926833629608154e-01
4.853658676147460938e-01
4.878049194812774658e-01
4.682927131652832031e-01
5.048780441284179688e-01
4.829268455505371094e-01
4.853658676147460938e-01
4.560975134372711182e-01
4.829268157482147217e-01
4.634146392345428467e-01
4.804877638816833496e-01
4.951219558715820312e-01
4.707317352294921875e-01
5.146341323852539062e-01
4.512194991111755371e-01
4.999999701976776123e-01
5.024390220642089844e-01
4.853658378124237061e-01
4.853658676147460938e-01
5.024390220642089844e-01
4.829268157482147217e-01
4.878048598766326904e-01
5.121951103210449219e-01
5.121951103210449219e-01
5.121951103210449219e-01
5.121951103210449219e-01
4.902439117431640625e-01
5.097560882568359375e-01
4.975609779357910156e-01
5.390243530273437500e-01
5.365853905677795410e-01
4.951219260692596436e-01
5.219511985778808594e-01
5.146341323852539062e-01
5.219511985778808594e-01
4.902439117431640625e-01
5.243902206420898438e-01
5.317072868347167969e-01
4.878048896789550781e-01
5.243902206420898438e-01
5.268292427062988281e-01
