1.510673295706510544e-02
1.215106621384620667e-02
1.904761977493762970e-02
1.444991677999496460e-02
1.412151101976633072e-02
1.346469577401876450e-02
1.970443315804004669e-02
2.101806178689002991e-02
1.543513871729373932e-02
1.642036251723766327e-02
1.707717403769493103e-02
1.280788145959377289e-02
1.576354727149009705e-02
1.346469670534133911e-02
1.773399114608764648e-02
1.642036065459251404e-02
1.937602646648883820e-02
1.707717590034008026e-02
1.707717590034008026e-02
1.904761791229248047e-02
1.609195396304130554e-02
1.674876734614372253e-02
1.674876734614372253e-02
1.707717590034008026e-02
2.068965323269367218e-02
2.200328186154365540e-02
1.740558259189128876e-02
1.806239597499370575e-02
1.839080452919006348e-02
1.477832626551389694e-02
1.707717590034008026e-02
1.806239783763885498e-02
1.806239783763885498e-02
1.674876920878887177e-02
1.379310339689254761e-02
1.839080452919006348e-02
1.839080452919006348e-02
1.904761791229248047e-02
1.839080266654491425e-02
1.543513871729373932e-02
1.674876734614372253e-02
1.740558259189128876e-02
1.642036065459251404e-02
1.346469670534133911e-02
1.674876734614372253e-02
2.068965323269367218e-02
1.510673202574253082e-02
1.674876734614372253e-02
1.674876920878887177e-02
1.839080266654491425e-02
1.871921308338642120e-02
2.233169041574001312e-02
2.725780010223388672e-02
3.087027929723262787e-02
3.809523582458496094e-02
4.532019421458244324e-02
5.155993252992630005e-02
6.436781585216522217e-02
7.619047164916992188e-02
9.064038842916488647e-02
8.932676911354064941e-02
1.021346524357795715e-01
1.060755401849746704e-01
1.188834160566329956e-01
1.254515647888183594e-01
1.461412161588668823e-01
1.431855559349060059e-01
1.645320206880569458e-01
1.599343121051788330e-01
1.763546764850616455e-01
1.931034475564956665e-01
2.088669985532760620e-01
2.262725830078125000e-01
2.476190328598022461e-01
2.482758462429046631e-01
2.627257704734802246e-01
2.952380776405334473e-01
2.972085475921630859e-01
3.119868338108062744e-01
3.133004903793334961e-01
3.293924331665039062e-01
3.484400510787963867e-01
3.563218116760253906e-01
3.589490652084350586e-01
3.825943768024444580e-01
3.845648467540740967e-01
3.891625404357910156e-01
4.157634973526000977e-01
4.098521769046783447e-01
4.019703865051269531e-01
4.239736497402191162e-01
4.275861978530883789e-01
4.318554699420928955e-01
4.469622075557708740e-01
4.581280350685119629e-01
4.482758641242980957e-01
4.627257585525512695e-01
4.617405235767364502e-01
4.574712216854095459e-01
4.722495675086975098e-01
4.860426485538482666e-01
4.742200076580047607e-01
4.893267154693603516e-01
4.929392039775848389e-01
4.972084760665893555e-01
5.110015869140625000e-01
5.119867920875549316e-01
5.178982019424438477e-01
5.103448033332824707e-01
5.224958658218383789e-01
5.247947573661804199e-01
5.178981423377990723e-01
5.231526494026184082e-01
5.333333015441894531e-01
5.431854724884033203e-01
5.415434837341308594e-01
5.454843640327453613e-01
5.428571105003356934e-01
5.559933185577392578e-01
5.513956546783447266e-01
5.438423156738281250e-01
5.596058368682861328e-01
5.592774152755737305e-01
5.684727430343627930e-01
5.579638481140136719e-01
5.674876570701599121e-01
5.642035603523254395e-01
5.658456087112426758e-01
5.770114064216613770e-01
5.714285373687744141e-01
5.875204801559448242e-01
5.802954435348510742e-01
5.917897820472717285e-01
5.809522867202758789e-01
5.990147590637207031e-01
5.760262012481689453e-01
5.954022407531738281e-01
5.802955031394958496e-01
5.917897224426269531e-01
5.927749872207641602e-01
5.977010726928710938e-01
6.013135910034179688e-01
5.983579754829406738e-01
6.016419529914855957e-01
6.078817248344421387e-01
6.062396764755249023e-01
6.088669300079345703e-01
6.049261093139648438e-01
6.134645938873291016e-01
6.124794483184814453e-01
6.141214370727539062e-01
6.121510267257690430e-01
6.331690549850463867e-01
6.285713911056518555e-01
6.272577643394470215e-01
6.236453056335449219e-01
6.318554878234863281e-01
6.160919070243835449e-01
6.344826817512512207e-01
6.302133798599243164e-01
6.249588727951049805e-01
6.249589323997497559e-01
6.233168244361877441e-01
6.410508155822753906e-01
6.220031976699829102e-01
6.361247301101684570e-01
6.292281746864318848e-01
6.243020296096801758e-01
6.380951404571533203e-01
6.449916958808898926e-01
6.377667188644409180e-01
6.420360803604125977e-01
6.479474306106567383e-01
6.328406333923339844e-01
6.466337442398071289e-01
6.446633338928222656e-01
6.456484794616699219e-01
6.532019376754760742e-01
6.587848067283630371e-01
6.597700119018554688e-01
6.561574935913085938e-01
6.499178409576416016e-01
6.532018780708312988e-01
6.532018780708312988e-01
6.660097837448120117e-01
6.614121198654174805e-01
6.528733968734741211e-01
6.551722884178161621e-01
6.541870832443237305e-01
6.548439264297485352e-01
6.679802536964416504e-01
6.574711799621582031e-01
6.646961569786071777e-01
6.600984930992126465e-01
6.669949889183044434e-01
6.571428179740905762e-01
6.663382053375244141e-01
6.653529405593872070e-01
6.683086156845092773e-01
6.732348203659057617e-01
