9.756097570061683655e-03
1.219512149691581726e-02
1.219512149691581726e-02
7.317073177546262741e-03
1.707316935062408447e-02
2.439024299383163452e-02
9.756097570061683655e-03
1.463414542376995087e-02
1.951219514012336731e-02
1.951219327747821808e-02
2.439024485647678375e-02
4.878048785030841827e-03
2.439024299383163452e-02
1.707316935062408447e-02
2.682926692068576813e-02
1.463414542376995087e-02
1.707316935062408447e-02
2.195121906697750092e-02
7.317073177546262741e-03
2.682926692068576813e-02
2.195121906697750092e-02
2.439024485647678375e-02
1.219512149691581726e-02
1.463414542376995087e-02
1.951219514012336731e-02
2.926829084753990173e-02
1.707317121326923370e-02
1.219512149691581726e-02
3.414633870124816895e-02
2.682926505804061890e-02
9.756097570061683655e-03
9.756097570061683655e-03
2.439024113118648529e-02
1.707317121326923370e-02
1.951219327747821808e-02
1.707316935062408447e-02
7.317073177546262741e-03
3.170731663703918457e-02
2.439024299383163452e-02
1.219512149691581726e-02
3.170731663703918457e-02
2.682926878333091736e-02
2.926829084753990173e-02
2.439024299383163452e-02
3.658536821603775024e-02
4.634146392345428467e-02
4.390244185924530029e-02
4.634146019816398621e-02
3.658536821603775024e-02
4.634146392345428467e-02
4.878048971295356750e-02
4.634146019816398621e-02
5.121951177716255188e-02
7.560975849628448486e-02
4.634146392345428467e-02
6.097560748457908630e-02
7.560975104570388794e-02
8.292683213949203491e-02
8.780488371849060059e-02
7.804877310991287231e-02
8.292682468891143799e-02
7.560975849628448486e-02
9.268292784690856934e-02
9.512194991111755371e-02
1.268292665481567383e-01
1.146341562271118164e-01
1.341463327407836914e-01
1.487804800271987915e-01
1.268292665481567383e-01
1.536585241556167603e-01
1.585365831851959229e-01
1.609756052494049072e-01
1.585365682840347290e-01
1.341463476419448853e-01
1.707317084074020386e-01
1.707317084074020386e-01
1.878048777580261230e-01
1.731707155704498291e-01
1.951219439506530762e-01
1.878048628568649292e-01
2.268292605876922607e-01
2.073170691728591919e-01
2.146341800689697266e-01
2.219512313604354858e-01
2.146341502666473389e-01
2.292682826519012451e-01
2.317073047161102295e-01
2.487804889678955078e-01
2.512195110321044922e-01
2.609755992889404297e-01
2.268292605876922607e-01
2.439024150371551514e-01
2.902438938617706299e-01
2.682926654815673828e-01
2.634146511554718018e-01
2.731707394123077393e-01
2.926829159259796143e-01
2.951219379901885986e-01
2.926829159259796143e-01
3.121951222419738770e-01
3.195121884346008301e-01
3.219512104988098145e-01
3.268292546272277832e-01
3.292683064937591553e-01
2.975609600543975830e-01
3.512195050716400146e-01
3.487804830074310303e-01
3.341463506221771240e-01
3.439024686813354492e-01
3.560975193977355957e-01
3.487804830074310303e-01
3.048780560493469238e-01
3.560975492000579834e-01
3.634146451950073242e-01
3.682926595211029053e-01
3.951219320297241211e-01
3.439024090766906738e-01
3.365853428840637207e-01
3.902438879013061523e-01
3.902438879013061523e-01
3.878048658370971680e-01
3.878048658370971680e-01
3.560975790023803711e-01
4.195121824741363525e-01
3.878048658370971680e-01
4.414634406566619873e-01
3.829267919063568115e-01
3.951219320297241211e-01
3.975609838962554932e-01
4.243902266025543213e-01
4.243902266025543213e-01
3.975609540939331055e-01
4.024389982223510742e-01
4.121950864791870117e-01
4.243902266025543213e-01
4.341463148593902588e-01
4.463414847850799561e-01
4.219512343406677246e-01
4.682926535606384277e-01
3.951219618320465088e-01
4.414633810520172119e-01
4.170731604099273682e-01
4.414633810520172119e-01
4.243902266025543213e-01
4.512194991111755371e-01
4.975609481334686279e-01
4.414634108543395996e-01
4.756097495555877686e-01
4.414634108543395996e-01
4.487805068492889404e-01
4.878048896789550781e-01
4.390243887901306152e-01
4.829268455505371094e-01
4.365853667259216309e-01
4.780488014221191406e-01
4.634146094322204590e-01
4.780487716197967529e-01
4.731706976890563965e-01
4.560975730419158936e-01
4.512194991111755371e-01
4.902438819408416748e-01
4.756097197532653809e-01
4.878048896789550781e-01
4.609755873680114746e-01
4.731706976890563965e-01
4.634146094322204590e-01
4.756097495555877686e-01
4.804877936840057373e-01
5.073170661926269531e-01
4.951219260692596436e-01
4.731706976890563965e-01
4.829268157482147217e-01
4.829268157482147217e-01
5.170731544494628906e-01
4.878048598766326904e-01
5.073170661926269531e-01
4.853658378124237061e-01
5.146341323852539062e-01
5.048780441284179688e-01
4.829268157482147217e-01
4.829268157482147217e-01
5.000000000000000000e-01
5.536585450172424316e-01
5.195121765136718750e-01
5.243902206420898438e-01
5.146341323852539062e-01
5.390243530273437500e-01
5.268292427062988281e-01
5.341463088989257812e-01
5.219511985778808594e-01
5.195122361183166504e-01
5.219511985778808594e-01
5.268292427062988281e-01
5.390244126319885254e-01
4.951218962669372559e-01
5.341463088989257812e-01
5.121951103210449219e-01
5.560975670814514160e-01
5.292682647705078125e-01
5.268292427062988281e-01
