1.707316935062408447e-02
9.756097570061683655e-03
1.707316935062408447e-02
1.219512149691581726e-02
2.682926692068576813e-02
1.951219327747821808e-02
1.707316935062408447e-02
1.707316935062408447e-02
1.707316935062408447e-02
1.951219514012336731e-02
1.463414542376995087e-02
2.439024485647678375e-02
1.463414542376995087e-02
9.756097570061683655e-03
9.756097570061683655e-03
2.682926505804061890e-02
2.926829084753990173e-02
1.219512149691581726e-02
2.682926878333091736e-02
1.463414542376995087e-02
1.463414542376995087e-02
2.926829084753990173e-02
2.926829084753990173e-02
3.170731663703918457e-02
3.414634242653846741e-02
1.463414635509252548e-02
2.926829271018505096e-02
3.902439028024673462e-02
3.658536449074745178e-02
3.170731663703918457e-02
2.926829271018505096e-02
3.414633870124816895e-02
4.634146392345428467e-02
3.414634242653846741e-02
4.146341606974601746e-02
6.585365533828735352e-02
6.585366278886795044e-02
5.121951177716255188e-02
6.829267740249633789e-02
5.853658914566040039e-02
7.317072898149490356e-02
7.073170691728591919e-02
8.780487626791000366e-02
1.048780456185340881e-01
8.780488371849060059e-02
9.999999403953552246e-02
1.024390310049057007e-01
9.024390578269958496e-02
1.146341487765312195e-01
1.292682886123657227e-01
9.756097197532653809e-02
1.317073106765747070e-01
1.317073106765747070e-01
1.634146273136138916e-01
1.414634287357330322e-01
1.463414728641510010e-01
1.585365980863571167e-01
1.365853548049926758e-01
1.731707304716110229e-01
1.439024358987808228e-01
2.097561061382293701e-01
1.878048777580261230e-01
1.682926714420318604e-01
1.951219439506530762e-01
2.170731723308563232e-01
2.048780471086502075e-01
1.951219439506530762e-01
2.268292605876922607e-01
2.121951133012771606e-01
2.414633929729461670e-01
2.536585330963134766e-01
2.487804740667343140e-01
2.512195110321044922e-01
2.658536732196807861e-01
2.268292605876922607e-01
2.585365772247314453e-01
2.463414669036865234e-01
2.878048717975616455e-01
3.170731365680694580e-01
2.926829159259796143e-01
2.731707394123077393e-01
3.097560703754425049e-01
2.804878056049346924e-01
3.317073583602905273e-01
3.341463208198547363e-01
2.853658497333526611e-01
3.268292248249053955e-01
3.341463208198547363e-01
2.878048717975616455e-01
3.585366010665893555e-01
3.048780560493469238e-01
3.268292546272277832e-01
3.536584973335266113e-01
3.195122182369232178e-01
3.341463208198547363e-01
3.560975790023803711e-01
3.780487775802612305e-01
3.682926893234252930e-01
3.780487775802612305e-01
3.829268515110015869e-01
4.048780500888824463e-01
3.560975492000579834e-01
3.780487775802612305e-01
3.804877996444702148e-01
4.243902564048767090e-01
3.756097555160522461e-01
3.951219916343688965e-01
3.902439177036285400e-01
3.658536672592163086e-01
4.121950864791870117e-01
4.170731604099273682e-01
4.048780500888824463e-01
4.463414549827575684e-01
4.146341383457183838e-01
4.390243887901306152e-01
4.268292486667633057e-01
4.341463446617126465e-01
4.341463148593902588e-01
4.170731604099273682e-01
4.634146392345428467e-01
4.146341383457183838e-01
4.317072927951812744e-01
4.341463148593902588e-01
4.487804770469665527e-01
4.560975432395935059e-01
4.243902564048767090e-01
4.365853369235992432e-01
4.414634108543395996e-01
4.975609779357910156e-01
4.707316458225250244e-01
4.682926535606384277e-01
4.707317054271697998e-01
4.487804770469665527e-01
4.707317054271697998e-01
4.731707274913787842e-01
4.390243887901306152e-01
4.902438819408416748e-01
4.780488014221191406e-01
4.609756469726562500e-01
4.756097197532653809e-01
4.780487716197967529e-01
4.926829338073730469e-01
5.097560882568359375e-01
4.780487716197967529e-01
4.707317054271697998e-01
4.829268157482147217e-01
4.756097495555877686e-01
5.024390220642089844e-01
4.902438819408416748e-01
5.024389624595642090e-01
5.365853309631347656e-01
5.097560882568359375e-01
4.878048598766326904e-01
5.024390220642089844e-01
4.634146392345428467e-01
4.829268455505371094e-01
5.073170661926269531e-01
5.121951103210449219e-01
5.195121765136718750e-01
5.024390220642089844e-01
4.707317352294921875e-01
5.243902206420898438e-01
4.853658378124237061e-01
5.414633750915527344e-01
5.170731544494628906e-01
5.317072868347167969e-01
5.121951103210449219e-01
4.975609779357910156e-01
5.365853309631347656e-01
5.463414788246154785e-01
5.121951103210449219e-01
5.439023971557617188e-01
5.317072868347167969e-01
5.317073464393615723e-01
5.414633750915527344e-01
5.268292427062988281e-01
5.268292427062988281e-01
5.243902206420898438e-01
5.463414192199707031e-01
5.365853309631347656e-01
5.414633750915527344e-01
5.390243530273437500e-01
5.317072868347167969e-01
5.634146332740783691e-01
5.512194633483886719e-01
5.243902206420898438e-01
5.365853309631347656e-01
5.414634346961975098e-01
5.195121765136718750e-01
5.146341919898986816e-01
5.146341323852539062e-01
5.414633750915527344e-01
5.317072868347167969e-01
5.195121765136718750e-01
5.536584854125976562e-01
5.512194633483886719e-01
5.463414192199707031e-01
5.682926774024963379e-01
5.439023971557617188e-01
5.390244126319885254e-01
