5.020085096359252930e+00
9.110499143600463867e+00
1.321291399002075195e+01
1.729831576347351074e+01
2.140837240219116211e+01
2.556582593917846680e+01
2.975974488258361816e+01
3.390869259834289551e+01
3.807315087318420410e+01
4.224511408805847168e+01
4.643911695480346680e+01
5.056904983520507812e+01
5.474352025985717773e+01
5.892348980903625488e+01
6.310045695304870605e+01
6.734697389602661133e+01
7.151993918418884277e+01
7.574493956565856934e+01
7.987237167358398438e+01
8.405285620689392090e+01
8.827385330200195312e+01
9.253287911415100098e+01
9.679840922355651855e+01
1.010689427852630615e+02
1.052414069175720215e+02
1.094208762645721436e+02
1.136714017391204834e+02
1.187124831676483154e+02
1.230175411701202393e+02
1.287996559143066406e+02
1.342285342216491699e+02
1.409623177051544189e+02
1.476315555572509766e+02
1.524855043888092041e+02
1.575586168766021729e+02
1.624155673980712891e+02
1.669389131069183350e+02
1.712519769668579102e+02
1.765932850837707520e+02
1.817769672870635986e+02
1.867394928932189941e+02
1.916344778537750244e+02
1.965529811382293701e+02
2.013644065856933594e+02
2.061633157730102539e+02
2.109327037334442139e+02
2.158176748752593994e+02
2.206616156101226807e+02
2.254965498447418213e+02
2.302869532108306885e+02
2.360230286121368408e+02
2.407819263935089111e+02
2.455888409614562988e+02
2.504272775650024414e+02
2.561051177978515625e+02
2.611066696643829346e+02
2.659931409358978271e+02
2.707645449638366699e+02
2.754418683052062988e+02
2.800786616802215576e+02
2.849466209411621094e+02
2.893952803611755371e+02
2.937223546504974365e+02
2.988324851989746094e+02
3.028608469963073730e+02
3.070793435573577881e+02
3.110956966876983643e+02
3.150069758892059326e+02
3.189702908992767334e+02
3.229043018817901611e+02
3.268806269168853760e+02
3.307859010696411133e+02
3.347427122592926025e+02
3.386559922695159912e+02
3.426273136138916016e+02
3.465425951480865479e+02
3.504461231231689453e+02
3.544748835563659668e+02
3.584155497550964355e+02
3.623990457057952881e+02
3.663428473472595215e+02
3.702761418819427490e+02
3.742009303569793701e+02
3.781847600936889648e+02
3.821380689144134521e+02
3.860558516979217529e+02
3.900126624107360840e+02
3.939744770526885986e+02
3.979122743606567383e+02
4.018175485134124756e+02
4.057423572540283203e+02
4.097291898727416992e+02
4.136945068836212158e+02
4.176042847633361816e+02
4.215751054286956787e+02
4.255959618091583252e+02
4.295627799034118652e+02
4.334935729503631592e+02
4.374328703880310059e+02
4.413201327323913574e+02
4.453264789581298828e+02
4.492452638149261475e+02
4.531780567169189453e+02
4.570633163452148438e+02
4.609782311916351318e+02
4.649180293083190918e+02
4.689088644981384277e+02
4.729292211532592773e+02
4.781424241065979004e+02
4.843608415126800537e+02
4.896876258850097656e+02
4.939066288471221924e+02
4.979960341453552246e+02
5.021129586696624756e+02
5.062503981590270996e+02
5.103403034210205078e+02
5.143741693496704102e+02
5.183630225658416748e+02
5.223933854103088379e+02
5.263867318630218506e+02
5.304501187801361084e+02
5.346410953998565674e+02
5.386329317092895508e+02
5.429980320930480957e+02
5.471775014400482178e+02
5.512984292507171631e+02
5.555544531345367432e+02
5.598104765415191650e+02
5.641265420913696289e+02
5.683135173320770264e+02
5.726831209659576416e+02
5.769621608257293701e+02
5.814808709621429443e+02
5.857749216556549072e+02
5.901225101947784424e+02
5.944090557098388672e+02
5.987531416416168213e+02
6.029986579418182373e+02
6.072726981639862061e+02
6.115147116184234619e+02
6.158803131580352783e+02
6.202213964462280273e+02
6.244549047946929932e+02
6.284572477340698242e+02
6.324505984783172607e+02
6.364344282150268555e+02
6.404788014888763428e+02
6.444336111545562744e+02
6.484474661350250244e+02
6.524152851104736328e+02
6.564016170501708984e+02
6.603524231910705566e+02
6.643467676639556885e+02
6.683190894126892090e+02
6.723189311027526855e+02
6.769232027530670166e+02
6.815379807949066162e+02
6.865370407104492188e+02
6.909551789760589600e+02
6.957766044139862061e+02
7.000366306304931641e+02
7.045333251953125000e+02
7.087713353633880615e+02
7.129563090801239014e+02
7.172453558444976807e+02
7.212171771526336670e+02
7.251229522228240967e+02
7.290322294235229492e+02
7.331411490440368652e+02
7.371660077571868896e+02
7.411233189105987549e+02
7.452982912063598633e+02
7.496373736858367920e+02
7.539614455699920654e+02
7.580723657608032227e+02
7.621603012084960938e+02
7.664458448886871338e+02
7.708659925460815430e+02
7.750774843692779541e+02
7.794836146831512451e+02
7.844691560268402100e+02
7.885400543212890625e+02
7.924748499393463135e+02
7.964411678314208984e+02
8.004024822711944580e+02
8.045899567604064941e+02
8.086303272247314453e+02
8.125446162223815918e+02
8.164774014949798584e+02
8.204192028045654297e+02
8.243369855880737305e+02
8.281977281570434570e+02
8.322341213226318359e+02
8.361103746891021729e+02
8.400306649208068848e+02
8.439189271926879883e+02
8.478677322864532471e+02
8.518330490589141846e+02
8.557163076400756836e+02
8.600043540000915527e+02
