3.061717271804809570e+00
5.827988386154174805e+00
8.466217279434204102e+00
1.111541414260864258e+01
1.400187635421752930e+01
1.665626931190490723e+01
1.931880736351013184e+01
2.195029830932617188e+01
2.458032345771789551e+01
2.729046845436096191e+01
2.993056774139404297e+01
3.266301870346069336e+01
3.537322902679443359e+01
3.805714917182922363e+01
4.070249247550964355e+01
4.350887370109558105e+01
4.624719977378845215e+01
4.891028738021850586e+01
5.166550135612487793e+01
5.446185708045959473e+01
5.717305779457092285e+01
5.988626408576965332e+01
6.254515695571899414e+01
6.525732970237731934e+01
6.794362330436706543e+01
7.062787246704101562e+01
7.333000063896179199e+01
7.608326482772827148e+01
7.879611063003540039e+01
8.152539920806884766e+01
8.454521441459655762e+01
8.733628821372985840e+01
9.011969351768493652e+01
9.311573743820190430e+01
9.584651041030883789e+01
9.857279086112976074e+01
1.014095170497894287e+02
1.040905849933624268e+02
1.067475888729095459e+02
1.094789419174194336e+02
1.122271966934204102e+02
1.149995639324188232e+02
1.178488397598266602e+02
1.206299269199371338e+02
1.234539980888366699e+02
1.262065582275390625e+02
1.289627275466918945e+02
1.317290544509887695e+02
1.344647972583770752e+02
1.372253932952880859e+02
1.400066986083984375e+02
1.426643304824829102e+02
1.455041501522064209e+02
1.482083361148834229e+02
1.509038326740264893e+02
1.536330325603485107e+02
1.563372418880462646e+02
1.590131707191467285e+02
1.617224576473236084e+02
1.644618523120880127e+02
1.671636393070220947e+02
1.698627979755401611e+02
1.725910847187042236e+02
1.753913946151733398e+02
1.781575553417205811e+02
1.808408250808715820e+02
1.835740504264831543e+02
1.862887456417083740e+02
1.889684362411499023e+02
1.917076666355133057e+02
1.944759006500244141e+02
1.972215690612792969e+02
2.001375093460083008e+02
2.027916574478149414e+02
2.054218716621398926e+02
2.081085090637207031e+02
2.107771987915039062e+02
2.134574248790740967e+02
2.161285240650177002e+02
2.187667140960693359e+02
2.215879065990447998e+02
2.243217096328735352e+02
2.270714554786682129e+02
2.297416343688964844e+02
2.324949033260345459e+02
2.352601840496063232e+02
2.379534807205200195e+02
2.406325781345367432e+02
2.433687498569488525e+02
2.460829882621765137e+02
2.487746372222900391e+02
2.516115214824676514e+02
2.546809570789337158e+02
2.581509888172149658e+02
2.608484504222869873e+02
2.635547220706939697e+02
2.662061123847961426e+02
2.688375725746154785e+02
2.714687986373901367e+02
2.741541097164154053e+02
2.768588106632232666e+02
2.795804438591003418e+02
2.822359554767608643e+02
2.849442896842956543e+02
2.876476995944976807e+02
2.903244190216064453e+02
2.929907648563385010e+02
2.957820422649383545e+02
2.986765263080596924e+02
3.013809220790863037e+02
3.041722502708435059e+02
3.068708877563476562e+02
3.096283361911773682e+02
3.123216116428375244e+02
3.150899927616119385e+02
3.177898957729339600e+02
3.204980344772338867e+02
3.232043607234954834e+02
3.258677129745483398e+02
3.285586328506469727e+02
3.313552212715148926e+02
3.340621120929718018e+02
3.367814812660217285e+02
3.396076519489288330e+02
3.423933110237121582e+02
3.450866904258728027e+02
3.477675335407257080e+02
3.504726018905639648e+02
3.532189445495605469e+02
3.559093763828277588e+02
3.586666305065155029e+02
3.613537762165069580e+02
3.640757799148559570e+02
3.667640113830566406e+02
3.695317635536193848e+02
3.722404947280883789e+02
3.749490768909454346e+02
3.775999710559844971e+02
3.803379251956939697e+02
3.830261423587799072e+02
3.856908659934997559e+02
3.883270199298858643e+02
3.910092430114746094e+02
3.937064571380615234e+02
3.963595521450042725e+02
3.991077649593353271e+02
4.017795240879058838e+02
4.044821527004241943e+02
4.071529805660247803e+02
4.098389992713928223e+02
4.125898211002349854e+02
4.153490042686462402e+02
4.180931169986724854e+02
4.207892882823944092e+02
4.234674077033996582e+02
4.261781024932861328e+02
4.288789727687835693e+02
4.315314884185791016e+02
4.342289502620697021e+02
4.370373132228851318e+02
4.398535845279693604e+02
4.425642719268798828e+02
4.452480661869049072e+02
4.479445199966430664e+02
4.507007744312286377e+02
4.533877265453338623e+02
4.560639162063598633e+02
4.588301639556884766e+02
4.616043996810913086e+02
4.643145089149475098e+02
4.671709079742431641e+02
4.698541574478149414e+02
4.726583609580993652e+02
4.753890719413757324e+02
4.781094303131103516e+02
4.808148033618927002e+02
4.834660882949829102e+02
4.862605407238006592e+02
4.889869236946105957e+02
4.916926932334899902e+02
4.944176874160766602e+02
4.971630229949951172e+02
5.004563169479370117e+02
5.032045257091522217e+02
5.058973779678344727e+02
5.086243886947631836e+02
5.113681304454803467e+02
5.140910890102386475e+02
5.168350496292114258e+02
5.194938161373138428e+02
5.221709475517272949e+02
5.250162127017974854e+02
5.277232570648193359e+02
5.304163007736206055e+02
5.332206485271453857e+02
5.359759511947631836e+02
5.386581161022186279e+02
5.413731541633605957e+02
5.440776364803314209e+02
5.467918601036071777e+02
