3.022512912750244141e+00
5.644573211669921875e+00
8.415579080581665039e+00
1.123509168624877930e+01
1.416899085044860840e+01
1.704946255683898926e+01
1.973305535316467285e+01
2.247671151161193848e+01
2.527056884765625000e+01
2.786471414566040039e+01
3.055185580253601074e+01
3.337604546546936035e+01
3.605117440223693848e+01
3.874323892593383789e+01
4.155649185180664062e+01
4.449524402618408203e+01
4.727031135559082031e+01
4.992252659797668457e+01
5.278292846679687500e+01
5.561433792114257812e+01
5.828416967391967773e+01
6.094868636131286621e+01
6.366687655448913574e+01
6.635390830039978027e+01
6.902554798126220703e+01
7.172326779365539551e+01
7.453761672973632812e+01
7.729806995391845703e+01
8.004788160324096680e+01
8.278262805938720703e+01
8.554331803321838379e+01
8.824350762367248535e+01
9.095974087715148926e+01
9.392489957809448242e+01
9.668522667884826660e+01
9.948059821128845215e+01
1.022940409183502197e+02
1.049112119674682617e+02
1.076685814857482910e+02
1.107430279254913330e+02
1.139830307960510254e+02
1.178832697868347168e+02
1.212175030708312988e+02
1.241221079826354980e+02
1.276061978340148926e+02
1.314467530250549316e+02
1.347855868339538574e+02
1.374973676204681396e+02
1.402722532749176025e+02
1.431707680225372314e+02
1.459813644886016846e+02
1.487047083377838135e+02
1.514389152526855469e+02
1.542134346961975098e+02
1.569480180740356445e+02
1.595654611587524414e+02
1.622999417781829834e+02
1.650132794380187988e+02
1.676852314472198486e+02
1.703288049697875977e+02
1.730310451984405518e+02
1.758086130619049072e+02
1.784747390747070312e+02
1.811140089035034180e+02
1.837431628704071045e+02
1.865126779079437256e+02
1.892401058673858643e+02
1.919075877666473389e+02
1.946140556335449219e+02
1.972752583026885986e+02
1.999522559642791748e+02
2.025797178745269775e+02
2.053642618656158447e+02
2.080415678024291992e+02
2.106588358879089355e+02
2.140002906322479248e+02
2.170219426155090332e+02
2.196678855419158936e+02
2.223559980392456055e+02
2.251432068347930908e+02
2.278413422107696533e+02
2.305263597965240479e+02
2.333677694797515869e+02
2.360608742237091064e+02
2.388229496479034424e+02
2.416001856327056885e+02
2.443485794067382812e+02
2.469735641479492188e+02
2.496317369937896729e+02
2.523369464874267578e+02
2.550942454338073730e+02
2.578293967247009277e+02
2.605555922985076904e+02
2.632838580608367920e+02
2.659499595165252686e+02
2.685871975421905518e+02
2.713604176044464111e+02
2.740016748905181885e+02
2.766953353881835938e+02
2.795281651020050049e+02
2.822923538684844971e+02
2.850165488719940186e+02
2.876647520065307617e+02
2.903524119853973389e+02
2.930330889225006104e+02
2.957152891159057617e+02
2.984307317733764648e+02
3.011178095340728760e+02
3.038847949504852295e+02
3.065611357688903809e+02
3.092312791347503662e+02
3.118934931755065918e+02
3.145596227645874023e+02
3.171907863616943359e+02
3.198306570053100586e+02
3.225671372413635254e+02
3.251583127975463867e+02
3.279576480388641357e+02
3.306637923717498779e+02
3.333430709838867188e+02
3.361213154792785645e+02
3.387173273563385010e+02
3.413184201717376709e+02
3.440636796951293945e+02
3.466687111854553223e+02
3.492889099121093750e+02
3.520096740722656250e+02
3.545922899246215820e+02
3.573064842224121094e+02
3.598626580238342285e+02
3.625077412128448486e+02
3.652992026805877686e+02
3.688039789199829102e+02
3.719444603919982910e+02
3.747276644706726074e+02
3.779183206558227539e+02
3.805349769592285156e+02
3.831835868358612061e+02
3.858206722736358643e+02
3.885299425125122070e+02
3.913201606273651123e+02
3.940694291591644287e+02
3.967935853004455566e+02
3.994898161888122559e+02
4.021240053176879883e+02
4.047851758003234863e+02
4.075594499111175537e+02
4.101687402725219727e+02
4.129058849811553955e+02
4.155380685329437256e+02
4.186034455299377441e+02
4.212766249179840088e+02
4.239037318229675293e+02
4.265538647174835205e+02
4.292112481594085693e+02
4.318623235225677490e+02
4.345234210491180420e+02
4.371885733604431152e+02
4.399798021316528320e+02
4.426275815963745117e+02
4.453522529602050781e+02
4.480494279861450195e+02
4.507746124267578125e+02
4.544133374691009521e+02
4.572578592300415039e+02
4.600822229385375977e+02
4.627584307193756104e+02
4.653738107681274414e+02
4.680158905982971191e+02
4.706485962867736816e+02
4.732940568923950195e+02
4.759625866413116455e+02
4.786276750564575195e+02
4.812115976810455322e+02
4.838942451477050781e+02
4.865306427478790283e+02
4.891161162853240967e+02
4.917496874332427979e+02
4.944582767486572266e+02
4.972888104915618896e+02
4.998570463657379150e+02
5.025047025680541992e+02
5.050874152183532715e+02
5.077496771812438965e+02
5.103727779388427734e+02
5.131087918281555176e+02
5.156889595985412598e+02
5.183924114704132080e+02
5.211195516586303711e+02
5.237554621696472168e+02
5.264176506996154785e+02
5.290725507736206055e+02
5.316667013168334961e+02
5.344456186294555664e+02
5.370774114131927490e+02
5.396887617111206055e+02
5.424259445667266846e+02
5.450522403717041016e+02
5.476353561878204346e+02
5.502383251190185547e+02
