5.910049200057983398e+00
9.711886405944824219e+00
1.346343207359313965e+01
1.716047787666320801e+01
2.244696855545043945e+01
2.890659451484680176e+01
3.478688836097717285e+01
4.066060543060302734e+01
4.651485967636108398e+01
5.248632931709289551e+01
5.894545340538024902e+01
6.554653310775756836e+01
7.193725204467773438e+01
7.790872693061828613e+01
8.454651451110839844e+01
9.164880228042602539e+01
9.828416371345520020e+01
1.052647249698638916e+02
1.125048723220825195e+02
1.194087815284729004e+02
1.261344625949859619e+02
1.328039958477020264e+02
1.395108335018157959e+02
1.467493591308593750e+02
1.538720729351043701e+02
1.603901417255401611e+02
1.670662279129028320e+02
1.734397542476654053e+02
1.801624450683593750e+02
1.867692449092864990e+02
1.933498945236206055e+02
1.997464644908905029e+02
2.062958600521087646e+02
2.126328740119934082e+02
2.191957836151123047e+02
2.254671871662139893e+02
2.320944535732269287e+02
2.384610126018524170e+02
2.447560112476348877e+02
2.512969760894775391e+02
2.583336398601531982e+02
2.653909471035003662e+02
2.721042988300323486e+02
2.787388236522674561e+02
2.855170030593872070e+02
2.919653198719024658e+02
2.985007839202880859e+02
3.049141073226928711e+02
3.112463886737823486e+02
3.175430467128753662e+02
3.253465483188629150e+02
3.329854772090911865e+02
3.402779614925384521e+02
3.483966763019561768e+02
3.562017693519592285e+02
3.632752087116241455e+02
3.703967785835266113e+02
3.772891228199005127e+02
3.839435482025146484e+02
3.914806478023529053e+02
3.984739968776702881e+02
4.055809779167175293e+02
4.130807695388793945e+02
4.203229238986968994e+02
4.275605480670928955e+02
4.349050972461700439e+02
4.425599706172943115e+02
4.503140323162078857e+02
4.582530610561370850e+02
4.650556628704071045e+02
4.719134547710418701e+02
4.797670848369598389e+02
4.871030371189117432e+02
4.947153201103210449e+02
5.027386765480041504e+02
5.102779996395111084e+02
5.173853452205657959e+02
5.249602062702178955e+02
5.324488329887390137e+02
5.395214576721191406e+02
5.466435682773590088e+02
5.535659260749816895e+02
5.605069959163665771e+02
5.679770328998565674e+02
5.747458348274230957e+02
5.817850544452667236e+02
5.883267259597778320e+02
5.943939960002899170e+02
6.007201237678527832e+02
6.069785311222076416e+02
6.132941391468048096e+02
6.195520565509796143e+02
6.262911198139190674e+02
6.331954436302185059e+02
6.399364850521087646e+02
6.465880005359649658e+02
6.530991792678833008e+02
6.596370987892150879e+02
6.665983254909515381e+02
6.736454942226409912e+02
6.805660750865936279e+02
6.874237644672393799e+02
6.941919088363647461e+02
7.003840887546539307e+02
7.063899514675140381e+02
7.129601228237152100e+02
7.196869058609008789e+02
7.266018221378326416e+02
7.330170662403106689e+02
7.391352703571319580e+02
7.458568000793457031e+02
7.525090904235839844e+02
7.590140361785888672e+02
7.661392664909362793e+02
7.724763281345367432e+02
7.788492770195007324e+02
7.857378041744232178e+02
7.920877683162689209e+02
7.993009426593780518e+02
8.051645777225494385e+02
8.129487245082855225e+02
8.169992272853851318e+02
8.211182105541229248e+02
8.248048586845397949e+02
8.294139077663421631e+02
8.356141209602355957e+02
8.411596453189849854e+02
8.452542159557342529e+02
8.492213819026947021e+02
8.532381515502929688e+02
8.572882108688354492e+02
8.612904810905456543e+02
8.652742571830749512e+02
8.691361517906188965e+02
8.730129349231719971e+02
8.773848552703857422e+02
8.816965234279632568e+02
8.858149993419647217e+02
8.914542481899261475e+02
8.955797245502471924e+02
8.996597266197204590e+02
9.037650597095489502e+02
9.075333554744720459e+02
9.113146674633026123e+02
9.150427353382110596e+02
9.187411580085754395e+02
9.224864306449890137e+02
9.262306907176971436e+02
9.300066647529602051e+02
9.337053053379058838e+02
9.376348228454589844e+02
9.414252326488494873e+02
9.454240040779113770e+02
9.491320230960845947e+02
9.527918164730072021e+02
9.565966649055480957e+02
9.605361266136169434e+02
9.645563235282897949e+02
9.688535020351409912e+02
9.727762014865875244e+02
9.765958671569824219e+02
9.803450882434844971e+02
9.851276614665985107e+02
9.894947996139526367e+02
9.937640576362609863e+02
9.974239585399627686e+02
1.001248599529266357e+03
1.005064275979995728e+03
1.010531235933303833e+03
1.014672371625900269e+03
1.019042043209075928e+03
1.023203015804290771e+03
1.026930479764938354e+03
1.030581300973892212e+03
1.034312710523605347e+03
1.038301851034164429e+03
1.042193723440170288e+03
1.046092927932739258e+03
1.050126764774322510e+03
1.054419976234436035e+03
1.058640977144241333e+03
1.062755902767181396e+03
1.067272113800048828e+03
1.071650726795196533e+03
1.075716243028640747e+03
1.079869487047195435e+03
1.084102975606918335e+03
1.088456637382507324e+03
1.092654096603393555e+03
1.096616166353225708e+03
1.100470339298248291e+03
1.104361051082611084e+03
1.108713145017623901e+03
1.112502976894378662e+03
1.116014295816421509e+03
1.119948272943496704e+03
1.123821177244186401e+03
1.127531373977661133e+03
1.131404859304428101e+03
1.135244718074798584e+03
