3.239303588867187500e+00
4.378614902496337891e+00
5.523428678512573242e+00
6.720280647277832031e+00
7.895615816116333008e+00
9.114983320236206055e+00
1.029182052612304688e+01
1.143513369560241699e+01
1.257094192504882812e+01
1.370024490356445312e+01
1.483455157279968262e+01
1.596735739707946777e+01
1.710416579246520996e+01
1.825198268890380859e+01
1.939079260826110840e+01
2.052560043334960938e+01
2.166190814971923828e+01
2.279571437835693359e+01
2.393455386161804199e+01
2.507486510276794434e+01
2.622318172454833984e+01
2.736949729919433594e+01
2.851030802726745605e+01
2.965812516212463379e+01
3.078942990303039551e+01
3.193474459648132324e+01
3.307055258750915527e+01
3.420636034011840820e+01
3.535467696189880371e+01
3.649849128723144531e+01
3.764230418205261230e+01
3.879212212562561035e+01
3.993643593788146973e+01
4.107674717903137207e+01
4.222206211090087891e+01
4.337488174438476562e+01
4.453620839118957520e+01
4.568452525138854980e+01
4.683934617042541504e+01
4.799016523361206055e+01
4.912697362899780273e+01
5.028429651260375977e+01
5.142410826683044434e+01
5.256992244720458984e+01
5.372024106979370117e+01
5.487055897712707520e+01
5.601987648010253906e+01
5.717319679260253906e+01
5.832151341438293457e+01
5.946532726287841797e+01
6.061764669418334961e+01
6.177847290039062500e+01
6.294380164146423340e+01
6.411213231086730957e+01
6.526195001602172852e+01
6.641927504539489746e+01
6.757009243965148926e+01
6.871590733528137207e+01
6.987673282623291016e+01
7.103805947303771973e+01
7.218537497520446777e+01
7.333369183540344238e+01
7.453354549407958984e+01
7.575591492652893066e+01
7.701280951499938965e+01
7.829472112655639648e+01
7.954261016845703125e+01
8.093710017204284668e+01
8.219749736785888672e+01
8.359349012374877930e+01
8.485588788986206055e+01
8.614530563354492188e+01
8.736967730522155762e+01
8.853400421142578125e+01
8.971384358406066895e+01
9.097223877906799316e+01
9.214457225799560547e+01
9.332991552352905273e+01
9.451776099205017090e+01
9.570010232925415039e+01
9.689549779891967773e+01
9.808984684944152832e+01
9.928169488906860352e+01
1.005275814533233643e+02
1.017144258022308350e+02
1.028992683887481689e+02
1.040610940456390381e+02
1.052289249897003174e+02
1.063827471733093262e+02
1.075375673770904541e+02
1.086968922615051270e+02
1.098527145385742188e+02
1.110065357685089111e+02
1.121663599014282227e+02
1.133391945362091064e+02
1.145015211105346680e+02
1.156663494110107422e+02
1.168306777477264404e+02
1.179960064888000488e+02
1.191658389568328857e+02
1.203421754837036133e+02
1.215405280590057373e+02
1.227033548355102539e+02
1.238781905174255371e+02
1.250700390338897705e+02
1.262633872032165527e+02
1.276083443164825439e+02
1.288096985816955566e+02
1.299860355854034424e+02
1.311568684577941895e+02
1.323412108421325684e+02
1.335060396194458008e+02
1.346678655147552490e+02
1.358757245540618896e+02
1.371146059036254883e+02
1.383604929447174072e+02
1.395458354949951172e+02
1.407576422691345215e+02
1.419429850578308105e+02
1.431068139076232910e+02
1.442690310478210449e+02
1.454691712856292725e+02
1.467118964195251465e+02
1.479657881259918213e+02
1.491681437492370605e+02
1.503199629783630371e+02
1.514732830524444580e+02
1.526266038417816162e+02
1.538139486312866211e+02
1.550042948722839355e+02
1.561851348876953125e+02
1.573529651165008545e+02
1.585528185367584229e+02
1.596961321830749512e+02
1.608539559841156006e+02
1.620007715225219727e+02
1.631485879421234131e+02
1.643119156360626221e+02
1.654577305316925049e+02
1.666180560588836670e+02
1.677883882522583008e+02
1.690157618522644043e+02
1.702041060924530029e+02
1.713709361553192139e+02
1.725397682189941406e+02
1.737911581993103027e+02
1.750320408344268799e+02
1.762328956127166748e+02
1.774222412109375000e+02
1.786361041069030762e+02
1.799740569591522217e+02
1.811659083366394043e+02
1.823582513332366943e+02
1.835736167430877686e+02
1.847664649486541748e+02
1.860078477859497070e+02
1.871751778125762939e+02
1.883775341510772705e+02
1.895693824291229248e+02
1.907857468128204346e+02
1.919520759582519531e+02
1.931199064254760742e+02
1.943167579174041748e+02
1.955431306362152100e+02
1.967354781627655029e+02
1.978908011913299561e+02
1.990871515274047852e+02
2.002574839591979980e+02
2.015223834514617920e+02
2.028263115882873535e+02
2.040626907348632812e+02
2.052785553932189941e+02
2.064669003486633301e+02
2.076292273998260498e+02
2.088721117973327637e+02
2.100369415283203125e+02
2.112142777442932129e+02
2.123981206417083740e+02
2.135774583816528320e+02
2.147623019218444824e+02
2.159236276149749756e+02
2.170869555473327637e+02
2.182442781925201416e+02
2.194161124229431152e+02
2.205834422111511230e+02
2.217652826309204102e+02
2.229801471233367920e+02
2.241684923171997070e+02
2.253538351058959961e+02
2.265366766452789307e+02
2.277485389709472656e+02
2.289994287490844727e+02
2.301652579307556152e+02
2.313430957794189453e+02
2.325579590797424316e+02
2.337458043098449707e+02
2.349286460876464844e+02
2.361194925308227539e+02
2.373328559398651123e+02
2.385252053737640381e+02
