1.690367609262466431e-02
1.583042740821838379e-02
1.663536392152309418e-02
1.690367609262466431e-02
2.039173617959022522e-02
1.770861446857452393e-02
1.770861446857452393e-02
1.931848749518394470e-02
1.609873957931995392e-02
1.797692477703094482e-02
1.422055345028638840e-02
1.905017532408237457e-02
2.039173617959022522e-02
1.931848749518394470e-02
1.744030043482780457e-02
1.824523881077766418e-02
1.824523694813251495e-02
1.770861446857452393e-02
1.878186315298080444e-02
1.824523881077766418e-02
1.717198826372623444e-02
1.824523508548736572e-02
1.744030229747295380e-02
1.636705175042152405e-02
1.744030043482780457e-02
2.066005021333694458e-02
1.529380306601524353e-02
1.851355098187923431e-02
1.797692477703094482e-02
1.422055251896381378e-02
1.985511183738708496e-02
1.931848749518394470e-02
1.797692291438579559e-02
1.797692663967609406e-02
1.609873771667480469e-02
1.609873771667480469e-02
1.663536392152309418e-02
1.824523694813251495e-02
1.851354911923408508e-02
2.280654758214950562e-02
2.495304681360721588e-02
3.246578946709632874e-02
3.917359560728073120e-02
5.419908836483955383e-02
6.600482761859893799e-02
7.485913485288619995e-02
8.156694471836090088e-02
8.961630612611770630e-02
9.927555918693542480e-02
1.210088580846786499e-01
1.349611133337020874e-01
1.507915258407592773e-01
1.762811839580535889e-01
1.980144828557968140e-01
2.119667232036590576e-01
2.237724810838699341e-01
2.460424005985260010e-01
2.645559608936309814e-01
2.755567431449890137e-01
2.927287518978118896e-01
3.058760464191436768e-01
3.230480253696441650e-01
3.437080383300781250e-01
3.394151031970977783e-01
3.557821214199066162e-01
3.708075881004333496e-01
3.775154352188110352e-01
3.842232227325439453e-01
3.890528380870819092e-01
3.995170593261718750e-01
4.094446301460266113e-01
4.298363327980041504e-01
4.319828152656555176e-01
4.196404218673706055e-01
4.459350705146789551e-01
4.539844691753387451e-01
4.636436700820922852e-01
4.553260207176208496e-01
4.665951430797576904e-01
4.714247286319732666e-01
4.700831770896911621e-01
4.810839891433715820e-01
4.786691665649414062e-01
4.955728650093078613e-01
4.939630031585693359e-01
5.036222338676452637e-01
5.012074112892150879e-01
5.122082233428955078e-01
5.068419575691223145e-01
5.049637556076049805e-01
5.173061490058898926e-01
5.258921384811401367e-01
5.256238579750061035e-01
5.293802022933959961e-01
5.344781279563903809e-01
5.296485424041748047e-01
5.535283088684082031e-01
5.462839007377624512e-01
5.470888614654541016e-01
5.570163726806640625e-01
5.529916882514953613e-01
5.596995353698730469e-01
5.594311952590942383e-01
5.626509189605712891e-01
5.623825788497924805e-01
5.642608404159545898e-01
5.564796924591064453e-01
5.806278586387634277e-01
5.685538053512573242e-01
5.795546174049377441e-01
5.760665535926818848e-01
5.741883516311645508e-01
5.825060606002807617e-01
5.779447555541992188e-01
5.733834505081176758e-01
5.980681777000427246e-01
5.889455676078796387e-01
5.889456272125244141e-01
5.967266559600830078e-01
5.948484539985656738e-01
5.959216356277465820e-01
5.851892232894897461e-01
6.133619546890258789e-01
6.055809259414672852e-01
6.128252744674682617e-01
6.106788516044616699e-01
6.074591279029846191e-01
6.133619546890258789e-01
6.037027239799499512e-01
6.061175465583801270e-01
6.101422309875488281e-01
6.203381419181823730e-01
6.230211853981018066e-01
6.313388943672180176e-01
6.267776489257812500e-01
6.138986349105834961e-01
6.152400970458984375e-01
6.214113235473632812e-01
6.222162246704101562e-01
6.291924118995666504e-01
6.211429834365844727e-01
6.434128880500793457e-01
6.329487562179565430e-01
6.262409687042236328e-01
6.348270177841186523e-01
6.420713663101196289e-01
6.442179083824157715e-01
6.415347456932067871e-01
6.514623165130615234e-01
6.334854364395141602e-01
6.466327905654907227e-01
6.436812877655029297e-01
6.423397064208984375e-01
6.342903375625610352e-01
6.412664651870727539e-01
6.506574153900146484e-01
6.396566033363342285e-01
6.479743123054504395e-01
6.415348052978515625e-01
6.605849266052246094e-01
6.482425928115844727e-01
6.552187204360961914e-01
6.640730500221252441e-01
6.538771390914916992e-01
6.487792134284973145e-01
6.498525142669677734e-01
6.522672772407531738e-01
6.509256958961486816e-01
6.616582274436950684e-01
6.533405184745788574e-01
6.546820402145385742e-01
6.560236215591430664e-01
6.675611138343811035e-01
6.672927737236022949e-01
6.670244932174682617e-01
6.530722379684448242e-01
6.675610542297363281e-01
6.782935857772827148e-01
6.624631881713867188e-01
6.619265079498291016e-01
6.670244932174682617e-01
6.758787631988525391e-01
6.635364294052124023e-01
6.758787631988525391e-01
6.629998087882995605e-01
6.675611138343811035e-01
6.788302659988403320e-01
6.659511923789978027e-01
6.758787631988525391e-01
6.737322807312011719e-01
6.683660745620727539e-01
6.729273200035095215e-01
6.745371818542480469e-01
6.713174581527709961e-01
6.766837239265441895e-01
6.809767484664916992e-01
6.817816495895385742e-01
6.825865507125854492e-01
6.825865507125854492e-01
6.756104826927185059e-01
