1.824523694813251495e-02
1.395223941653966904e-02
1.824523694813251495e-02
1.985511183738708496e-02
1.448886469006538391e-02
1.422055251896381378e-02
1.475717592984437943e-02
2.039173804223537445e-02
1.690367609262466431e-02
1.690367609262466431e-02
2.092836424708366394e-02
1.690367609262466431e-02
1.931848749518394470e-02
1.502549089491367340e-02
1.824523694813251495e-02
2.092836052179336548e-02
1.905017532408237457e-02
1.636705175042152405e-02
2.173329889774322510e-02
1.663536392152309418e-02
2.200161106884479523e-02
1.958679966628551483e-02
1.985511183738708496e-02
1.663536392152309418e-02
1.824523881077766418e-02
1.690367609262466431e-02
1.824523694813251495e-02
1.824523694813251495e-02
1.931848749518394470e-02
1.744030043482780457e-02
1.851354911923408508e-02
1.770861260592937469e-02
1.851354911923408508e-02
2.226992323994636536e-02
2.441642060875892639e-02
2.387979812920093536e-02
2.012342400848865509e-02
2.683123201131820679e-02
3.327072411775588989e-02
3.702710196375846863e-02
4.614971950650215149e-02
5.071102827787399292e-02
6.841964274644851685e-02
8.156694471836090088e-02
8.505500853061676025e-02
1.030319258570671082e-01
1.226187348365783691e-01
1.419372111558914185e-01
1.658170223236083984e-01
1.837939321994781494e-01
2.095519006252288818e-01
2.253823280334472656e-01
2.532868087291717529e-01
2.530185282230377197e-01
2.658975124359130859e-01
2.736785709857940674e-01
2.975583374500274658e-01
3.174134492874145508e-01
3.128521442413330078e-01
3.345854580402374268e-01
3.391467332839965820e-01
3.598068058490753174e-01
3.619532883167266846e-01
3.767104744911193848e-01
3.914676904678344727e-01
3.844915330410003662e-01
4.075664281845092773e-01
4.019318222999572754e-01
4.244700968265533447e-01
4.145425558090209961e-01
4.156157672405242920e-01
4.386906623840332031e-01
4.491548240184783936e-01
4.440568983554840088e-01
4.478132426738739014e-01
4.625704288482666016e-01
4.472766518592834473e-01
4.612288475036621094e-01
4.641803503036499023e-01
4.741078615188598633e-01
4.727663099765777588e-01
4.861819148063659668e-01
4.923530817031860352e-01
4.990609288215637207e-01
4.985242784023284912e-01
5.017440319061279297e-01
4.995975196361541748e-01
5.119398832321166992e-01
5.116716027259826660e-01
5.081835389137268066e-01
5.130131840705871582e-01
5.309901237487792969e-01
5.277703404426574707e-01
5.331366062164306641e-01
5.272337198257446289e-01
5.358197093009948730e-01
5.441374182701110840e-01
5.497720241546630859e-01
5.422592163085937500e-01
5.366246104240417480e-01
5.495036244392395020e-01
5.647974014282226562e-01
5.409176349639892578e-01
5.489670038223266602e-01
5.666756033897399902e-01
5.658706426620483398e-01
5.623826384544372559e-01
5.685538053512573242e-01
5.677489042282104492e-01
5.690904259681701660e-01
5.741884112358093262e-01
5.723102092742919922e-01
5.712369680404663086e-01
5.819694399833679199e-01
5.787496566772460938e-01
5.948484539985656738e-01
5.814328193664550781e-01
5.854574441909790039e-01
5.956533551216125488e-01
6.007512807846069336e-01
6.050442457199096680e-01
5.851891636848449707e-01
6.012879610061645508e-01
6.066541671752929688e-01
5.986047983169555664e-01
6.058492660522460938e-01
6.144351959228515625e-01
5.999463796615600586e-01
6.063858270645141602e-01
6.004830002784729004e-01
6.144352555274963379e-01
6.082640290260314941e-01
6.286557912826538086e-01
6.155084371566772461e-01
6.246311068534851074e-01
6.195331811904907227e-01
6.235578060150146484e-01
6.232895255088806152e-01
6.262409687042236328e-01
6.283874511718750000e-01
6.294607520103454590e-01
6.286557912826538086e-01
6.334853768348693848e-01
6.334854364395141602e-01
6.275825500488281250e-01
6.297290325164794922e-01
6.329488158226013184e-01
6.345587372779846191e-01
6.407297849655151367e-01
6.332171559333801270e-01
6.302657127380371094e-01
6.509256958961486816e-01
6.342903375625610352e-01
6.444861888885498047e-01
6.375101208686828613e-01
6.383150815963745117e-01
6.458277702331542969e-01
6.560236215591430664e-01
6.401932239532470703e-01
6.490474939346313477e-01
6.533405780792236328e-01
6.404615640640258789e-01
6.541454792022705078e-01
6.573652029037475586e-01
6.576335430145263672e-01
6.576334834098815918e-01
6.613898873329162598e-01
6.522672772407531738e-01
6.621948480606079102e-01
6.629997491836547852e-01
6.608532667160034180e-01
6.584384441375732422e-01
6.600483655929565430e-01
6.519989371299743652e-01
6.632680892944335938e-01
6.646096110343933105e-01
6.643413305282592773e-01
6.656829118728637695e-01
6.584384441375732422e-01
6.533404588699340820e-01
6.699758768081665039e-01
6.629997491836547852e-01
6.697075366973876953e-01
6.654145717620849609e-01
6.777569055557250977e-01
6.718540787696838379e-01
6.731956601142883301e-01
6.648780107498168945e-01
6.662195324897766113e-01
6.772202849388122559e-01
6.718540787696838379e-01
6.788302063941955566e-01
6.740006208419799805e-01
6.646096706390380859e-01
6.852697134017944336e-01
6.769520640373229980e-01
6.823182106018066406e-01
6.785618662834167480e-01
6.804401278495788574e-01
6.758787631988525391e-01
