1.388517379760742188e+00
2.589371442794799805e+00
3.794229030609130859e+00
4.998084306716918945e+00
6.210947513580322266e+00
7.404296398162841797e+00
8.647152423858642578e+00
9.876527309417724609e+00
1.107738113403320312e+01
1.231225991249084473e+01
1.351611542701721191e+01
1.473198103904724121e+01
1.594334220886230469e+01
1.715070128440856934e+01
1.835005474090576172e+01
1.955391120910644531e+01
2.075026154518127441e+01
2.199814987182617188e+01
2.332686734199523926e+01
2.453072357177734375e+01
2.575509405136108398e+01
2.709500956535339355e+01
2.829986619949340820e+01
2.951523089408874512e+01
3.072659301757812500e+01
3.193995523452758789e+01
3.314381170272827148e+01
3.435917615890502930e+01
3.557153987884521484e+01
3.676588821411132812e+01
3.796874380111694336e+01
3.920662426948547363e+01
4.041648507118225098e+01
4.164135622978210449e+01
4.284871506690979004e+01
4.405307245254516602e+01
4.527944397926330566e+01
4.649180698394775391e+01
4.776120948791503906e+01
4.895856142044067383e+01
5.016642045974731445e+01
5.144683122634887695e+01
5.266819977760314941e+01
5.387655901908874512e+01
5.517098093032836914e+01
5.640535855293273926e+01
5.761922121047973633e+01
5.882808113098144531e+01
6.012950706481933594e+01
6.139490747451782227e+01
6.260176563262939453e+01
6.383314156532287598e+01
6.505250859260559082e+01
6.630640077590942383e+01
6.759932112693786621e+01
6.890224695205688477e+01
7.011661052703857422e+01
7.137400531768798828e+01
7.258586740493774414e+01
7.380473446846008301e+01
7.502460193634033203e+01
7.629100322723388672e+01
7.750686764717102051e+01
7.873374128341674805e+01
7.998863315582275391e+01
8.130807137489318848e+01
8.251893281936645508e+01
8.373529815673828125e+01
8.494916152954101562e+01
8.616452693939208984e+01
8.737788987159729004e+01
8.860476207733154297e+01
8.983913969993591309e+01
9.106000852584838867e+01
9.232290649414062500e+01
9.353176593780517578e+01
9.477014803886413574e+01
9.599451804161071777e+01
9.721688890457153320e+01
9.842274522781372070e+01
9.963610887527465820e+01
1.009625520706176758e+02
1.021764156818389893e+02
1.033942813873291016e+02
1.046161513328552246e+02
1.059370906352996826e+02
1.071739706993103027e+02
1.084198560714721680e+02
1.096592383384704590e+02
1.109021224975585938e+02
1.121354997158050537e+02
1.133528654575347900e+02
1.145767362117767334e+02
1.158191204071044922e+02
1.170469934940338135e+02
1.182878761291503906e+02
1.195762922763824463e+02
1.207933950424194336e+02
1.220237696170806885e+02
1.232541456222534180e+02
1.244935274124145508e+02
1.257394125461578369e+02
1.270325522422790527e+02
1.283109617233276367e+02
1.295298280715942383e+02
1.307687098979949951e+02
1.320251033306121826e+02
1.332584810256958008e+02
1.345338876247406006e+02
1.357917823791503906e+02
1.370601851940155029e+02
1.383155784606933594e+02
1.395469534397125244e+02
1.407743270397186279e+02
1.420032095909118652e+02
1.433231484889984131e+02
1.445525226593017578e+02
1.458024117946624756e+02
1.470352888107299805e+02
1.482951860427856445e+02
1.497422144412994385e+02
1.509981074333190918e+02
1.522213611602783203e+02
1.536859033107757568e+02
1.549257853031158447e+02
1.561616637706756592e+02
1.574240622520446777e+02
1.586629433631896973e+02
1.598843123912811279e+02
1.611251947879791260e+02
1.623590719699859619e+02
1.636324787139892578e+02
1.648818666934967041e+02
1.661262679100036621e+02
1.673966715335845947e+02
1.686605706214904785e+02
1.699604954719543457e+02
1.712469100952148438e+02
1.725328254699707031e+02
1.738092329502105713e+02
1.750696296691894531e+02
1.763005044460296631e+02
1.775754117965698242e+02
1.789103612899780273e+02
1.801582491397857666e+02
1.814997031688690186e+02
1.828394787311553955e+02
1.841013762950897217e+02
1.854260921478271484e+02
1.866549656391143799e+02
1.879048552513122559e+02
1.892387824058532715e+02
1.905357048511505127e+02
1.918516407012939453e+02
1.931460621356964111e+02
1.943829421997070312e+02
1.957138879299163818e+02
1.969602746963500977e+02
1.982081632614135742e+02
1.994470436573028564e+02
2.008410356044769287e+02
2.020694098472595215e+02
2.033147945404052734e+02
2.046097161769866943e+02
2.059016354084014893e+02
2.071370134353637695e+02
2.083723921775817871e+02
2.096222820281982422e+02
2.108686738014221191e+02
2.121475782394409180e+02
2.133919634819030762e+02
2.146503582000732422e+02
2.160228343009948730e+02
2.172997426986694336e+02
2.186281878948211670e+02
2.199025938510894775e+02
2.211574866771697998e+02
2.223808572292327881e+02
2.236512601375579834e+02
2.249491901397705078e+02
2.262065856456756592e+02
2.275715563297271729e+02
2.288414590358734131e+02
2.300878458023071289e+02
2.313262262344360352e+02
2.326386597156524658e+02
2.338895502090454102e+02
2.351569509506225586e+02
2.364133450984954834e+02
2.376897625923156738e+02
2.389531610012054443e+02
2.402040507793426514e+02
2.415069777965545654e+02
2.428399260044097900e+02
2.440708012580871582e+02
2.453186893463134766e+02
2.465605726242065430e+02
2.478189678192138672e+02
2.490868701934814453e+02
2.503963007926940918e+02
