2.547812938690185547e+00
3.686123371124267578e+00
4.817426919937133789e+00
5.939725399017333984e+00
7.071530580520629883e+00
8.202835321426391602e+00
9.334641456604003906e+00
1.045693898200988770e+01
1.158424019813537598e+01
1.271354365348815918e+01
1.384334754943847656e+01
1.499016308784484863e+01
1.612947368621826172e+01
1.729212975502014160e+01
1.845818495750427246e+01
1.959749531745910645e+01
2.077032947540283203e+01
2.196067619323730469e+01
2.316503334045410156e+01
2.434587240219116211e+01
2.549819326400756836e+01
2.664550876617431641e+01
2.782084417343139648e+01
2.901769614219665527e+01
3.026508378982543945e+01
3.146243524551391602e+01
3.265328240394592285e+01
3.385532402992248535e+01
3.503666377067565918e+01
3.626504898071289062e+01
3.740386867523193359e+01
3.854618096351623535e+01
3.968098855018615723e+01
4.081579518318176270e+01
4.195910859107971191e+01
4.310042071342468262e+01
4.424773669242858887e+01
4.539355134963989258e+01
4.662542772293090820e+01
4.789483118057250977e+01
4.916352629661560059e+01
5.037088489532470703e+01
5.152370452880859375e+01
5.267152142524719238e+01
5.382284021377563477e+01
5.496615362167358398e+01
5.617251157760620117e+01
5.735985589027404785e+01
5.855520677566528320e+01
5.976957011222839355e+01
6.095441341400146484e+01
6.211273717880249023e+01
6.326205444335937500e+01
6.440937042236328125e+01
6.556569290161132812e+01
6.674603271484375000e+01
6.791336297988891602e+01
6.907118630409240723e+01
7.025352764129638672e+01
7.140584754943847656e+01
7.258268451690673828e+01
7.375451755523681641e+01
7.492635178565979004e+01
7.610118699073791504e+01
7.727853155136108398e+01
7.851891493797302246e+01
7.968374276161193848e+01
8.083406090736389160e+01
8.198087668418884277e+01
8.313970088958740234e+01
8.429101943969726562e+01
8.543783617019653320e+01
8.658765387535095215e+01
8.775548386573791504e+01
8.893012046813964844e+01
9.011046004295349121e+01
9.140638232231140137e+01
9.268667960166931152e+01
9.397259402275085449e+01
9.638480973243713379e+01
9.753963088989257812e+01
9.877350831031799316e+01
9.994634294509887695e+01
1.011311860084533691e+02
1.023240346908569336e+02
1.035639181137084961e+02
1.048988661766052246e+02
1.061077284812927246e+02
1.074466791152954102e+02
1.089002122879028320e+02
1.102351622581481934e+02
1.114870524406433105e+02
1.128720371723175049e+02
1.141066720485687256e+02
1.154386196136474609e+02
1.169096653461456299e+02
1.183016557693481445e+02
1.195635535717010498e+02
1.208809900283813477e+02
1.221619019508361816e+02
1.235348784923553467e+02
1.247487418651580811e+02
1.259323489665985107e+02
1.271362035274505615e+02
1.283595745563507080e+02
1.296409859657287598e+02
1.309216740131378174e+02
1.321030144691467285e+02
1.332903587818145752e+02
1.344927504062652588e+02
1.358081858158111572e+02
1.370295546054840088e+02
1.382224032878875732e+02
1.394447731971740723e+02
1.406651413440704346e+02
1.419338164329528809e+02
1.432072217464447021e+02
1.444606411457061768e+02
1.456879861354827881e+02
1.468884153366088867e+02
1.480892696380615234e+02
1.492971289157867432e+02
1.506390831470489502e+02
1.518869707584381104e+02
1.531919000148773193e+02
1.543987576961517334e+02
1.556381397247314453e+02
1.568600091934204102e+02
1.580983891487121582e+02
1.592902369499206543e+02
1.606757223606109619e+02
1.618808939456939697e+02
1.630972597599029541e+02
1.643216304779052734e+02
1.655905320644378662e+02
1.667948892116546631e+02
1.680177593231201172e+02
1.692624349594116211e+02
1.705638616085052490e+02
1.717572093009948730e+02
1.729740748405456543e+02
1.742069520950317383e+02
1.754247577190399170e+02
1.767141728401184082e+02
1.779430470466613770e+02
1.792553296089172363e+02
1.804491789340972900e+02
1.816899635791778564e+02
1.829373683929443359e+02
1.841387221813201904e+02
1.853771026134490967e+02
1.866097450256347656e+02
1.878025927543640137e+02
1.890179576873779297e+02
1.902183115482330322e+02
1.914206669330596924e+02
1.926380407810211182e+02
1.939059348106384277e+02
1.952303764820098877e+02
1.965303015708923340e+02
1.978297259807586670e+02
1.991381571292877197e+02
2.004160654544830322e+02
2.016929738521575928e+02
2.029178447723388672e+02
2.040911793708801270e+02
2.053015403747558594e+02
2.065109012126922607e+02
2.076981029510498047e+02
2.088779430389404297e+02
2.100923058986663818e+02
2.112681429386138916e+02
2.124339711666107178e+02
2.136333246231079102e+02
2.148366804122924805e+02
2.160210230350494385e+02
2.171838648319244385e+02
2.183601872920989990e+02
2.195535356998443604e+02
2.207482151985168457e+02
2.219340586662292480e+02
2.231744408607482910e+02
2.243843019008636475e+02
2.256627109050750732e+02
2.268785753250122070e+02
2.280859346389770508e+02
2.293428299427032471e+02
2.305561921596527100e+02
2.317410347461700439e+02
2.329323823451995850e+02
2.341717634201049805e+02
2.354071431159973145e+02
2.366655373573303223e+02
2.379484498500823975e+02
2.391322917938232422e+02
2.403666710853576660e+02
2.415605199337005615e+02
2.427703797817230225e+02
2.439747364521026611e+02
2.451555767059326172e+02
