1.740558259189128876e-02
2.167487516999244690e-02
1.871921122074127197e-02
1.477832533419132233e-02
2.167487703263759613e-02
1.083743758499622345e-02
1.379310339689254761e-02
1.576354727149009705e-02
1.740558259189128876e-02
2.233169227838516235e-02
2.036124840378761292e-02
1.839080639183521271e-02
1.970443129539489746e-02
1.937602646648883820e-02
1.576354727149009705e-02
1.839080452919006348e-02
1.642036065459251404e-02
1.904761791229248047e-02
1.839080452919006348e-02
2.003284171223640442e-02
1.740558259189128876e-02
1.904761977493762970e-02
2.101806178689002991e-02
2.134647034108638763e-02
1.937602646648883820e-02
2.101806364953517914e-02
2.857142873108386993e-02
2.660098485648632050e-02
2.495894953608512878e-02
3.218390792608261108e-02
2.758620865643024445e-02
3.448275849223136902e-02
3.546798229217529297e-02
3.021346405148506165e-02
3.842364251613616943e-02
4.794745519757270813e-02
4.466338083148002625e-02
4.532019793987274170e-02
4.991789907217025757e-02
4.334975406527519226e-02
5.155993625521659851e-02
5.287356674671173096e-02
6.403940916061401367e-02
6.042692810297012329e-02
6.239737197756767273e-02
6.239737197756767273e-02
6.305418908596038818e-02
6.896551698446273804e-02
7.619047909975051880e-02
7.717569917440414429e-02
8.045976608991622925e-02
7.224959135055541992e-02
8.965516835451126099e-02
8.932676166296005249e-02
9.523809701204299927e-02
9.622331708669662476e-02
1.008210256695747375e-01
9.852217137813568115e-02
9.589490294456481934e-02
1.018062308430671692e-01
1.139573007822036743e-01
1.129720807075500488e-01
1.274220049381256104e-01
1.169129684567451477e-01
1.162561550736427307e-01
1.405582875013351440e-01
1.353037804365158081e-01
1.392446607351303101e-01
1.369458138942718506e-01
1.540229767560958862e-01
1.615763604640960693e-01
1.612479537725448608e-01
1.556650400161743164e-01
1.848932653665542603e-01
1.865352988243103027e-01
1.921182274818420410e-01
2.019704580307006836e-01
2.059113383293151855e-01
2.022988349199295044e-01
2.170771807432174683e-01
2.275861948728561401e-01
2.144499123096466064e-01
2.354679852724075317e-01
2.390804588794708252e-01
2.394088506698608398e-01
2.479474544525146484e-01
2.469622194766998291e-01
2.489326745271682739e-01
2.614121437072753906e-01
2.614121437072753906e-01
2.768472731113433838e-01
2.591132819652557373e-01
2.775040864944458008e-01
2.807881832122802734e-01
2.765188813209533691e-01
2.876847386360168457e-01
2.962233126163482666e-01
2.968801259994506836e-01
3.034482598304748535e-01
3.037766814231872559e-01
2.949096858501434326e-01
3.162561655044555664e-01
3.100163936614990234e-01
3.257799446582794189e-01
3.221674561500549316e-01
3.297208547592163086e-01
3.399015069007873535e-01
3.326765000820159912e-01
3.517240881919860840e-01
3.408867120742797852e-01
3.517241179943084717e-01
3.622331619262695312e-01
3.638752102851867676e-01
3.415434956550598145e-01
3.540230095386505127e-01
3.536945581436157227e-01
3.737273812294006348e-01
3.802955150604248047e-01
3.812807798385620117e-01
3.796387314796447754e-01
3.750410377979278564e-01
3.881773054599761963e-01
3.881773054599761963e-01
3.799671232700347900e-01
4.006567895412445068e-01
3.940886557102203369e-01
4.003283977508544922e-01
3.911330103874206543e-01
4.049260914325714111e-01
4.003283977508544922e-01
4.045976996421813965e-01
4.108374118804931641e-01
4.078817665576934814e-01
4.177339673042297363e-01
4.177339673042297363e-01
4.105089902877807617e-01
4.154351353645324707e-01
4.266009628772735596e-01
4.367815852165222168e-01
4.374383985996246338e-01
4.348111152648925781e-01
4.137930572032928467e-01
4.318554699420928955e-01
4.387519955635070801e-01
4.525451064109802246e-01
4.371100068092346191e-01
4.344826936721801758e-01
4.384236037731170654e-01
4.410508573055267334e-01
4.532019495964050293e-01
4.577996134757995605e-01
4.495894610881805420e-01
4.525451064109802246e-01
4.525451064109802246e-01
4.555007815361022949e-01
4.683086574077606201e-01
4.591132402420043945e-01
4.683086872100830078e-01
4.686370790004730225e-01
4.952380955219268799e-01
4.712643623352050781e-01
4.748767912387847900e-01
4.735631942749023438e-01
4.814449548721313477e-01
4.768472611904144287e-01
4.798029363155364990e-01
4.883415102958679199e-01
4.896551370620727539e-01
4.847290515899658203e-01
4.909687936305999756e-01
4.912971854209899902e-01
4.847289919853210449e-01
5.054186582565307617e-01
4.866994917392730713e-01
4.952380955219268799e-01
4.814449846744537354e-01
4.972085058689117432e-01
5.018061995506286621e-01
4.985221326351165771e-01
5.054186582565307617e-01
5.126436948776245117e-01
5.083743333816528320e-01
4.998357892036437988e-01
5.100163817405700684e-01
5.162560939788818359e-01
5.067323446273803711e-01
5.037766098976135254e-01
5.208538174629211426e-01
5.021346211433410645e-01
5.277503728866577148e-01
5.175697803497314453e-01
5.300492048263549805e-01
5.293923616409301758e-01
5.175697207450866699e-01
5.195401906967163086e-01
5.284071564674377441e-01
5.221674442291259766e-01
5.211822390556335449e-01
5.287355780601501465e-01
5.343185067176818848e-01
