1.740558445453643799e-02
1.346469670534133911e-02
1.839080639183521271e-02
1.477832533419132233e-02
1.609195396304130554e-02
1.379310339689254761e-02
1.510673202574253082e-02
1.444991864264011383e-02
1.871921122074127197e-02
1.871921308338642120e-02
1.740558259189128876e-02
1.576354727149009705e-02
1.642036065459251404e-02
1.674877107143402100e-02
1.642036251723766327e-02
1.609195396304130554e-02
1.871921122074127197e-02
1.576354727149009705e-02
2.167487703263759613e-02
2.036124840378761292e-02
2.134647034108638763e-02
1.871921308338642120e-02
1.904761977493762970e-02
2.528735436499118805e-02
2.036124840378761292e-02
2.725780196487903595e-02
2.036124654114246368e-02
2.528735622763633728e-02
2.627257630228996277e-02
3.087027929723262787e-02
3.940887004137039185e-02
3.448275849223136902e-02
3.875205293297767639e-02
4.039409011602401733e-02
4.696223512291908264e-02
4.991789907217025757e-02
5.451560020446777344e-02
5.287356302142143250e-02
6.174055486917495728e-02
5.550082027912139893e-02
5.911330133676528931e-02
6.436781585216522217e-02
6.338259577751159668e-02
6.469622254371643066e-02
6.732348352670669556e-02
7.126436382532119751e-02
7.750409841537475586e-02
8.604269474744796753e-02
8.308702707290649414e-02
9.490968286991119385e-02
8.604268729686737061e-02
1.047619059681892395e-01
1.047618985176086426e-01
1.041050851345062256e-01
1.083743944764137268e-01
1.241379305720329285e-01
1.149425283074378967e-01
1.201970502734184265e-01
1.155993416905403137e-01
1.346469670534133911e-01
1.238095164299011230e-01
1.444991827011108398e-01
1.464696228504180908e-01
1.576354652643203735e-01
1.642036139965057373e-01
1.776683032512664795e-01
1.747126281261444092e-01
1.773398965597152710e-01
1.799671500921249390e-01
1.931034475564956665e-01
1.812807917594909668e-01
2.003284245729446411e-01
1.973727196455001831e-01
1.993432044982910156e-01
2.124794721603393555e-01
2.384236454963684082e-01
2.183908075094223022e-01
2.311986982822418213e-01
2.413792908191680908e-01
2.334975302219390869e-01
2.571428716182708740e-01
2.436781674623489380e-01
2.660098373889923096e-01
2.600985169410705566e-01
2.574712634086608887e-01
2.679803073406219482e-01
2.811165750026702881e-01
2.866995036602020264e-01
2.926108539104461670e-01
2.919540405273437500e-01
2.893267273902893066e-01
3.080459833145141602e-01
3.083743751049041748e-01
2.916255891323089600e-01
3.110016286373138428e-01
3.096879720687866211e-01
3.149425387382507324e-01
3.228242993354797363e-01
3.152709305286407471e-01
3.280788064002990723e-01
3.356321752071380615e-01
3.431855440139770508e-01
3.389162123203277588e-01
3.415434956550598145e-01
3.504104912281036377e-01
3.540229797363281250e-01
3.658456206321716309e-01
3.530377149581909180e-01
3.500820994377136230e-01
3.668308556079864502e-01
3.671592473983764648e-01
3.753694295883178711e-01
3.750410377979278564e-01
3.839080333709716797e-01
3.812807798385620117e-01
3.750410079956054688e-01
3.862068653106689453e-01
3.885057270526885986e-01
3.885057568550109863e-01
3.986863493919372559e-01
3.977011144161224365e-01
4.052544832229614258e-01
4.108374118804931641e-01
4.105089902877807617e-01
4.114942252635955811e-01
4.045976996421813965e-01
4.197043776512145996e-01
4.269293546676635742e-01
4.357963502407073975e-01
4.361247420310974121e-01
4.321838617324829102e-01
4.210180640220642090e-01
4.492610096931457520e-01
4.344827234745025635e-01
4.512315392494201660e-01
4.380952119827270508e-01
4.403940439224243164e-01
4.459769725799560547e-01
4.463053643703460693e-01
4.532019495964050293e-01
4.522167444229125977e-01
4.653530120849609375e-01
4.630541503429412842e-01
4.568143784999847412e-01
4.476190209388732910e-01
4.804597198963165283e-01
4.627257585525512695e-01
4.804597198963165283e-01
4.709359407424926758e-01
4.745484292507171631e-01
4.738915860652923584e-01
4.798029065132141113e-01
4.666666388511657715e-01
4.637109637260437012e-01
4.827585816383361816e-01
4.850574433803558350e-01
4.975368678569793701e-01
4.912971556186676025e-01
4.939244389533996582e-01
4.866994321346282959e-01
5.004925727844238281e-01
4.955664873123168945e-01
5.100163817405700684e-01
4.991789460182189941e-01
5.123152136802673340e-01
5.044334530830383301e-01
4.995073676109313965e-01
5.041050910949707031e-01
5.011494159698486328e-01
5.060755014419555664e-01
5.185549855232238770e-01
5.165845155715942383e-01
5.162561535835266113e-01
5.201969742774963379e-01
5.113300085067749023e-01
5.080459117889404297e-01
5.300492048263549805e-01
5.198686122894287109e-01
5.274219512939453125e-01
5.333333015441894531e-01
5.261083245277404785e-01
5.316912531852722168e-01
5.399014353752136230e-01
5.320196151733398438e-01
5.313628911972045898e-01
5.395730137825012207e-01
5.379309654235839844e-01
5.359605550765991211e-01
5.349753499031066895e-01
5.484400391578674316e-01
5.247946977615356445e-01
5.369457602500915527e-01
5.369457602500915527e-01
5.435139536857604980e-01
5.441707372665405273e-01
5.507388114929199219e-01
5.428570508956909180e-01
5.533661246299743652e-01
5.353037118911743164e-01
5.517241358757019043e-01
