1.674876920878887177e-02
1.543513964861631393e-02
1.970443315804004669e-02
1.116584613919258118e-02
1.707717403769493103e-02
1.839080452919006348e-02
1.444991771131753922e-02
1.280788052827119827e-02
1.412151008844375610e-02
1.904761791229248047e-02
1.839080452919006348e-02
2.134646847844123840e-02
1.477832533419132233e-02
1.510673109441995621e-02
1.642036065459251404e-02
1.839080266654491425e-02
1.609195396304130554e-02
1.609195396304130554e-02
1.970443129539489746e-02
1.543513964861631393e-02
1.773399114608764648e-02
1.740558259189128876e-02
2.003283798694610596e-02
2.725779823958873749e-02
2.364531904458999634e-02
2.528735436499118805e-02
1.937602646648883820e-02
2.528735622763633728e-02
2.233169227838516235e-02
2.660098485648632050e-02
3.316913172602653503e-02
3.382594138383865356e-02
2.791461348533630371e-02
3.645320236682891846e-02
3.809524327516555786e-02
3.973727300763130188e-02
3.940887004137039185e-02
4.269294068217277527e-02
3.908045962452888489e-02
4.663382470607757568e-02
4.532019421458244324e-02
5.418719351291656494e-02
5.320196971297264099e-02
5.878489464521408081e-02
5.188834294676780701e-02
6.206896156072616577e-02
6.765188276767730713e-02
6.666666269302368164e-02
7.126436382532119751e-02
7.192118465900421143e-02
7.783251255750656128e-02
7.684728503227233887e-02
7.881773263216018677e-02
7.454844564199447632e-02
9.195402264595031738e-02
9.425286948680877686e-02
9.753695130348205566e-02
9.983579814434051514e-02
1.008210182189941406e-01
1.004926040768623352e-01
1.077175661921501160e-01
1.149425283074378967e-01
1.165845617651939392e-01
1.123152673244476318e-01
1.178981959819793701e-01
1.238095164299011230e-01
1.303776651620864868e-01
1.392446607351303101e-01
1.392446607351303101e-01
1.372742056846618652e-01
1.464696228504180908e-01
1.415435075759887695e-01
1.569786518812179565e-01
1.625615656375885010e-01
1.655172407627105713e-01
1.786535233259201050e-01
1.855500787496566772e-01
1.816091984510421753e-01
1.763546913862228394e-01
1.839080452919006348e-01
2.154351472854614258e-01
2.062397450208663940e-01
2.062397450208663940e-01
2.049261182546615601e-01
2.137930989265441895e-01
2.259441763162612915e-01
2.321838885545730591e-01
2.331691235303878784e-01
2.305418848991394043e-01
2.325123250484466553e-01
2.512315213680267334e-01
2.423645257949829102e-01
2.614121735095977783e-01
2.623973786830902100e-01
2.633826136589050293e-01
2.702791392803192139e-01
2.689654827117919922e-01
2.811165750026702881e-01
2.880131304264068604e-01
2.972085177898406982e-01
2.942528724670410156e-01
2.919540405273437500e-01
2.981937527656555176e-01
2.945812940597534180e-01
3.136288821697235107e-01
2.955664992332458496e-01
3.152709305286407471e-01
3.142856955528259277e-01
3.228242993354797363e-01
3.155993223190307617e-01
3.257800042629241943e-01
3.353037536144256592e-01
3.320196866989135742e-01
3.392446637153625488e-01
3.444991707801818848e-01
3.464696109294891357e-01
3.346469402313232422e-01
3.454844057559967041e-01
3.553366065025329590e-01
3.615763485431671143e-01
3.648604154586791992e-01
3.622331321239471436e-01
3.724137842655181885e-01
3.737273812294006348e-01
3.720853328704833984e-01
3.678160905838012695e-01
3.642035722732543945e-01
3.789818882942199707e-01
3.898193240165710449e-01
3.960591256618499756e-01
3.901477456092834473e-01
3.927750289440155029e-01
3.924466073513031006e-01
3.973726928234100342e-01
3.871920704841613770e-01
4.049260914325714111e-01
4.022988379001617432e-01
4.154351055622100830e-01
3.983579277992248535e-01
4.164203405380249023e-01
4.157635271549224854e-01
4.049260914325714111e-01
4.256157279014587402e-01
4.259441196918487549e-01
4.246305227279663086e-01
4.229884743690490723e-01
4.256157577037811279e-01
4.371099770069122314e-01
4.417077004909515381e-01
4.318554401397705078e-01
4.417077004909515381e-01
4.325122833251953125e-01
4.377667903900146484e-01
4.463053643703460693e-01
4.538587629795074463e-01
4.502462744712829590e-01
4.472905993461608887e-01
4.446633458137512207e-01
4.499178528785705566e-01
4.541871845722198486e-01
4.673234224319458008e-01
4.617404937744140625e-01
4.614121317863464355e-01
4.594417214393615723e-01
4.686370491981506348e-01
4.581280946731567383e-01
4.669950306415557861e-01
4.617404639720916748e-01
4.696223139762878418e-01
4.811165630817413330e-01
4.794745445251464844e-01
4.706074893474578857e-01
4.857142269611358643e-01
4.748768210411071777e-01
4.899835586547851562e-01
4.725779891014099121e-01
4.844006001949310303e-01
4.896551668643951416e-01
4.798029363155364990e-01
4.771756529808044434e-01
4.926107823848724365e-01
4.903119206428527832e-01
4.824301600456237793e-01
4.978653192520141602e-01
4.899835288524627686e-01
4.949096441268920898e-01
4.972085356712341309e-01
4.935960471630096436e-01
5.050902962684631348e-01
5.123152136802673340e-01
5.021346211433410645e-01
4.886699318885803223e-01
5.050902366638183594e-01
5.031198263168334961e-01
5.119868516921997070e-01
5.182265043258666992e-01
5.185549855232238770e-01
5.175697207450866699e-01
5.067322850227355957e-01
5.031198263168334961e-01
