1.773399114608764648e-02
1.346469763666391373e-02
1.444991771131753922e-02
1.444991864264011383e-02
1.871921308338642120e-02
1.904761791229248047e-02
1.806239597499370575e-02
1.937602646648883820e-02
1.806239783763885498e-02
1.871921122074127197e-02
2.036124654114246368e-02
1.740558259189128876e-02
1.839080452919006348e-02
1.740558259189128876e-02
2.101806178689002991e-02
1.806239783763885498e-02
1.970443315804004669e-02
1.904761791229248047e-02
1.806239597499370575e-02
1.740558259189128876e-02
1.773399114608764648e-02
2.200328186154365540e-02
2.561576291918754578e-02
1.740558259189128876e-02
2.003284171223640442e-02
2.430213429033756256e-02
2.331691235303878784e-02
2.298850752413272858e-02
2.561576478183269501e-02
2.660098485648632050e-02
2.495894953608512878e-02
3.316912800073623657e-02
2.791461534798145294e-02
3.185550123453140259e-02
3.152709454298019409e-02
3.251231461763381958e-02
3.054187074303627014e-02
4.302134737372398376e-02
4.072249308228492737e-02
4.466338083148002625e-02
4.564860463142395020e-02
4.564860090613365173e-02
5.550082027912139893e-02
4.991789907217025757e-02
5.451559647917747498e-02
5.517240986227989197e-02
5.517241731286048889e-02
5.714286118745803833e-02
6.633825600147247314e-02
6.633825600147247314e-02
6.699507683515548706e-02
7.619047164916992188e-02
7.684729248285293579e-02
8.013136684894561768e-02
7.717569917440414429e-02
8.144499361515045166e-02
9.162560105323791504e-02
8.932676166296005249e-02
9.326764941215515137e-02
9.786535799503326416e-02
1.031198650598526001e-01
1.034482717514038086e-01
9.917896986007690430e-02
1.011494249105453491e-01
1.110016405582427979e-01
1.129720807075500488e-01
1.261083632707595825e-01
1.323481202125549316e-01
1.241379380226135254e-01
1.254515647888183594e-01
1.346469670534133911e-01
1.379310339689254761e-01
1.300492584705352783e-01
1.464696228504180908e-01
1.602627187967300415e-01
1.651888340711593628e-01
1.536945849657058716e-01
1.612479388713836670e-01
1.671592742204666138e-01
1.753694415092468262e-01
1.819376051425933838e-01
1.894909739494323730e-01
1.878489553928375244e-01
1.862068921327590942e-01
1.885057538747787476e-01
1.924466192722320557e-01
1.947454810142517090e-01
2.187192291021347046e-01
2.197044491767883301e-01
2.311986833810806274e-01
2.403940707445144653e-01
2.354679852724075317e-01
2.397372871637344360e-01
2.446633577346801758e-01
2.394088804721832275e-01
2.669950723648071289e-01
2.581280767917633057e-01
2.683086991310119629e-01
2.761904299259185791e-01
2.607553005218505859e-01
2.696223258972167969e-01
2.784893214702606201e-01
2.916255891323089600e-01
2.965517044067382812e-01
2.988505959510803223e-01
3.080459833145141602e-01
3.070607185363769531e-01
3.054187297821044922e-01
3.067323565483093262e-01
3.093595802783966064e-01
3.031198382377624512e-01
3.182266056537628174e-01
3.287355899810791016e-01
3.484400510787963867e-01
3.310344517230987549e-01
3.307060599327087402e-01
3.379310369491577148e-01
3.474548161029815674e-01
3.497536778450012207e-01
3.392446339130401611e-01
3.556649684906005859e-01
3.523809313774108887e-01
3.573070466518402100e-01
3.642035722732543945e-01
3.628899455070495605e-01
3.628899455070495605e-01
3.707717359066009521e-01
3.694581091403961182e-01
3.855500519275665283e-01
3.835796117782592773e-01
4.049260616302490234e-01
3.901477456092834473e-01
3.875205218791961670e-01
4.029556512832641602e-01
4.055829048156738281e-01
4.062397181987762451e-01
4.095237851142883301e-01
4.019703865051269531e-01
3.977011442184448242e-01
4.019704461097717285e-01
4.131362438201904297e-01
3.996715843677520752e-01
4.101805686950683594e-01
4.134646654129028320e-01
4.252873063087463379e-01
4.325122535228729248e-01
4.164203405380249023e-01
4.377668201923370361e-01
4.433497488498687744e-01
4.328407049179077148e-01
4.348111450672149658e-01
4.410508871078491211e-01
4.351395368576049805e-01
4.436780810356140137e-01
4.374383985996246338e-01
4.453201591968536377e-01
4.584564566612243652e-01
4.423644840717315674e-01
4.650245904922485352e-01
4.581280648708343506e-01
4.528735578060150146e-01
4.571428298950195312e-01
4.548439681529998779e-01
4.617405533790588379e-01
4.643677473068237305e-01
4.604268670082092285e-01
4.640393555164337158e-01
4.706075191497802734e-01
4.689654707908630371e-01
4.798029363155364990e-01
4.880131185054779053e-01
4.857142567634582520e-01
4.821017980575561523e-01
4.719211459159851074e-01
4.922823905944824219e-01
4.798029661178588867e-01
4.840721786022186279e-01
4.945812523365020752e-01
4.860426187515258789e-01
4.949096441268920898e-01
4.985221624374389648e-01
4.909687638282775879e-01
4.916256070137023926e-01
4.880130887031555176e-01
5.136288404464721680e-01
5.116584300994873047e-01
4.978652894496917725e-01
5.106731653213500977e-01
5.155993103981018066e-01
5.073891282081604004e-01
5.011494159698486328e-01
5.080459117889404297e-01
5.149424672126770020e-01
5.113300085067749023e-01
5.139572620391845703e-01
5.136288404464721680e-01
5.178981423377990723e-01
5.106732249259948730e-01
5.280787348747253418e-01
5.195401906967163086e-01
