1.237401008605957031e+00
2.416356563568115234e+00
3.566945552825927734e+00
4.759927749633789062e+00
5.917313814163208008e+00
7.099653720855712891e+00
8.262873172760009766e+00
9.416769742965698242e+00
1.058125495910644531e+01
1.174778652191162109e+01
1.291894865036010742e+01
1.411444520950317383e+01
1.528083682060241699e+01
1.645744037628173828e+01
1.762697386741638184e+01
1.878891396522521973e+01
1.998641014099121094e+01
2.117541599273681641e+01
2.234935021400451660e+01
2.353796124458312988e+01
2.477825665473937988e+01
2.596560025215148926e+01
2.712346172332763672e+01
2.829542112350463867e+01
2.948832273483276367e+01
3.067724943161010742e+01
3.187560081481933594e+01
3.305894136428833008e+01
3.425537633895874023e+01
3.544487261772155762e+01
3.663934063911437988e+01
3.782643771171569824e+01
3.900174188613891602e+01
4.016387891769409180e+01
4.133063530921936035e+01
4.249731945991516113e+01
4.366715049743652344e+01
4.483948707580566406e+01
4.601783800125122070e+01
4.719833827018737793e+01
4.838977408409118652e+01
4.956625747680664062e+01
5.081188845634460449e+01
5.202381587028503418e+01
5.319988036155700684e+01
5.436889314651489258e+01
5.557588076591491699e+01
5.677934598922729492e+01
5.797034382820129395e+01
5.916128325462341309e+01
6.035243058204650879e+01
6.154905152320861816e+01
6.274778509140014648e+01
6.393373608589172363e+01
6.514459609985351562e+01
6.632099628448486328e+01
6.754686760902404785e+01
6.873284649848937988e+01
6.993690800666809082e+01
7.113895583152770996e+01
7.234489965438842773e+01
7.354425048828125000e+01
7.473636865615844727e+01
7.592621350288391113e+01
7.712172794342041016e+01
7.830683493614196777e+01
7.949030494689941406e+01
8.069195771217346191e+01
8.186921310424804688e+01
8.304735088348388672e+01
8.423529624938964844e+01
8.543786644935607910e+01
8.663185644149780273e+01
8.783270406723022461e+01
8.903956151008605957e+01
9.023492550849914551e+01
9.142831826210021973e+01
9.263936781883239746e+01
9.383686280250549316e+01
9.504726147651672363e+01
9.624147868156433105e+01
9.743093609809875488e+01
9.864043784141540527e+01
9.985898733139038086e+01
1.010716037750244141e+02
1.022737894058227539e+02
1.034659001827239990e+02
1.046963982582092285e+02
1.058907954692840576e+02
1.070938091278076172e+02
1.082918779850006104e+02
1.094733283519744873e+02
1.106782841682434082e+02
1.118913187980651855e+02
1.131066260337829590e+02
1.142984488010406494e+02
1.154784679412841797e+02
1.166904475688934326e+02
1.179153673648834229e+02
1.191149315834045410e+02
1.202998545169830322e+02
1.215029623508453369e+02
1.227252502441406250e+02
1.239286134243011475e+02
1.251433854103088379e+02
1.263423378467559814e+02
1.275367107391357422e+02
1.287525742053985596e+02
1.299615130424499512e+02
1.311693253517150879e+02
1.323563361167907715e+02
1.335688261985778809e+02
1.347838799953460693e+02
1.359933102130889893e+02
1.371936631202697754e+02
1.383782970905303955e+02
1.396056683063507080e+02
1.408184435367584229e+02
1.420499174594879150e+02
1.432569358348846436e+02
1.444673507213592529e+02
1.456604170799255371e+02
1.468648741245269775e+02
1.480863928794860840e+02
1.493144373893737793e+02
1.505217730998992920e+02
1.517222850322723389e+02
1.529469430446624756e+02
1.541609287261962891e+02
1.553988208770751953e+02
1.567497353553771973e+02
1.579739530086517334e+02
1.591848933696746826e+02
1.603658037185668945e+02
1.615742506980895996e+02
1.627921161651611328e+02
1.640259437561035156e+02
1.652548537254333496e+02
1.664758687019348145e+02
1.676743803024291992e+02
1.688983671665191650e+02
1.700947139263153076e+02
1.713121833801269531e+02
1.725368790626525879e+02
1.737563853263854980e+02
1.749589376449584961e+02
1.761685972213745117e+02
1.773623173236846924e+02
1.785688314437866211e+02
1.797673437595367432e+02
1.810002908706665039e+02
1.822124426364898682e+02
1.834035048484802246e+02
1.846189398765563965e+02
1.858422198295593262e+02
1.870696325302124023e+02
1.882878525257110596e+02
1.895212433338165283e+02
1.907328448295593262e+02
1.919343359470367432e+02
1.931433117389678955e+02
1.943683335781097412e+02
1.956000807285308838e+02
1.968339023590087891e+02
1.980493347644805908e+02
1.992763125896453857e+02
2.005077891349792480e+02
2.017376859188079834e+02
2.029514620304107666e+02
2.041569402217864990e+02
2.053503959178924561e+02
2.065913739204406738e+02
2.078134021759033203e+02
2.090288989543914795e+02
2.102990808486938477e+02
2.115343306064605713e+02
2.128368968963623047e+02
2.140714445114135742e+02
2.153033685684204102e+02
2.165408437252044678e+02
2.177508866786956787e+02
2.190019369125366211e+02
2.202234089374542236e+02
2.214539704322814941e+02
2.226808071136474609e+02
2.239112071990966797e+02
2.251494350433349609e+02
2.263654446601867676e+02
2.276047592163085938e+02
2.288433129787445068e+02
2.300594747066497803e+02
2.312949235439300537e+02
2.325233981609344482e+02
2.337903332710266113e+02
2.350177805423736572e+02
2.362259228229522705e+02
2.374378814697265625e+02
2.386593399047851562e+02
2.398698303699493408e+02
2.410882396697998047e+02
