1.161049842834472656e+00
2.256576299667358398e+00
3.349969625473022461e+00
4.411920309066772461e+00
5.486683845520019531e+00
6.565959692001342773e+00
7.643951654434204102e+00
8.721426486968994141e+00
9.808679342269897461e+00
1.089447402954101562e+01
1.196595335006713867e+01
1.306702470779418945e+01
1.416453576087951660e+01
1.524665689468383789e+01
1.634542918205261230e+01
1.743134260177612305e+01
1.850510573387145996e+01
1.960689949989318848e+01
2.071744561195373535e+01
2.178870654106140137e+01
2.288928771018981934e+01
2.397906112670898438e+01
2.506360793113708496e+01
2.616367483139038086e+01
2.723754572868347168e+01
2.831139159202575684e+01
2.941741776466369629e+01
3.049908161163330078e+01
3.157836413383483887e+01
3.266662168502807617e+01
3.374138498306274414e+01
3.481495594978332520e+01
3.590343880653381348e+01
3.698483276367187500e+01
3.806844401359558105e+01
3.916999864578247070e+01
4.025153112411499023e+01
4.134367108345031738e+01
4.244745206832885742e+01
4.353562664985656738e+01
4.464571213722229004e+01
4.574206018447875977e+01
4.681893754005432129e+01
4.793129849433898926e+01
4.902507567405700684e+01
5.012211585044860840e+01
5.123937439918518066e+01
5.232982087135314941e+01
5.343610668182373047e+01
5.452093958854675293e+01
5.560070705413818359e+01
5.673433232307434082e+01
5.782759141921997070e+01
5.893988204002380371e+01
6.003065657615661621e+01
6.112256503105163574e+01
6.223761773109436035e+01
6.331811738014221191e+01
6.443736147880554199e+01
6.553645849227905273e+01
6.662373089790344238e+01
6.771648859977722168e+01
6.880848240852355957e+01
6.991074919700622559e+01
7.099852180480957031e+01
7.208976531028747559e+01
7.319981741905212402e+01
7.431310796737670898e+01
7.540805053710937500e+01
7.652684521675109863e+01
7.762562584877014160e+01
7.873691487312316895e+01
7.981568169593811035e+01
8.091396188735961914e+01
8.203647685050964355e+01
8.312496066093444824e+01
8.424556517601013184e+01
8.534564495086669922e+01
8.643391799926757812e+01
8.754115390777587891e+01
8.864543819427490234e+01
8.973821949958801270e+01
9.083199644088745117e+01
9.191898179054260254e+01
9.315673804283142090e+01
9.424676585197448730e+01
9.534054303169250488e+01
9.642765307426452637e+01
9.755246281623840332e+01
9.864824104309082031e+01
9.973677921295166016e+01
1.008215498924255371e+02
1.019250593185424805e+02
1.030498569011688232e+02
1.041478934288024902e+02
1.052589938640594482e+02
1.063650612831115723e+02
1.074545786380767822e+02
1.085697672367095947e+02
1.096765527725219727e+02
1.107771775722503662e+02
1.118857791423797607e+02
1.129865562915802002e+02
1.140969235897064209e+02
1.151890277862548828e+02
1.163020906448364258e+02
1.174015717506408691e+02
1.185388514995574951e+02
1.196508748531341553e+02
1.207614207267761230e+02
1.218854207992553711e+02
1.229835493564605713e+02
1.241181061267852783e+02
1.252286159992218018e+02
1.263539156913757324e+02
1.274594435691833496e+02
1.285812349319458008e+02
1.296854944229125977e+02
1.307916908264160156e+02
1.319104642868041992e+02
1.330331993103027344e+02
1.341570177078247070e+02
1.352567851543426514e+02
1.364019010066986084e+02
1.374971787929534912e+02
1.386359417438507080e+02
1.397352225780487061e+02
1.408430156707763672e+02
1.419592788219451904e+02
1.430775732994079590e+02
1.441966161727905273e+02
1.453435027599334717e+02
1.464658925533294678e+02
1.476137077808380127e+02
1.487370054721832275e+02
1.498555679321289062e+02
1.509946968555450439e+02
1.521283538341522217e+02
1.532251901626586914e+02
1.543402223587036133e+02
1.554652719497680664e+02
1.566098690032958984e+02
1.577365279197692871e+02
1.588338210582733154e+02
1.599655563831329346e+02
1.610814180374145508e+02
1.621939606666564941e+02
1.633201799392700195e+02
1.644434783458709717e+02
1.655527706146240234e+02
1.666760973930358887e+02
1.677868869304656982e+02
1.689269044399261475e+02
1.700530593395233154e+02
1.711788647174835205e+02
1.722738685607910156e+02
1.734059014320373535e+02
1.745153195858001709e+02
1.756663658618927002e+02
1.768384821414947510e+02
1.779712717533111572e+02
1.790805592536926270e+02
1.802138805389404297e+02
1.813170831203460693e+02
1.824369425773620605e+02
1.835384502410888672e+02
1.846685121059417725e+02
1.857981057167053223e+02
1.869343903064727783e+02
1.880438964366912842e+02
1.891987166404724121e+02
1.903119010925292969e+02
1.914359226226806641e+02
1.925514452457427979e+02
1.936880583763122559e+02
1.947843225002288818e+02
1.959283378124237061e+02
1.970545606613159180e+02
1.981888322830200195e+02
1.993048782348632812e+02
2.004485137462615967e+02
2.015915412902832031e+02
2.027275416851043701e+02
2.038367681503295898e+02
2.049647965431213379e+02
2.060907645225524902e+02
2.072325756549835205e+02
2.083483686447143555e+02
2.094744162559509277e+02
2.105928184986114502e+02
2.117355360984802246e+02
2.128569896221160889e+02
2.139790141582489014e+02
2.151046161651611328e+02
2.162454061508178711e+02
2.173561985492706299e+02
2.184990603923797607e+02
2.196301529407501221e+02
2.207861933708190918e+02
2.219150316715240479e+02
