1.707316935062408447e-02
1.219512149691581726e-02
1.707316935062408447e-02
3.414634242653846741e-02
1.951219514012336731e-02
1.219512149691581726e-02
1.951219327747821808e-02
1.951219327747821808e-02
1.951219327747821808e-02
1.707316935062408447e-02
2.439024299383163452e-02
3.170731663703918457e-02
1.707316935062408447e-02
2.682926505804061890e-02
1.951219514012336731e-02
9.756097570061683655e-03
1.951219514012336731e-02
2.195121720433235168e-02
2.195122092962265015e-02
1.219512149691581726e-02
1.219512149691581726e-02
2.439024485647678375e-02
1.707316935062408447e-02
9.756097570061683655e-03
1.707316935062408447e-02
1.463414542376995087e-02
2.195121720433235168e-02
1.707316935062408447e-02
1.707316935062408447e-02
1.951219327747821808e-02
1.951219327747821808e-02
1.219512149691581726e-02
2.682926505804061890e-02
3.414634242653846741e-02
1.219512149691581726e-02
2.195122092962265015e-02
2.682926692068576813e-02
1.951219514012336731e-02
2.195121906697750092e-02
1.951219514012336731e-02
3.902438655495643616e-02
2.195121906697750092e-02
3.170731663703918457e-02
1.951219514012336731e-02
2.195121906697750092e-02
2.195121720433235168e-02
2.195121720433235168e-02
2.682926692068576813e-02
2.195121720433235168e-02
1.951219327747821808e-02
2.926829084753990173e-02
3.658536449074745178e-02
1.463414542376995087e-02
2.195121720433235168e-02
1.463414542376995087e-02
2.926828898489475250e-02
3.658536449074745178e-02
3.902439028024673462e-02
1.463414542376995087e-02
3.414633870124816895e-02
2.926829457283020020e-02
1.951219514012336731e-02
2.195121720433235168e-02
2.682926692068576813e-02
3.170731663703918457e-02
4.878048971295356750e-02
2.682926878333091736e-02
3.658536449074745178e-02
3.170731663703918457e-02
3.902439400553703308e-02
3.170731663703918457e-02
4.146341234445571899e-02
3.414634242653846741e-02
4.146341234445571899e-02
4.146341234445571899e-02
3.902439028024673462e-02
3.902439028024673462e-02
4.390243813395500183e-02
5.853658169507980347e-02
3.658536449074745178e-02
5.365854129195213318e-02
5.609755963087081909e-02
5.121951550245285034e-02
4.390243813395500183e-02
4.634146019816398621e-02
5.853658169507980347e-02
4.146341606974601746e-02
8.048780262470245361e-02
6.341463327407836914e-02
4.878048598766326904e-02
6.829268485307693481e-02
5.365853384137153625e-02
5.853658542037010193e-02
6.097561120986938477e-02
5.609755963087081909e-02
6.585366278886795044e-02
6.341463327407836914e-02
6.341463327407836914e-02
9.756097197532653809e-02
9.268292039632797241e-02
1.024390235543251038e-01
8.048780262470245361e-02
8.048780262470245361e-02
6.829267740249633789e-02
8.048780262470245361e-02
8.048780262470245361e-02
9.268292784690856934e-02
1.097560897469520569e-01
7.317073643207550049e-02
9.756096452474594116e-02
1.048780456185340881e-01
7.560975104570388794e-02
8.780488371849060059e-02
9.268292784690856934e-02
1.048780530691146851e-01
9.999999403953552246e-02
1.000000014901161194e-01
1.073170676827430725e-01
8.780487626791000366e-02
1.121951192617416382e-01
9.756097197532653809e-02
1.097560971975326538e-01
1.048780530691146851e-01
1.365853697061538696e-01
1.097560971975326538e-01
1.390243768692016602e-01
1.121951192617416382e-01
1.292682886123657227e-01
1.121951192617416382e-01
1.219512224197387695e-01
1.146341413259506226e-01
1.414634138345718384e-01
1.317073106765747070e-01
1.097561046481132507e-01
1.512195020914077759e-01
1.317073106765747070e-01
1.463414430618286133e-01
1.463414579629898071e-01
1.463414728641510010e-01
1.731707304716110229e-01
1.658536493778228760e-01
1.463414728641510010e-01
1.317073106765747070e-01
1.682926863431930542e-01
1.365853697061538696e-01
1.634146273136138916e-01
1.365853697061538696e-01
1.853658556938171387e-01
1.634146273136138916e-01
1.463414728641510010e-01
1.560975462198257446e-01
1.878048777580261230e-01
1.707316935062408447e-01
1.487804949283599854e-01
1.756097525358200073e-01
1.975609660148620605e-01
1.829268038272857666e-01
1.707317084074020386e-01
1.682926863431930542e-01
1.731707304716110229e-01
1.780487746000289917e-01
1.975609660148620605e-01
1.682926714420318604e-01
1.878048628568649292e-01
1.829268187284469604e-01
1.878048926591873169e-01
1.926829367876052856e-01
2.121951133012771606e-01
2.317072898149490356e-01
1.902438849210739136e-01
1.999999880790710449e-01
2.292683124542236328e-01
2.073170542716979980e-01
2.097561061382293701e-01
1.975609958171844482e-01
2.219512462615966797e-01
2.243902236223220825e-01
1.878048628568649292e-01
2.073170840740203857e-01
2.439024448394775391e-01
2.073170542716979980e-01
1.999999880790710449e-01
2.146341353654861450e-01
2.317073047161102295e-01
2.317072898149490356e-01
2.268292605876922607e-01
2.682926654815673828e-01
2.439024448394775391e-01
2.536585330963134766e-01
2.707317173480987549e-01
2.902438938617706299e-01
2.414633929729461670e-01
2.097560912370681763e-01
2.390244007110595703e-01
2.390243709087371826e-01
2.634146511554718018e-01
2.634146511554718018e-01
2.536585032939910889e-01
2.560975551605224609e-01
2.292682975530624390e-01
