1.280788145959377289e-02
2.200328186154365540e-02
1.609195210039615631e-02
2.134647034108638763e-02
1.642036065459251404e-02
1.937602646648883820e-02
1.707717403769493103e-02
1.609195396304130554e-02
1.740558259189128876e-02
1.379310339689254761e-02
1.904761977493762970e-02
1.412151008844375610e-02
1.379310246556997299e-02
2.200328186154365540e-02
1.280788145959377289e-02
1.379310339689254761e-02
1.904761604964733124e-02
1.970443315804004669e-02
1.740558259189128876e-02
1.839080452919006348e-02
1.642036251723766327e-02
2.003284171223640442e-02
1.609195396304130554e-02
1.871921308338642120e-02
1.871921122074127197e-02
1.839080452919006348e-02
1.871921122074127197e-02
1.674876734614372253e-02
1.412151195108890533e-02
1.871921308338642120e-02
1.346469577401876450e-02
1.674876920878887177e-02
1.576354727149009705e-02
2.068965509533882141e-02
2.068965509533882141e-02
1.806239783763885498e-02
1.740558259189128876e-02
2.167487703263759613e-02
1.740558445453643799e-02
1.773399114608764648e-02
1.773398928344249725e-02
1.740558259189128876e-02
2.003284171223640442e-02
2.101805992424488068e-02
1.970443315804004669e-02
1.609195396304130554e-02
1.510673202574253082e-02
2.101805992424488068e-02
2.233169227838516235e-02
1.773398928344249725e-02
2.233168855309486389e-02
1.904761977493762970e-02
1.773398928344249725e-02
2.528735436499118805e-02
2.594417333602905273e-02
2.036124840378761292e-02
2.331691235303878784e-02
2.200328372418880463e-02
2.463054284453392029e-02
2.266009710729122162e-02
3.284072130918502808e-02
3.546797856688499451e-02
4.597701132297515869e-02
5.385877937078475952e-02
5.024630576372146606e-02
5.878489464521408081e-02
6.699506938457489014e-02
7.389162480831146240e-02
7.881774008274078369e-02
7.586206495761871338e-02
9.031198173761367798e-02
9.720853716135025024e-02
1.041050851345062256e-01
1.162561550736427307e-01
1.267651915550231934e-01
1.385878473520278931e-01
1.536945849657058716e-01
1.648604273796081543e-01
1.819375902414321899e-01
1.904761791229248047e-01
2.101806253194808960e-01
2.220032662153244019e-01
2.331691384315490723e-01
2.430213391780853271e-01
2.600985169410705566e-01
2.643678188323974609e-01
2.817733883857727051e-01
2.991789579391479492e-01
2.972085177898406982e-01
3.100164234638214111e-01
3.178981840610504150e-01
3.175697624683380127e-01
3.264367580413818359e-01
3.431855440139770508e-01
3.454843461513519287e-01
3.490968644618988037e-01
3.635467886924743652e-01
3.612479567527770996e-01
3.704433143138885498e-01
3.793103694915771484e-01
3.770114779472351074e-01
3.878489136695861816e-01
3.878489136695861816e-01
3.885057568550109863e-01
4.091953933238983154e-01
4.141215085983276367e-01
4.055829048156738281e-01
4.256157577037811279e-01
4.226600527763366699e-01
4.305418729782104492e-01
4.285714328289031982e-01
4.357963800430297852e-01
4.469621777534484863e-01
4.509030580520629883e-01
4.538587331771850586e-01
4.666666388511657715e-01
4.614121317863464355e-01
4.706075191497802734e-01
4.646961688995361328e-01
4.732347726821899414e-01
4.706075191497802734e-01
4.660098254680633545e-01
4.807881712913513184e-01
4.926108121871948242e-01
4.824301898479461670e-01
4.939244389533996582e-01
5.070607066154479980e-01
5.027914643287658691e-01
4.952380657196044922e-01
5.142856836318969727e-01
5.172413587570190430e-01
5.133004188537597656e-01
5.119867920875549316e-01
5.034482479095458984e-01
5.139572620391845703e-01
5.215106606483459473e-01
5.254514813423156738e-01
5.195401906967163086e-01
5.231526494026184082e-01
5.241379141807556152e-01
5.228242874145507812e-01
5.201970338821411133e-01
5.303776264190673828e-01
5.366173982620239258e-01
5.366173386573791504e-01
5.376025438308715820e-01
5.418718457221984863e-01
5.346468687057495117e-01
5.596058368682861328e-01
5.428571105003356934e-01
5.530377030372619629e-01
5.438423156738281250e-01
5.586206316947937012e-01
5.589490532875061035e-01
5.536945462226867676e-01
5.625615119934082031e-01
5.658456683158874512e-01
5.661740303039550781e-01
5.582922697067260742e-01
5.674875974655151367e-01
5.852216482162475586e-01
5.625615715980529785e-01
5.868636965751647949e-01
5.707716941833496094e-01
5.806239843368530273e-01
5.730705857276916504e-01
5.802955031394958496e-01
5.816091299057006836e-01
5.894908905029296875e-01
5.848932266235351562e-01
5.908045172691345215e-01
5.944170355796813965e-01
5.898193120956420898e-01
6.026272177696228027e-01
5.908044576644897461e-01
5.822659730911254883e-01
5.986862778663635254e-01
5.862068533897399902e-01
5.970442295074462891e-01
5.983579158782958984e-01
6.039407849311828613e-01
6.059112548828125000e-01
6.059112548828125000e-01
6.075532436370849609e-01
6.144498586654663086e-01
6.068964600563049316e-01
6.036124229431152344e-01
6.108373999595642090e-01
5.954021811485290527e-01
6.177338957786560059e-01
6.144497990608215332e-01
6.042692661285400391e-01
6.042692065238952637e-01
6.114941835403442383e-01
6.174055337905883789e-01
6.144498586654663086e-01
6.167486906051635742e-01
6.183907985687255859e-01
6.088669300079345703e-01
6.252872943878173828e-01
