1.463414635509252548e-02
1.707316935062408447e-02
1.951219327747821808e-02
1.219512149691581726e-02
2.439024299383163452e-02
9.756097570061683655e-03
1.707316935062408447e-02
1.219512149691581726e-02
1.707316935062408447e-02
9.756097570061683655e-03
1.951219327747821808e-02
9.756097570061683655e-03
9.756097570061683655e-03
1.951219327747821808e-02
2.195121720433235168e-02
9.756097570061683655e-03
1.219512149691581726e-02
2.195121906697750092e-02
1.463414542376995087e-02
7.317073177546262741e-03
1.219512149691581726e-02
1.951219514012336731e-02
2.195122092962265015e-02
1.463414542376995087e-02
1.219512149691581726e-02
2.195121720433235168e-02
1.951219514012336731e-02
1.463414542376995087e-02
1.463414635509252548e-02
1.219512149691581726e-02
2.195122092962265015e-02
2.439024113118648529e-02
1.951219514012336731e-02
1.707316935062408447e-02
9.756097570061683655e-03
2.439024299383163452e-02
2.195121906697750092e-02
1.463414635509252548e-02
2.195121906697750092e-02
2.682926692068576813e-02
2.195121720433235168e-02
1.463414542376995087e-02
2.682926878333091736e-02
2.439024299383163452e-02
1.463414542376995087e-02
2.439024299383163452e-02
1.219512149691581726e-02
1.219512149691581726e-02
9.756097570061683655e-03
3.170731663703918457e-02
1.219512149691581726e-02
1.219512149691581726e-02
2.926829084753990173e-02
2.682926878333091736e-02
2.439024299383163452e-02
3.414634242653846741e-02
7.317073177546262741e-03
2.439024485647678375e-02
2.195121906697750092e-02
1.707316935062408447e-02
3.414633870124816895e-02
3.170731663703918457e-02
2.195121720433235168e-02
3.170731663703918457e-02
2.195121720433235168e-02
1.463414635509252548e-02
2.439024299383163452e-02
1.951219514012336731e-02
4.878048598766326904e-02
2.682926878333091736e-02
1.219512149691581726e-02
2.439024299383163452e-02
2.682926692068576813e-02
1.707316935062408447e-02
1.707317121326923370e-02
2.439024299383163452e-02
2.926829084753990173e-02
5.121950805187225342e-02
3.170731663703918457e-02
4.390243813395500183e-02
3.170731663703918457e-02
3.170731663703918457e-02
3.414634242653846741e-02
2.682926692068576813e-02
3.414634615182876587e-02
2.926829271018505096e-02
5.365853756666183472e-02
4.146341234445571899e-02
5.121950805187225342e-02
4.390244185924530029e-02
3.902439028024673462e-02
4.634146392345428467e-02
4.390243813395500183e-02
5.609755963087081909e-02
5.365853756666183472e-02
5.365853756666183472e-02
5.121951550245285034e-02
6.585365533828735352e-02
6.585365533828735352e-02
6.341463327407836914e-02
7.560975104570388794e-02
5.365853756666183472e-02
7.073170691728591919e-02
5.121951177716255188e-02
9.024390578269958496e-02
8.048780262470245361e-02
6.829268485307693481e-02
6.341463327407836914e-02
5.609756335616111755e-02
6.341463327407836914e-02
7.317073643207550049e-02
7.560975849628448486e-02
8.780486881732940674e-02
9.268292784690856934e-02
6.829267740249633789e-02
7.804878056049346924e-02
9.024390578269958496e-02
9.756097197532653809e-02
9.268292784690856934e-02
9.756097197532653809e-02
7.804878056049346924e-02
6.829268485307693481e-02
8.780488371849060059e-02
9.756097197532653809e-02
1.024390235543251038e-01
1.024390235543251038e-01
1.268292665481567383e-01
1.146341487765312195e-01
1.097560971975326538e-01
1.170731633901596069e-01
9.268293529748916626e-02
1.268292665481567383e-01
1.195122078061103821e-01
1.414634138345718384e-01
1.317073255777359009e-01
1.365853697061538696e-01
1.243902444839477539e-01
1.341463476419448853e-01
1.097560971975326538e-01
1.341463476419448853e-01
1.365853548049926758e-01
1.317073106765747070e-01
1.121951192617416382e-01
1.390243917703628540e-01
1.390243768692016602e-01
1.317073255777359009e-01
1.439024358987808228e-01
1.512195169925689697e-01
1.414633989334106445e-01
1.536585390567779541e-01
1.658536493778228760e-01
1.463414579629898071e-01
1.731707304716110229e-01
1.560975611209869385e-01
1.560975611209869385e-01
1.682926714420318604e-01
1.365853548049926758e-01
1.512195169925689697e-01
1.585365682840347290e-01
1.585365831851959229e-01
1.634146273136138916e-01
1.682926863431930542e-01
1.902438998222351074e-01
1.999999880790710449e-01
1.926829218864440918e-01
1.878048777580261230e-01
1.804877966642379761e-01
2.121951282024383545e-01
1.756097376346588135e-01
1.780487895011901855e-01
1.804877966642379761e-01
2.146341353654861450e-01
1.951219439506530762e-01
2.024390250444412231e-01
2.073170840740203857e-01
2.195121943950653076e-01
2.268292605876922607e-01
2.170731574296951294e-01
1.902438998222351074e-01
2.024390250444412231e-01
2.341463267803192139e-01
2.317073345184326172e-01
2.414634078741073608e-01
2.073170691728591919e-01
2.146341353654861450e-01
2.219512164592742920e-01
2.341463267803192139e-01
2.414633929729461670e-01
2.463414520025253296e-01
2.024390250444412231e-01
2.292682826519012451e-01
2.658536434173583984e-01
2.560975551605224609e-01
2.292682826519012451e-01
2.536585330963134766e-01
2.243902385234832764e-01
2.463414669036865234e-01
2.390244007110595703e-01
2.536585330963134766e-01
2.512195408344268799e-01
