9.756097570061683655e-03
9.756097570061683655e-03
1.219512149691581726e-02
2.439024299383163452e-02
1.951219514012336731e-02
1.463414542376995087e-02
4.878048785030841827e-03
9.756097570061683655e-03
1.463414635509252548e-02
9.756097570061683655e-03
4.878048785030841827e-03
7.317073177546262741e-03
1.707317121326923370e-02
2.926829271018505096e-02
1.219512149691581726e-02
2.439024299383163452e-02
9.756097570061683655e-03
9.756097570061683655e-03
1.219512149691581726e-02
1.463414635509252548e-02
1.707316935062408447e-02
1.463414542376995087e-02
1.463414542376995087e-02
9.756097570061683655e-03
1.951219514012336731e-02
3.170731663703918457e-02
9.756097570061683655e-03
1.463414542376995087e-02
3.170731663703918457e-02
2.195121720433235168e-02
1.951219514012336731e-02
2.439024113118648529e-02
1.707316935062408447e-02
9.756097570061683655e-03
2.439024299383163452e-02
1.219512149691581726e-02
1.951219514012336731e-02
1.951219514012336731e-02
1.463414542376995087e-02
2.195121720433235168e-02
1.463414542376995087e-02
1.951219514012336731e-02
2.195121906697750092e-02
2.926829084753990173e-02
7.317073177546262741e-03
2.195122092962265015e-02
9.756097570061683655e-03
1.219512149691581726e-02
2.195121906697750092e-02
1.707316935062408447e-02
1.219512149691581726e-02
4.146341234445571899e-02
7.317073177546262741e-03
1.463414542376995087e-02
1.707316935062408447e-02
1.707317121326923370e-02
1.463414542376995087e-02
2.682926692068576813e-02
2.926829457283020020e-02
2.195121720433235168e-02
1.219512149691581726e-02
2.439024299383163452e-02
1.463414542376995087e-02
1.707317121326923370e-02
2.195121906697750092e-02
2.195121906697750092e-02
1.707316935062408447e-02
1.951219327747821808e-02
2.682926692068576813e-02
2.195121906697750092e-02
2.682926878333091736e-02
1.463414542376995087e-02
1.951219327747821808e-02
3.170731663703918457e-02
2.682926878333091736e-02
3.414634242653846741e-02
3.170731663703918457e-02
4.146341234445571899e-02
1.463414635509252548e-02
3.414634242653846741e-02
3.170731663703918457e-02
3.414634242653846741e-02
3.170731663703918457e-02
3.902439028024673462e-02
3.414633870124816895e-02
3.414634242653846741e-02
4.146341979503631592e-02
3.658536821603775024e-02
4.390244185924530029e-02
2.195121906697750092e-02
4.390244185924530029e-02
4.878048598766326904e-02
5.853658542037010193e-02
4.634146392345428467e-02
5.609755963087081909e-02
5.121951550245285034e-02
6.097560748457908630e-02
5.365853011608123779e-02
5.121951177716255188e-02
4.146341606974601746e-02
6.829268485307693481e-02
5.853658914566040039e-02
6.829268485307693481e-02
6.585366278886795044e-02
6.585366278886795044e-02
8.048780262470245361e-02
6.341463327407836914e-02
6.341463327407836914e-02
7.560975104570388794e-02
7.073169946670532227e-02
1.000000014901161194e-01
6.341463327407836914e-02
8.780486881732940674e-02
7.560975849628448486e-02
1.024390235543251038e-01
9.756097197532653809e-02
1.097560971975326538e-01
8.048780262470245361e-02
1.097560897469520569e-01
1.170731708407402039e-01
9.512194991111755371e-02
1.170731708407402039e-01
9.756097942590713501e-02
1.390243768692016602e-01
1.341463327407836914e-01
1.024390235543251038e-01
1.024390310049057007e-01
1.439024358987808228e-01
1.268292665481567383e-01
1.121951192617416382e-01
1.195122003555297852e-01
1.268292665481567383e-01
1.512195169925689697e-01
1.560975611209869385e-01
1.365853697061538696e-01
1.341463476419448853e-01
1.365853697061538696e-01
1.463414579629898071e-01
1.560975611209869385e-01
1.414634138345718384e-01
1.707317084074020386e-01
1.219512149691581726e-01
1.341463327407836914e-01
1.756097674369812012e-01
1.682926714420318604e-01
1.658536493778228760e-01
1.756097674369812012e-01
1.682926714420318604e-01
1.536585390567779541e-01
1.658536642789840698e-01
1.951219439506530762e-01
1.902438849210739136e-01
1.829268187284469604e-01
1.756097525358200073e-01
2.121951133012771606e-01
1.999999880790710449e-01
2.219512164592742920e-01
2.121951133012771606e-01
1.878048777580261230e-01
2.195121943950653076e-01
2.024390101432800293e-01
2.097560912370681763e-01
2.121951133012771606e-01
2.048780471086502075e-01
1.975609809160232544e-01
2.268292456865310669e-01
2.219512164592742920e-01
2.097560912370681763e-01
2.292682826519012451e-01
2.317073345184326172e-01
2.731707394123077393e-01
2.268292754888534546e-01
2.317073196172714233e-01
2.170731574296951294e-01
2.195121943950653076e-01
2.219512164592742920e-01
2.439024448394775391e-01
2.341463416814804077e-01
2.365853488445281982e-01
2.560975551605224609e-01
2.926829159259796143e-01
2.536585330963134766e-01
2.731707394123077393e-01
2.219512164592742920e-01
2.658536434173583984e-01
2.804878056049346924e-01
2.658536434173583984e-01
3.048780560493469238e-01
2.853658497333526611e-01
2.853658795356750488e-01
2.658536434173583984e-01
2.999999821186065674e-01
3.048780560493469238e-01
2.780487537384033203e-01
2.634146213531494141e-01
2.804878056049346924e-01
2.658536732196807861e-01
2.682926654815673828e-01
2.804877758026123047e-01
3.170731663703918457e-01
