1.463414635509252548e-02
1.463414542376995087e-02
1.219512149691581726e-02
1.463414542376995087e-02
7.317073177546262741e-03
2.439024299383163452e-02
9.756097570061683655e-03
1.463414542376995087e-02
1.219512149691581726e-02
1.951219327747821808e-02
9.756097570061683655e-03
1.219512149691581726e-02
2.195121906697750092e-02
2.682926878333091736e-02
1.707316935062408447e-02
3.170731663703918457e-02
1.219512149691581726e-02
2.682926692068576813e-02
1.707316935062408447e-02
1.951219327747821808e-02
1.219512149691581726e-02
1.219512149691581726e-02
7.317073177546262741e-03
1.463414635509252548e-02
2.682926692068576813e-02
7.317073177546262741e-03
1.463414542376995087e-02
1.951219327747821808e-02
2.195121906697750092e-02
1.707316935062408447e-02
1.707316935062408447e-02
3.414634242653846741e-02
2.439024299383163452e-02
1.463414542376995087e-02
1.707316935062408447e-02
1.707317121326923370e-02
1.951219514012336731e-02
9.756097570061683655e-03
2.195121720433235168e-02
1.219512149691581726e-02
2.195121906697750092e-02
1.707316935062408447e-02
2.682926878333091736e-02
1.951219327747821808e-02
9.756097570061683655e-03
9.756097570061683655e-03
2.682926505804061890e-02
1.463414542376995087e-02
2.439024299383163452e-02
2.926829271018505096e-02
2.682926692068576813e-02
1.707317121326923370e-02
4.146341606974601746e-02
1.707316935062408447e-02
7.317073177546262741e-03
9.756097570061683655e-03
3.414633870124816895e-02
2.682926505804061890e-02
2.682926692068576813e-02
3.170731663703918457e-02
1.463414542376995087e-02
2.439024485647678375e-02
2.926829084753990173e-02
4.390243813395500183e-02
1.707316935062408447e-02
1.951219514012336731e-02
3.170731663703918457e-02
3.414634242653846741e-02
2.926829084753990173e-02
2.926829271018505096e-02
3.414634615182876587e-02
2.682926692068576813e-02
2.439024485647678375e-02
3.902439028024673462e-02
3.170731663703918457e-02
3.170731663703918457e-02
2.439024299383163452e-02
3.658536449074745178e-02
4.634146392345428467e-02
4.146341606974601746e-02
4.390243813395500183e-02
3.658536821603775024e-02
2.439024113118648529e-02
4.634146392345428467e-02
4.146341234445571899e-02
5.609755963087081909e-02
5.121951177716255188e-02
4.634146392345428467e-02
5.609755963087081909e-02
3.170731663703918457e-02
5.121951550245285034e-02
4.390244185924530029e-02
6.097561120986938477e-02
4.878048971295356750e-02
5.121951177716255188e-02
5.609756335616111755e-02
3.658536449074745178e-02
6.829268485307693481e-02
5.365853384137153625e-02
5.121951550245285034e-02
6.097560748457908630e-02
6.341463327407836914e-02
7.804878801107406616e-02
6.829267740249633789e-02
7.804878056049346924e-02
7.804878801107406616e-02
5.609755963087081909e-02
7.073171436786651611e-02
7.073171436786651611e-02
6.585366278886795044e-02
5.853658542037010193e-02
6.341464072465896606e-02
7.804878056049346924e-02
8.292682468891143799e-02
8.292682468891143799e-02
9.999999403953552246e-02
9.268292039632797241e-02
1.048780530691146851e-01
1.219512224197387695e-01
8.536586165428161621e-02
1.146341413259506226e-01
9.512194991111755371e-02
1.365853697061538696e-01
9.512194991111755371e-02
9.756097197532653809e-02
9.512194991111755371e-02
8.536586165428161621e-02
1.121951192617416382e-01
1.121951192617416382e-01
1.268292665481567383e-01
1.414634138345718384e-01
1.170731708407402039e-01
1.219512149691581726e-01
1.000000014901161194e-01
1.536585241556167603e-01
1.390243768692016602e-01
1.195121854543685913e-01
1.439024358987808228e-01
1.219512224197387695e-01
1.512195020914077759e-01
1.195121929049491882e-01
1.317073106765747070e-01
1.097560971975326538e-01
1.439024358987808228e-01
1.341463327407836914e-01
1.365853697061538696e-01
1.463414728641510010e-01
1.439024358987808228e-01
1.560975611209869385e-01
1.560975611209869385e-01
1.536585390567779541e-01
1.780487895011901855e-01
1.682926714420318604e-01
1.512195169925689697e-01
1.731707304716110229e-01
1.804878115653991699e-01
1.341463476419448853e-01
1.707316935062408447e-01
1.780487596988677979e-01
1.756097674369812012e-01
1.731707304716110229e-01
1.853658556938171387e-01
1.707316935062408447e-01
1.390243917703628540e-01
1.853658556938171387e-01
1.756097525358200073e-01
2.048780322074890137e-01
1.804878115653991699e-01
1.926829218864440918e-01
1.829268187284469604e-01
1.975609809160232544e-01
1.756097674369812012e-01
1.999999880790710449e-01
2.170731872320175171e-01
2.097561061382293701e-01
2.121950984001159668e-01
2.097561061382293701e-01
2.317073196172714233e-01
2.341463118791580200e-01
1.634146273136138916e-01
2.487804740667343140e-01
2.341463416814804077e-01
2.414634227752685547e-01
2.219512015581130981e-01
2.365853488445281982e-01
2.341463565826416016e-01
2.536585330963134766e-01
2.634146511554718018e-01
1.975609809160232544e-01
2.463414520025253296e-01
2.292682826519012451e-01
3.024390041828155518e-01
2.585365772247314453e-01
2.463414669036865234e-01
2.609755992889404297e-01
2.414634078741073608e-01
2.756097316741943359e-01
2.756097316741943359e-01
2.707317173480987549e-01
2.804877758026123047e-01
