6.499545574188232422e-01
1.282404184341430664e+00
2.072801589965820312e+00
2.631199836730957031e+00
3.216885089874267578e+00
3.818090915679931641e+00
4.376554250717163086e+00
4.924256563186645508e+00
5.454225778579711914e+00
6.009621381759643555e+00
6.547997474670410156e+00
7.078375101089477539e+00
7.631768226623535156e+00
8.201893329620361328e+00
8.768296718597412109e+00
9.344716787338256836e+00
9.882795333862304688e+00
1.043426012992858887e+01
1.102868318557739258e+01
1.159467601776123047e+01
1.213205766677856445e+01
1.267425513267517090e+01
1.320053076744079590e+01
1.373699069023132324e+01
1.428782415390014648e+01
1.495380091667175293e+01
1.551966881752014160e+01
1.606375074386596680e+01
1.658111882209777832e+01
1.711950159072875977e+01
1.765688371658325195e+01
1.820927619934082031e+01
1.873865270614624023e+01
1.927603507041931152e+01
1.980741262435913086e+01
2.037281465530395508e+01
2.092220544815063477e+01
2.147259736061096191e+01
2.203804755210876465e+01
2.259844541549682617e+01
2.316105413436889648e+01
2.375546073913574219e+01
2.430485105514526367e+01
2.484423494338989258e+01
2.541464018821716309e+01
2.594001364707946777e+01
2.648777818679809570e+01
2.705017781257629395e+01
2.760857582092285156e+01
2.816697168350219727e+01
2.870735621452331543e+01
2.928276491165161133e+01
2.983715939521789551e+01
3.048261976242065430e+01
3.101999998092651367e+01
3.157556939125061035e+01
3.214397430419921875e+01
3.267034816741943359e+01
3.323274779319763184e+01
3.379625225067138672e+01
3.431862330436706543e+01
3.487296366691589355e+01
3.545276951789855957e+01
3.601416850090026855e+01
3.658957815170288086e+01
3.714597439765930176e+01
3.768835878372192383e+01
3.827077317237854004e+01
3.885518860816955566e+01
3.944260597229003906e+01
3.999399781227111816e+01
4.055323076248168945e+01
4.112863969802856445e+01
4.169204044342041016e+01
4.228271102905273438e+01
4.284110736846923828e+01
4.339419293403625488e+01
4.393411064147949219e+01
4.451752567291259766e+01
4.506807112693786621e+01
4.567797994613647461e+01
4.624314856529235840e+01
4.678653454780578613e+01
4.734824132919311523e+01
4.789663052558898926e+01
4.849813771247863770e+01
4.904116988182067871e+01
4.962058138847351074e+01
5.018698477745056152e+01
5.073337316513061523e+01
5.130804824829101562e+01
5.190602946281433105e+01
5.246242475509643555e+01
5.301223325729370117e+01
5.356662750244140625e+01
5.412759566307067871e+01
5.469990181922912598e+01
5.528383731842041016e+01
5.591915750503540039e+01
5.647729039192199707e+01
5.702737665176391602e+01
5.757247900962829590e+01
5.810886049270629883e+01
5.864223933219909668e+01
5.918662786483764648e+01
5.973701786994934082e+01
6.030007481575012207e+01
6.089349699020385742e+01
6.148186659812927246e+01
6.204112744331359863e+01
6.258951711654663086e+01
6.318093776702880859e+01
6.373308491706848145e+01
6.432883453369140625e+01
6.488222742080688477e+01
6.548665809631347656e+01
6.612411046028137207e+01
6.669935417175292969e+01
6.726368784904479980e+01
6.783488512039184570e+01
6.840064764022827148e+01
6.894557571411132812e+01
6.949096274375915527e+01
7.003524041175842285e+01
7.059262394905090332e+01
7.118976140022277832e+01
7.173535466194152832e+01
7.231071519851684570e+01
7.287476015090942383e+01
7.344430518150329590e+01
7.403015375137329102e+01
7.458883166313171387e+01
7.517324686050415039e+01
7.572664046287536621e+01
7.628403663635253906e+01
7.683142590522766113e+01
7.737281107902526855e+01
7.791719841957092285e+01
7.846959090232849121e+01
7.902098274230957031e+01
7.960239648818969727e+01
8.020127034187316895e+01
8.075614619255065918e+01
8.138002562522888184e+01
8.197553372383117676e+01
8.258596658706665039e+01
8.317438578605651855e+01
8.374379062652587891e+01
8.430919218063354492e+01
8.488560295104980469e+01
8.545427703857421875e+01
8.604069399833679199e+01
8.663311529159545898e+01
8.724454927444458008e+01
8.784297657012939453e+01
8.840039587020874023e+01
8.896869111061096191e+01
8.953800296783447266e+01
9.011929535865783691e+01
9.068569946289062500e+01
9.127098512649536133e+01
9.185369277000427246e+01
9.244087672233581543e+01
9.301153779029846191e+01
9.357259559631347656e+01
9.413578224182128906e+01
9.472219920158386230e+01
9.527158999443054199e+01
9.587201666831970215e+01
9.644342327117919922e+01
9.700331330299377441e+01
9.756845283508300781e+01
9.813585662841796875e+01
9.869625473022460938e+01
9.930768942832946777e+01
9.987309169769287109e+01
1.004545047283172607e+02
1.010684804916381836e+02
1.016378848552703857e+02
1.022886924743652344e+02
1.029801833629608154e+02
1.035886988639831543e+02
1.042487847805023193e+02
1.048690695762634277e+02
1.054598278999328613e+02
1.060772669315338135e+02
1.066839151382446289e+02
1.072810676097869873e+02
1.078797984123229980e+02
1.085153198242187500e+02
1.092678554058074951e+02
1.098722844123840332e+02
1.104492623805999756e+02
1.110779950618743896e+02
1.116483998298645020e+02
1.124511158466339111e+02
1.131381170749664307e+02
1.137894210815429688e+02
1.143688328266143799e+02
1.150162944793701172e+02
