3.511233806610107422e+00
3.928751230239868164e+00
4.342080116271972656e+00
4.754879713058471680e+00
5.164678573608398438e+00
5.581998109817504883e+00
6.055364370346069336e+00
6.474685430526733398e+00
6.904400825500488281e+00
7.333879232406616211e+00
7.755127906799316406e+00
8.174477815628051758e+00
8.597696065902709961e+00
9.020015954971313477e+00
9.452834606170654297e+00
9.933175802230834961e+00
1.038149476051330566e+01
1.084482359886169434e+01
1.130014753341674805e+01
1.174696516990661621e+01
1.219578409194946289e+01
1.265310907363891602e+01
1.308491826057434082e+01
1.351522231101989746e+01
1.394802999496459961e+01
1.437733530998229980e+01
1.480664038658142090e+01
1.523494529724121094e+01
1.566074776649475098e+01
1.610556459426879883e+01
1.653687047958374023e+01
1.696367430686950684e+01
1.739448022842407227e+01
1.782428693771362305e+01
1.825459218025207520e+01
1.868539810180664062e+01
1.911820602416992188e+01
1.955501723289489746e+01
1.998081922531127930e+01
2.041312646865844727e+01
2.084743571281433105e+01
2.129675507545471191e+01
2.175157833099365234e+01
2.218838906288146973e+01
2.262169694900512695e+01
2.305350399017333984e+01
2.349431753158569336e+01
2.393313002586364746e+01
2.438795304298400879e+01
2.484677910804748535e+01
2.528058743476867676e+01
2.571789836883544922e+01
2.615420913696289062e+01
2.659001874923706055e+01
2.703483462333679199e+01
2.747214555740356445e+01
2.790995693206787109e+01
2.834776854515075684e+01
2.878457903861999512e+01
2.922038865089416504e+01
2.965219569206237793e+01
3.009100794792175293e+01
3.052781844139099121e+01
3.096863198280334473e+01
3.140143942832946777e+01
3.183674883842468262e+01
3.227556109428405762e+01
3.272688198089599609e+01
3.317269873619079590e+01
3.361251187324523926e+01
3.405132365226745605e+01
3.448763394355773926e+01
3.492994856834411621e+01
3.537126207351684570e+01
3.581307649612426758e+01
3.625589108467102051e+01
3.669470334053039551e+01
3.713251447677612305e+01
3.757132649421691895e+01
3.800963807106018066e+01
3.845045137405395508e+01
3.889176511764526367e+01
3.933608126640319824e+01
3.978039693832397461e+01
4.022771549224853516e+01
4.067103075981140137e+01
4.111884880065917969e+01
4.156716775894165039e+01
4.200798130035400391e+01
4.244979500770568848e+01
4.289361095428466797e+01
4.334593224525451660e+01
4.379575228691101074e+01
4.423856711387634277e+01
4.468238258361816406e+01
4.512819957733154297e+01
4.557051396369934082e+01
4.601633071899414062e+01
4.645864510536193848e+01
4.690546321868896484e+01
4.735628366470336914e+01
4.780059957504272461e+01
4.825041937828063965e+01
4.870224070549011230e+01
4.914955854415893555e+01
4.959937858581542969e+01
5.005019927024841309e+01
5.050202012062072754e+01
5.094883799552917480e+01
5.139315414428710938e+01
5.184297370910644531e+01
5.229329395294189453e+01
5.274461507797241211e+01
5.319293355941772461e+01
5.364625573158264160e+01
5.411909222602844238e+01
5.457691764831542969e+01
5.503724527359008789e+01
5.549657130241394043e+01
5.594689178466796875e+01
5.639921355247497559e+01
5.685353660583496094e+01
5.731186223030090332e+01
5.776218223571777344e+01
5.822200894355773926e+01
5.868183612823486328e+01
5.915117025375366211e+01
5.962350559234619141e+01
6.007432651519775391e+01
6.052764868736267090e+01
6.100598907470703125e+01
6.147932505607604980e+01
6.194865894317626953e+01
6.240498352050781250e+01
6.288682651519775391e+01
6.335716080665588379e+01
6.383950328826904297e+01
6.430383348464965820e+01
6.476516151428222656e+01
6.531655383110046387e+01
6.578188467025756836e+01
6.624021005630493164e+01
6.672705650329589844e+01
6.718588352203369141e+01
6.765921926498413086e+01
6.811604428291320801e+01
6.857286882400512695e+01
6.903970122337341309e+01
6.954405951499938965e+01
7.000438666343688965e+01
7.046971726417541504e+01
7.093905162811279297e+01
7.140288114547729492e+01
7.190223670005798340e+01
7.236506509780883789e+01
7.282639360427856445e+01
7.329222416877746582e+01
7.375155758857727051e+01
7.421138405799865723e+01
7.469222640991210938e+01
7.515455484390258789e+01
7.561738443374633789e+01
7.608321475982666016e+01
7.654204130172729492e+01
7.701537799835205078e+01
7.748771381378173828e+01
7.795504617691040039e+01
7.842037701606750488e+01
7.889571952819824219e+01
7.936304712295532227e+01
7.983438229560852051e+01
8.031172132492065430e+01
8.078605890274047852e+01
8.125138998031616211e+01
8.172623348236083984e+01
8.219005680084228516e+01
8.267440176010131836e+01
8.314723825454711914e+01
8.361006665229797363e+01
8.408490419387817383e+01
8.455073523521423340e+01
8.502207112312316895e+01
8.549140453338623047e+01
8.596073818206787109e+01
8.642657017707824707e+01
8.689290142059326172e+01
8.736173439025878906e+01
8.782706522941589355e+01
8.829789972305297852e+01
8.876873469352722168e+01
8.923856878280639648e+01
8.970690107345581055e+01
9.018924450874328613e+01
9.066908574104309082e+01
9.117694687843322754e+01
9.164277768135070801e+01
9.211311244964599609e+01
9.258594870567321777e+01
9.305328106880187988e+01
9.353011989593505859e+01
