5.598983764648437500e-01
1.039239406585693359e+00
1.517078876495361328e+00
2.001423358917236328e+00
2.485767602920532227e+00
2.976116180419921875e+00
3.456958293914794922e+00
3.982831954956054688e+00
4.473680973052978516e+00
4.960026502609252930e+00
5.454378366470336914e+00
5.957235813140869141e+00
6.450586557388305664e+00
6.937432527542114258e+00
7.423778533935546875e+00
7.905120849609375000e+00
8.385462284088134766e+00
8.867805004119873047e+00
9.354150772094726562e+00
9.841998577117919922e+00
1.032534217834472656e+01
1.081418895721435547e+01
1.130253624916076660e+01
1.178838181495666504e+01
1.227772974967956543e+01
1.275957202911376953e+01
1.324691843986511230e+01
1.372776055335998535e+01
1.421610903739929199e+01
1.469795060157775879e+01
1.520481133460998535e+01
1.569515919685363770e+01
1.618100500106811523e+01
1.666634988784790039e+01
1.715019440650939941e+01
1.763704061508178711e+01
1.812138509750366211e+01
1.860673022270202637e+01
1.912259626388549805e+01
1.961444592475891113e+01
2.011530232429504395e+01
2.061315655708312988e+01
2.110550618171691895e+01
2.159935760498046875e+01
2.209921288490295410e+01
2.263709497451782227e+01
2.314695787429809570e+01
2.364130973815917969e+01
2.412915635108947754e+01
2.462400841712951660e+01
2.512036108970642090e+01
2.561521244049072266e+01
2.610456085205078125e+01
2.659240770339965820e+01
2.708575844764709473e+01
2.757710790634155273e+01
2.806945753097534180e+01
2.856080842018127441e+01
2.905465793609619141e+01
2.954951000213623047e+01
3.004186010360717773e+01
3.055922842025756836e+01
3.106058478355407715e+01
3.166901707649230957e+01
3.216887259483337402e+01
3.267373132705688477e+01
3.317658901214599609e+01
3.366893887519836426e+01
3.416429114341735840e+01
3.467665553092956543e+01
3.517400932312011719e+01
3.566986155509948730e+01
3.617221903800964355e+01
3.667157387733459473e+01
3.717893457412719727e+01
3.767879009246826172e+01
3.818565082550048828e+01
3.868300414085388184e+01
3.918035745620727539e+01
3.968221426010131836e+01
4.018106913566589355e+01
4.068492722511291504e+01
4.119278860092163086e+01
4.171465992927551270e+01
4.222702383995056152e+01
4.272988128662109375e+01
4.323423981666564941e+01
4.373709726333618164e+01
4.424045562744140625e+01
4.475732350349426270e+01
4.526168179512023926e+01
4.576553988456726074e+01
4.627189993858337402e+01
4.679927515983581543e+01
4.731063842773437500e+01
4.781449675559997559e+01
4.831935572624206543e+01
4.882721662521362305e+01
4.933507823944091797e+01
4.983793520927429199e+01
5.034479594230651855e+01
5.084865427017211914e+01
5.135251212120056152e+01
5.185987281799316406e+01
5.236573243141174316e+01
5.287559533119201660e+01
5.338795948028564453e+01
5.389732217788696289e+01
5.440568327903747559e+01
5.494856929779052734e+01
5.545993256568908691e+01
5.596779417991638184e+01
5.650467610359191895e+01
5.703004908561706543e+01
5.754191303253173828e+01
5.807228994369506836e+01
5.858515501022338867e+01
5.909801936149597168e+01
5.963089895248413086e+01
6.014676523208618164e+01
6.066063046455383301e+01
6.117149353027343750e+01
6.171137762069702148e+01
6.224375629425048828e+01
6.277363300323486328e+01
6.328449606895446777e+01
6.380486583709716797e+01
6.431372809410095215e+01
6.482359027862548828e+01
6.533445334434509277e+01
6.584431600570678711e+01
6.636218452453613281e+01
6.688955950736999512e+01
6.741893577575683594e+01
6.795731854438781738e+01
6.851121234893798828e+01
6.907911610603332520e+01
6.961599826812744141e+01
7.014487385749816895e+01
7.066474342346191406e+01
7.118010973930358887e+01
7.170898604393005371e+01
7.224136495590209961e+01
7.279625964164733887e+01
7.333964562416076660e+01
7.387902951240539551e+01
7.439489555358886719e+01
7.490976142883300781e+01
7.543063211441040039e+01
7.595450496673583984e+01
7.649438858032226562e+01
7.704227805137634277e+01
7.757715845108032227e+01
7.811854362487792969e+01
7.865142226219177246e+01
7.918730306625366211e+01
7.972368454933166504e+01
8.026757144927978516e+01
8.081245899200439453e+01
8.135234236717224121e+01
8.188922452926635742e+01
8.242410445213317871e+01
8.296749091148376465e+01
8.351187777519226074e+01
8.405126142501831055e+01
8.459364700317382812e+01
8.514403820037841797e+01
8.568592405319213867e+01
8.623081111907958984e+01
8.677019476890563965e+01
8.731007862091064453e+01
8.786397242546081543e+01
8.840935993194580078e+01
8.894974446296691895e+01
8.949713397026062012e+01
9.002600955963134766e+01
9.056189060211181641e+01
9.109527039527893066e+01
9.163315272331237793e+01
9.217253589630126953e+01
9.273893904685974121e+01
9.328582715988159180e+01
9.383721923828125000e+01
9.439011287689208984e+01
9.492899584770202637e+01
9.547388291358947754e+01
9.603678345680236816e+01
9.658767533302307129e+01
9.712255549430847168e+01
9.766844367980957031e+01
9.824485397338867188e+01
9.880775356292724609e+01
9.937215495109558105e+01
9.992354702949523926e+01
1.004674334526062012e+02
1.010223281383514404e+02
1.015727193355560303e+02
1.021516313552856445e+02
1.027335448265075684e+02
1.032994475364685059e+02
