3.723645448684692383e+00
6.814841270446777344e+00
9.882020235061645508e+00
1.294119405746459961e+01
1.605990910530090332e+01
1.925217723846435547e+01
2.242893362045288086e+01
2.543657064437866211e+01
2.848523616790771484e+01
3.155041408538818359e+01
3.456505537033081055e+01
3.761071920394897461e+01
4.066338753700256348e+01
4.375358462333679199e+01
4.678025054931640625e+01
4.981140446662902832e+01
5.288959050178527832e+01
5.594376063346862793e+01
5.895089626312255859e+01
6.200306510925292969e+01
6.509526157379150391e+01
6.814342737197875977e+01
7.120260047912597656e+01
7.432231831550598145e+01
7.750207567214965820e+01
8.063880467414855957e+01
8.377903461456298828e+01
8.689576315879821777e+01
8.995343518257141113e+01
9.305914163589477539e+01
9.621038031578063965e+01
9.929607248306274414e+01
1.024383044242858887e+02
1.056741042137145996e+02
1.088103320598602295e+02
1.118720066547393799e+02
1.149807155132293701e+02
1.181219463348388672e+02
1.212416625022888184e+02
1.243353602886199951e+02
1.274986078739166260e+02
1.306393389701843262e+02
1.337315356731414795e+02
1.368737678527832031e+02
1.400165007114410400e+02
1.431707408428192139e+02
1.462769479751586914e+02
1.494146773815155029e+02
1.525128777027130127e+02
1.556831297874450684e+02
1.587244899272918701e+02
1.618787312507629395e+02
1.650089547634124756e+02
1.680821378231048584e+02
1.711535921096801758e+02
1.742052650451660156e+02
1.773795199394226074e+02
1.804642117023468018e+02
1.836324620246887207e+02
1.867161524295806885e+02
1.899564979076385498e+02
1.930511963367462158e+02
1.961674103736877441e+02
1.992215797901153564e+02
2.023352921009063721e+02
2.054399974346160889e+02
2.085306925773620605e+02
2.116729252338409424e+02
2.147691247463226318e+02
2.178743305206298828e+02
2.209425103664398193e+02
2.240212059020996094e+02
2.273150458335876465e+02
2.306604223251342773e+02
2.338707027435302734e+02
2.371009976863861084e+02
2.403843305110931396e+02
2.435460762977600098e+02
2.466652984619140625e+02
2.498935923576354980e+02
2.531894333362579346e+02
2.562826304435729980e+02
2.593983438014984131e+02
2.626406471729278564e+02
2.659409921169281006e+02
2.690737171173095703e+02
2.722244553565979004e+02
2.753266603946685791e+02
2.784979128837585449e+02
2.817712502479553223e+02
2.849720599651336670e+02
2.880372374057769775e+02
2.911204271316528320e+02
2.943111948966979980e+02
2.974694519042968750e+02
3.006161875724792480e+02
3.037153897285461426e+02
3.068811378479003906e+02
3.100105607509613037e+02
3.133935120105743408e+02
3.165230281352996826e+02
3.196336362361907959e+02
3.227838099002838135e+02
3.258414819240570068e+02
3.289281749725341797e+02
3.320023591518402100e+02
3.350675365924835205e+02
3.383128418922424316e+02
3.415496416091918945e+02
3.446638538837432861e+02
3.477885735034942627e+02
3.510008556842803955e+02
3.541856179237365723e+02
3.573753843307495117e+02
3.605521423816680908e+02
3.636783618927001953e+02
3.667055125236511230e+02
3.698282313346862793e+02
3.728914072513580322e+02
3.761392145156860352e+02
3.793464925289154053e+02
3.824346871376037598e+02
3.855689134597778320e+02
3.886756203174591064e+02
3.917488036155700684e+02
3.949030439853668213e+02
3.980352692604064941e+02
4.011354715824127197e+02
4.042847089767456055e+02
4.073373775482177734e+02
4.104390811920166016e+02
4.136148376464843750e+02
4.167205431461334229e+02
4.198272738456726074e+02
4.229825155735015869e+02
4.260301809310913086e+02
4.291318838596343994e+02
4.322816214561462402e+02
4.354283573627471924e+02
4.385040421485900879e+02
4.417158241271972656e+02
4.448420445919036865e+02
4.480643341541290283e+02
4.512421121597290039e+02
4.543893272876739502e+02
4.575480711460113525e+02
4.606055228710174561e+02
4.636585288047790527e+02
4.667576479911804199e+02
4.698366675376892090e+02
4.729079356193542480e+02
4.759816195964813232e+02
4.790117719173431396e+02
4.820889575481414795e+02
4.851781520843505859e+02
4.882883617877960205e+02
4.914135823249816895e+02
4.945357999801635742e+02
4.976049807071685791e+02
5.007537341117858887e+02
5.041741645336151123e+02
5.073839447498321533e+02
5.104461195468902588e+02
5.135518262386322021e+02
5.166520287990570068e+02
5.197317166328430176e+02
5.227358508110046387e+02
5.259985647201538086e+02
5.291082882881164551e+02
5.321804714202880859e+02
5.354648036956787109e+02
5.385735120773315430e+02
5.416507129669189453e+02
5.447203931808471680e+02
5.479006531238555908e+02
5.509838435649871826e+02
5.540835452079772949e+02
5.573428802490234375e+02
5.604986214637756348e+02
5.635648002624511719e+02
5.667246537208557129e+02
5.698313608169555664e+02
5.729700908660888672e+02
5.760587847232818604e+02
5.791629903316497803e+02
5.822516849040985107e+02
5.855405206680297852e+02
5.886702435016632080e+02
5.917524335384368896e+02
5.953014552593231201e+02
5.983776400089263916e+02
6.014723391532897949e+02
6.045395178794860840e+02
6.076302134990692139e+02
6.106983931064605713e+02
6.137504153251647949e+02
6.168421123027801514e+02
6.199037861824035645e+02
6.230300083160400391e+02
6.262283012866973877e+02
