6.534647941589355469e-01
1.220368146896362305e+00
1.786771059036254883e+00
2.348170042037963867e+00
2.906567335128784180e+00
3.486479759216308594e+00
4.111923933029174805e+00
4.662315607070922852e+00
5.258238792419433594e+00
5.817636966705322266e+00
6.404053926467895508e+00
6.951442956924438477e+00
7.517345428466796875e+00
8.080745697021484375e+00
8.756226301193237305e+00
9.387175321578979492e+00
1.001011776924133301e+01
1.069210267066955566e+01
1.145014142990112305e+01
1.203555774688720703e+01
1.258244633674621582e+01
1.313383889198303223e+01
1.368823266029357910e+01
1.424262714385986328e+01
1.479001641273498535e+01
1.533390283584594727e+01
1.588479447364807129e+01
1.643868827819824219e+01
1.699008035659790039e+01
1.754497528076171875e+01
1.809786844253540039e+01
1.864775943756103516e+01
1.921316146850585938e+01
1.975404572486877441e+01
2.030243587493896484e+01
2.085132575035095215e+01
2.141372561454772949e+01
2.196862006187438965e+01
2.251500916481018066e+01
2.306790208816528320e+01
2.361078763008117676e+01
2.416117906570434570e+01
2.472057700157165527e+01
2.527797341346740723e+01
2.584487605094909668e+01
2.640127205848693848e+01
2.696667408943176270e+01
2.751956725120544434e+01
2.806545495986938477e+01
2.862135076522827148e+01
2.917674517631530762e+01
2.974665069580078125e+01
3.031105160713195801e+01
3.086094284057617188e+01
3.141033387184143066e+01
3.197923874855041504e+01
3.253913617134094238e+01
3.309403038024902344e+01
3.366993999481201172e+01
3.423334026336669922e+01
3.482025814056396484e+01
3.537114953994750977e+01
3.593154811859130859e+01
3.648344063758850098e+01
3.704784202575683594e+01
3.760723948478698730e+01
3.817014026641845703e+01
3.872853708267211914e+01
3.928192973136901855e+01
3.985583806037902832e+01
4.042774486541748047e+01
4.098964428901672363e+01
4.157255887985229492e+01
4.213245701789855957e+01
4.270236229896545410e+01
4.327927255630493164e+01
4.385167956352233887e+01
4.441107702255249023e+01
4.497697949409484863e+01
4.557440447807312012e+01
4.615281510353088379e+01
4.677876067161560059e+01
4.735767221450805664e+01
4.792557644844055176e+01
4.853100633621215820e+01
4.910191202163696289e+01
4.968082404136657715e+01
5.026223754882812500e+01
5.084164977073669434e+01
5.142006039619445801e+01
5.198246026039123535e+01
5.258839130401611328e+01
5.323084831237792969e+01
5.380375552177429199e+01
5.436465406417846680e+01
5.493656063079833984e+01
5.550796914100646973e+01
5.608537817001342773e+01
5.665878558158874512e+01
5.723569536209106445e+01
5.780209827423095703e+01
5.837300443649291992e+01
5.900345253944396973e+01
5.971045517921447754e+01
6.032539248466491699e+01
6.096634817123413086e+01
6.158128571510314941e+01
6.223124790191650391e+01
6.284818601608276367e+01
6.349614691734313965e+01
6.412209153175354004e+01
6.470800852775573730e+01
6.529792785644531250e+01
6.587133550643920898e+01
6.644974684715270996e+01
6.703216099739074707e+01
6.761007189750671387e+01
6.820199346542358398e+01
6.878090429306030273e+01
6.940735030174255371e+01
7.001478147506713867e+01
7.063172054290771484e+01
7.121913862228393555e+01
7.179554772377014160e+01
7.237946271896362305e+01
7.296838188171386719e+01
7.354629254341125488e+01
7.411919975280761719e+01
7.470061326026916504e+01
7.527702307701110840e+01
7.585693526268005371e+01
7.643334531784057617e+01
7.700675272941589355e+01
7.757815885543823242e+01
7.815356826782226562e+01
7.876650428771972656e+01
7.942096948623657227e+01
8.001939487457275391e+01
8.059730601310729980e+01
8.120824050903320312e+01
8.178865289688110352e+01
8.236206078529357910e+01
8.294997859001159668e+01
8.354940509796142578e+01
8.416834545135498047e+01
8.479429006576538086e+01
8.543874859809875488e+01
8.604568004608154297e+01
8.662409114837646484e+01
8.723752737045288086e+01
8.782344412803649902e+01
8.840886020660400391e+01
8.901028776168823242e+01
8.981185746192932129e+01
9.043930411338806152e+01
9.107425594329833984e+01
9.168018603324890137e+01
9.227661085128784180e+01
9.287103271484375000e+01
9.353950810432434082e+01
9.421098494529724121e+01
9.491548657417297363e+01
9.588467597961425781e+01
9.657616758346557617e+01
9.758888721466064453e+01
9.836593937873840332e+01
9.904192018508911133e+01
9.976793622970581055e+01
1.004269051551818848e+02
1.011594262123107910e+02
1.018764362335205078e+02
1.025158898830413818e+02
1.031608486175537109e+02
1.038183164596557617e+02
1.046889352798461914e+02
1.054034433364868164e+02
1.060038704872131348e+02
1.066042973995208740e+02
1.072222363948822021e+02
1.078701977729797363e+02
1.084781293869018555e+02
1.091406004428863525e+02
1.097785539627075195e+02
1.103799815177917480e+02
1.109824097156524658e+02
1.115793344974517822e+02
1.121982746124267578e+02
1.128157134056091309e+02
1.134151396751403809e+02
1.140155668258666992e+02
1.146109900474548340e+02
1.152164208889007568e+02
1.158238520622253418e+02
1.164312839508056641e+02
1.170287096500396729e+02
1.176551542282104492e+02
1.182916071414947510e+02
1.190086166858673096e+02
1.197121176719665527e+02
1.203205494880676270e+02
