1.740558445453643799e-02
1.642036065459251404e-02
1.740558259189128876e-02
1.477832533419132233e-02
1.543514057993888855e-02
1.412151101976633072e-02
1.346469484269618988e-02
1.444991677999496460e-02
1.773398928344249725e-02
1.642036065459251404e-02
1.740558259189128876e-02
1.379310246556997299e-02
2.003283984959125519e-02
1.510673388838768005e-02
1.904761791229248047e-02
1.609195396304130554e-02
1.871921122074127197e-02
1.543514057993888855e-02
2.068965509533882141e-02
1.313629001379013062e-02
1.444991864264011383e-02
1.510673202574253082e-02
1.576354727149009705e-02
1.609195396304130554e-02
1.576354727149009705e-02
1.609195396304130554e-02
1.642036065459251404e-02
1.806239783763885498e-02
1.116584427654743195e-02
1.215106621384620667e-02
2.167487516999244690e-02
1.346469670534133911e-02
1.609195396304130554e-02
1.543513871729373932e-02
1.247947383671998978e-02
1.970443315804004669e-02
1.510673295706510544e-02
2.003283984959125519e-02
1.609195396304130554e-02
1.642036251723766327e-02
2.364532276988029480e-02
1.904761791229248047e-02
1.609195396304130554e-02
1.576354727149009705e-02
1.576354727149009705e-02
1.609195582568645477e-02
1.674876920878887177e-02
1.937602646648883820e-02
1.576354727149009705e-02
1.543514057993888855e-02
1.642036065459251404e-02
1.543513964861631393e-02
1.313628908246755600e-02
2.200328372418880463e-02
1.674876920878887177e-02
1.444991771131753922e-02
1.280788145959377289e-02
1.477832533419132233e-02
1.937602832913398743e-02
1.642036065459251404e-02
1.642036251723766327e-02
1.576354727149009705e-02
1.609195582568645477e-02
1.937602646648883820e-02
1.806239783763885498e-02
1.379310339689254761e-02
1.609195396304130554e-02
1.806239597499370575e-02
1.444991771131753922e-02
1.740558259189128876e-02
1.773398928344249725e-02
2.036124840378761292e-02
2.298850566148757935e-02
2.101806178689002991e-02
1.839080452919006348e-02
1.609195396304130554e-02
1.609195396304130554e-02
1.510673202574253082e-02
1.707717403769493103e-02
1.773398928344249725e-02
2.003284171223640442e-02
1.937602646648883820e-02
1.576354727149009705e-02
2.068965509533882141e-02
1.510673202574253082e-02
1.773398928344249725e-02
1.674876920878887177e-02
1.773398928344249725e-02
1.642036065459251404e-02
1.904761791229248047e-02
1.543514057993888855e-02
1.477832533419132233e-02
1.970443502068519592e-02
2.134647034108638763e-02
2.101806178689002991e-02
1.839080266654491425e-02
1.806239783763885498e-02
1.477832533419132233e-02
2.266010083258152008e-02
1.904761977493762970e-02
1.806239783763885498e-02
1.806239597499370575e-02
1.313629001379013062e-02
1.707717403769493103e-02
1.510673109441995621e-02
2.036124840378761292e-02
1.707717590034008026e-02
1.773398928344249725e-02
1.937602832913398743e-02
2.068965509533882141e-02
1.937602646648883820e-02
1.707717590034008026e-02
2.036124840378761292e-02
1.247947383671998978e-02
2.364531904458999634e-02
1.477832626551389694e-02
1.707717590034008026e-02
2.101806178689002991e-02
2.331691607832908630e-02
1.839080639183521271e-02
2.200328372418880463e-02
2.364532090723514557e-02
1.871921308338642120e-02
1.806239597499370575e-02
2.331691235303878784e-02
1.576354727149009705e-02
1.871921122074127197e-02
2.036124840378761292e-02
2.266009896993637085e-02
1.674876734614372253e-02
2.134646847844123840e-02
1.707717590034008026e-02
1.806239783763885498e-02
2.397372759878635406e-02
2.101806178689002991e-02
1.871921122074127197e-02
2.266009896993637085e-02
1.937602646648883820e-02
2.036124654114246368e-02
1.412151008844375610e-02
2.495894953608512878e-02
2.364531904458999634e-02
1.871921122074127197e-02
2.003283984959125519e-02
2.233169227838516235e-02
1.839080452919006348e-02
1.970443129539489746e-02
2.364532090723514557e-02
2.167487703263759613e-02
2.003284171223640442e-02
2.101806178689002991e-02
2.495894953608512878e-02
2.331691049039363861e-02
1.609195396304130554e-02
2.397372573614120483e-02
2.331691421568393707e-02
1.773399114608764648e-02
2.266009710729122162e-02
2.331691049039363861e-02
1.839080452919006348e-02
2.692939154803752899e-02
2.430213242769241333e-02
2.430213429033756256e-02
2.528735622763633728e-02
2.331691235303878784e-02
2.955665066838264465e-02
2.791461162269115448e-02
2.725779823958873749e-02
2.364531904458999634e-02
2.758620679378509521e-02
3.119868412613868713e-02
2.988505735993385315e-02
2.857142686843872070e-02
3.218390792608261108e-02
3.152709454298019409e-02
3.054187074303627014e-02
3.809523582458496094e-02
3.284072130918502808e-02
3.349753469228744507e-02
3.448275849223136902e-02
3.645319864153862000e-02
3.152709454298019409e-02
3.973727300763130188e-02
3.579638898372650146e-02
3.875204920768737793e-02
4.433497413992881775e-02
4.269293695688247681e-02
3.973727300763130188e-02
4.630542173981666565e-02
4.564860463142395020e-02
4.466338455677032471e-02
4.827586188912391663e-02
5.123152583837509155e-02
5.418718606233596802e-02
5.057471245527267456e-02
5.188834294676780701e-02
4.958949238061904907e-02
5.582922697067260742e-02
5.123152583837509155e-02
5.221674963831901550e-02
