1.477832533419132233e-02
1.543513871729373932e-02
1.642036251723766327e-02
1.871921122074127197e-02
1.839080452919006348e-02
1.806239597499370575e-02
2.003283984959125519e-02
1.510673202574253082e-02
1.576354540884494781e-02
2.101806364953517914e-02
1.280788239091634750e-02
1.412151008844375610e-02
1.510673202574253082e-02
1.576354727149009705e-02
1.806239783763885498e-02
1.412151101976633072e-02
1.806239783763885498e-02
1.773398928344249725e-02
1.904761791229248047e-02
1.642036065459251404e-02
1.412151101976633072e-02
2.003283984959125519e-02
1.740558259189128876e-02
1.379310339689254761e-02
1.740558259189128876e-02
1.412151008844375610e-02
1.313628815114498138e-02
1.477832533419132233e-02
1.576354727149009705e-02
1.773398928344249725e-02
2.068965509533882141e-02
1.576354727149009705e-02
1.215106714516878128e-02
2.036124840378761292e-02
1.937602646648883820e-02
1.674876734614372253e-02
1.773398928344249725e-02
1.839080452919006348e-02
1.609195396304130554e-02
1.412151008844375610e-02
1.773399114608764648e-02
2.134646847844123840e-02
1.904761977493762970e-02
1.510673295706510544e-02
1.609195396304130554e-02
1.444991771131753922e-02
1.937602646648883820e-02
1.773398928344249725e-02
1.937602646648883820e-02
1.444991771131753922e-02
1.904761791229248047e-02
1.871921308338642120e-02
1.510673202574253082e-02
1.510673202574253082e-02
1.740558259189128876e-02
1.970443315804004669e-02
1.707717776298522949e-02
1.642036251723766327e-02
1.379310339689254761e-02
1.576354540884494781e-02
1.444991864264011383e-02
1.543514057993888855e-02
1.543513871729373932e-02
1.280788145959377289e-02
1.444991864264011383e-02
1.576354727149009705e-02
1.674876734614372253e-02
1.740558445453643799e-02
2.068965509533882141e-02
1.543514057993888855e-02
1.773398928344249725e-02
1.609195396304130554e-02
1.740558259189128876e-02
1.740558259189128876e-02
1.773399114608764648e-02
1.543513964861631393e-02
1.904761791229248047e-02
1.904761977493762970e-02
2.003283984959125519e-02
1.280788239091634750e-02
1.871921122074127197e-02
1.871921122074127197e-02
1.674876734614372253e-02
1.379310339689254761e-02
1.510673295706510544e-02
1.707717403769493103e-02
1.346469670534133911e-02
1.904761791229248047e-02
1.247947476804256439e-02
1.871921122074127197e-02
1.477832533419132233e-02
1.510673202574253082e-02
1.740558259189128876e-02
1.247947476804256439e-02
1.543513964861631393e-02
1.346469577401876450e-02
1.543513964861631393e-02
1.806239597499370575e-02
1.379310339689254761e-02
2.003283984959125519e-02
1.642036065459251404e-02
1.642036251723766327e-02
2.036124840378761292e-02
1.642036065459251404e-02
1.707717590034008026e-02
1.543514057993888855e-02
2.068965323269367218e-02
1.707717590034008026e-02
2.200328372418880463e-02
1.806239783763885498e-02
1.609195396304130554e-02
1.674876734614372253e-02
1.642036251723766327e-02
1.773399114608764648e-02
1.510673202574253082e-02
1.707717403769493103e-02
2.200328372418880463e-02
1.543513871729373932e-02
1.806239783763885498e-02
1.576354727149009705e-02
1.346469670534133911e-02
1.346469670534133911e-02
1.477832533419132233e-02
1.609195396304130554e-02
1.740558259189128876e-02
1.937602646648883820e-02
1.576354727149009705e-02
1.379310339689254761e-02
2.101806178689002991e-02
1.773398928344249725e-02
1.806239783763885498e-02
1.313628908246755600e-02
1.871921308338642120e-02
1.609195396304130554e-02
1.444991864264011383e-02
1.740558259189128876e-02
1.970443315804004669e-02
1.609195396304130554e-02
1.346469670534133911e-02
1.839080452919006348e-02
1.543514057993888855e-02
1.740558259189128876e-02
1.510673388838768005e-02
1.642036065459251404e-02
1.477832533419132233e-02
1.083743758499622345e-02
1.707717590034008026e-02
1.642036251723766327e-02
1.642036065459251404e-02
1.510673202574253082e-02
1.806239783763885498e-02
1.510673202574253082e-02
2.068965323269367218e-02
1.576354727149009705e-02
1.871921308338642120e-02
1.904761791229248047e-02
1.937602460384368896e-02
1.970443315804004669e-02
1.379310339689254761e-02
1.280788239091634750e-02
1.609195396304130554e-02
1.609195396304130554e-02
1.642036065459251404e-02
1.642036065459251404e-02
1.674876920878887177e-02
1.609195396304130554e-02
1.346469670534133911e-02
1.839080452919006348e-02
1.379310339689254761e-02
1.280788145959377289e-02
1.740558259189128876e-02
1.871921122074127197e-02
1.412151008844375610e-02
2.068965323269367218e-02
1.642036065459251404e-02
1.937602646648883820e-02
1.313628908246755600e-02
1.543514057993888855e-02
1.444991864264011383e-02
1.773398928344249725e-02
1.149425376206636429e-02
1.707717590034008026e-02
1.740558259189128876e-02
1.609195396304130554e-02
1.576354540884494781e-02
1.313628815114498138e-02
1.871921122074127197e-02
1.412151195108890533e-02
1.740558259189128876e-02
1.609195396304130554e-02
1.543513871729373932e-02
1.510673202574253082e-02
1.773398928344249725e-02
1.642036065459251404e-02
1.510673295706510544e-02
1.444991771131753922e-02
1.609195396304130554e-02
2.068965695798397064e-02
1.871921122074127197e-02
1.280788239091634750e-02
