2.972110748291015625e+00
5.791131496429443359e+00
8.779754161834716797e+00
1.107488512992858887e+01
1.356115150451660156e+01
1.647075462341308594e+01
1.920119476318359375e+01
2.152534532546997070e+01
2.377594447135925293e+01
2.629923748970031738e+01
2.865541052818298340e+01
3.101709008216857910e+01
3.335576009750366211e+01
3.589306187629699707e+01
3.818468976020812988e+01
4.050984168052673340e+01
4.276994752883911133e+01
4.564599108695983887e+01
4.831488656997680664e+01
5.087071514129638672e+01
5.349307775497436523e+01
5.575068235397338867e+01
5.807083010673522949e+01
6.049155044555664062e+01
6.293629765510559082e+01
6.547660040855407715e+01
6.775672054290771484e+01
7.004284477233886719e+01
7.251159834861755371e+01
7.484675812721252441e+01
7.777934980392456055e+01
8.029913973808288574e+01
8.269684386253356934e+01
8.516065287590026855e+01
8.751529622077941895e+01
9.009813761711120605e+01
9.255988097190856934e+01
9.502463746070861816e+01
9.803677678108215332e+01
1.003669340610504150e+02
1.037874276638031006e+02
1.066074316501617432e+02
1.092858347892761230e+02
1.114403650760650635e+02
1.140932495594024658e+02
1.163273367881774902e+02
1.186539897918701172e+02
1.208490481376647949e+02
1.230341010093688965e+02
1.252316625118255615e+02
1.276093513965606689e+02
1.302563951015472412e+02
1.330799014568328857e+02
1.354396293163299561e+02
1.381925845146179199e+02
1.407469060420989990e+02
1.430525438785552979e+02
1.452195954322814941e+02
1.481349754333496094e+02
1.504526276588439941e+02
1.528958640098571777e+02
1.555552523136138916e+02
1.581601028442382812e+02
1.603691718578338623e+02
1.627213442325592041e+02
1.651095407009124756e+02
1.674857769012451172e+02
1.697974178791046143e+02
1.721911189556121826e+02
1.747099080085754395e+02
1.774918844699859619e+02
1.798585660457611084e+02
1.822637748718261719e+02
1.847700555324554443e+02
1.869876303672790527e+02
1.893538110256195068e+02
1.919946920871734619e+02
1.943608744144439697e+02
1.967045376300811768e+02
1.991748008728027344e+02
2.015274720191955566e+02
2.038506217002868652e+02
2.061997909545898438e+02
2.085564661026000977e+02
2.108836288452148438e+02
2.134039192199707031e+02
2.159722437858581543e+02
2.188142631053924561e+02
2.212019596099853516e+02
2.236782186031341553e+02
2.260749208927154541e+02
2.283955707550048828e+02
2.309018504619598389e+02
2.332159941196441650e+02
2.354175584316253662e+02
2.376636538505554199e+02
2.398507070541381836e+02
2.421028156280517578e+02
2.443203830718994141e+02
2.465089375972747803e+02
2.486239402294158936e+02
2.508280148506164551e+02
2.529925525188446045e+02
2.552286412715911865e+02
2.576323492527008057e+02
2.598269076347351074e+02
2.619654266834259033e+02
2.641644899845123291e+02
2.663995769023895264e+02
2.686321628093719482e+02
2.710498812198638916e+02
2.735851819515228271e+02
2.757642304897308350e+02
2.781013901233673096e+02
2.803639976978302002e+02
2.826646776199340820e+02
2.849488008022308350e+02
2.873294920921325684e+02
2.898953151702880859e+02
2.923495590686798096e+02
2.946471915245056152e+02
2.971409711837768555e+02
2.994721269607543945e+02
3.016842074394226074e+02
3.039688301086425781e+02
3.064150686264038086e+02
3.087873539924621582e+02
3.111595401763916016e+02
3.135542411804199219e+02
3.157633099555969238e+02
3.180009000301361084e+02
3.203305544853210449e+02
3.225301167964935303e+02
3.247416951656341553e+02
3.269932949542999268e+02
3.293174457550048828e+02
3.317211537361145020e+02
3.339307231903076172e+02
3.361212797164916992e+02
3.384020221233367920e+02
3.406190977096557617e+02
3.431013610363006592e+02
3.455631098747253418e+02
3.477601709365844727e+02
3.505336482524871826e+02
3.531920287609100342e+02
3.558984527587890625e+02
3.587064476013183594e+02
3.610466096401214600e+02
3.632171509265899658e+02
3.656603870391845703e+02
3.681761741638183594e+02
3.706099038124084473e+02
3.732407720088958740e+02
3.754618496894836426e+02
3.777824981212615967e+02
3.799685516357421875e+02
3.821355910301208496e+02
3.844852604866027832e+02
3.869229931831359863e+02
3.890409967899322510e+02
3.913401305675506592e+02
3.935847251415252686e+02
3.960985102653503418e+02
3.984522223472595215e+02
4.009730126857757568e+02
4.032536332607269287e+02
4.058214573860168457e+02
4.081736290454864502e+02
4.104952785968780518e+02
4.126297938823699951e+02
4.149649596214294434e+02
4.173621668815612793e+02
4.198319211006164551e+02
4.221455659866333008e+02
4.245047411918640137e+02
4.267778556346893311e+02
4.290289859771728516e+02
4.312710781097412109e+02
4.337603464126586914e+02
4.359373924732208252e+02
4.382537662982940674e+02
4.404763455390930176e+02
4.428185088634490967e+02
4.451782786846160889e+02
4.475069324970245361e+02
4.497790637016296387e+02
4.528804817199707031e+02
4.552326540946960449e+02
4.575708138942718506e+02
4.602622261047363281e+02
4.640592112541198730e+02
4.663633489608764648e+02
4.686550123691558838e+02
4.710101852416992188e+02
4.733563530445098877e+02
4.756805026531219482e+02
4.780466845035552979e+02
4.804588990211486816e+02
4.828225772380828857e+02
