2.908566713333129883e+00
5.012575387954711914e+00
7.537506580352783203e+00
1.011783862113952637e+01
1.265714263916015625e+01
1.485570454597473145e+01
1.697320914268493652e+01
1.952907037734985352e+01
2.218545794486999512e+01
2.443705821037292480e+01
2.697604298591613770e+01
2.959192705154418945e+01
3.166239786148071289e+01
3.407417988777160645e+01
3.630726671218872070e+01
3.843177580833435059e+01
4.077744126319885254e+01
4.297400236129760742e+01
4.516756033897399902e+01
4.746870613098144531e+01
5.011808824539184570e+01
5.230316877365112305e+01
5.504012441635131836e+01
5.815583801269531250e+01
6.042595076560974121e+01
6.327847743034362793e+01
6.575039315223693848e+01
6.851086235046386719e+01
7.078397607803344727e+01
7.281091594696044922e+01
7.560289931297302246e+01
7.837937188148498535e+01
8.094170093536376953e+01
8.320730972290039062e+01
8.558950161933898926e+01
8.761193895339965820e+01
9.100635075569152832e+01
9.446780920028686523e+01
9.665736484527587891e+01
9.935882163047790527e+01
1.023619554042816162e+02
1.054521794319152832e+02
1.074536013603210449e+02
1.097682459354400635e+02
1.120443627834320068e+02
1.141622006893157959e+02
1.163937852382659912e+02
1.186202185153961182e+02
1.207807531356811523e+02
1.232775614261627197e+02
1.256593010425567627e+02
1.277998290061950684e+02
1.301590044498443604e+02
1.326262581348419189e+02
1.350169570446014404e+02
1.374987187385559082e+02
1.404022815227508545e+02
1.428620290756225586e+02
1.454713826179504395e+02
1.480302238464355469e+02
1.502017667293548584e+02
1.522387828826904297e+02
1.543352770805358887e+02
1.565198316574096680e+02
1.591081688404083252e+02
1.615393955707550049e+02
1.639966707229614258e+02
1.661121685504913330e+02
1.682181639671325684e+02
1.705127940177917480e+02
1.728614633083343506e+02
1.749489452838897705e+02
1.771009743213653564e+02
1.792800309658050537e+02
1.815546462535858154e+02
1.836446311473846436e+02
1.858562026023864746e+02
1.881278159618377686e+02
1.902017903327941895e+02
1.924223673343658447e+02
1.951327936649322510e+02
1.977241334915161133e+02
1.998466415405273438e+02
2.021924312114715576e+02
2.043389558792114258e+02
2.067561738491058350e+02
2.090508027076721191e+02
2.110412178039550781e+02
2.133214867115020752e+02
2.155700845718383789e+02
2.177576382160186768e+02
2.198281090259552002e+02
2.220346767902374268e+02
2.241741967201232910e+02
2.264217929840087891e+02
2.285262882709503174e+02
2.308304255008697510e+02
2.329079012870788574e+02
2.351705822944641113e+02
2.377734317779541016e+02
2.403067312240600586e+02
2.425783455371856689e+02
2.445827693939208984e+02
2.466147127151489258e+02
2.486331968307495117e+02
2.508022384643554688e+02
2.532955164909362793e+02
2.556531844139099121e+02
2.578157217502593994e+02
2.600753345489501953e+02
2.621398012638092041e+02
2.642688128948211670e+02
2.663477902412414551e+02
2.686844494342803955e+02
2.708124611377716064e+02
2.729820024967193604e+02
2.751930732727050781e+02
2.773951375484466553e+02
2.796357300281524658e+02
2.816861863136291504e+02
2.837756707668304443e+02
2.864066069126129150e+02
2.886652116775512695e+02
2.909108383655548096e+02
2.930648822784423828e+02
2.954145512580871582e+02
2.980559275150299072e+02
3.005842237472534180e+02
3.029894323348999023e+02
3.059100069999694824e+02
3.084247937202453613e+02
3.106889016628265381e+02
3.131981854438781738e+02
3.155838797092437744e+02
3.177769374847412109e+02
3.205854325294494629e+02
3.234084379673004150e+02
3.255349483489990234e+02
3.283274326324462891e+02
3.312129828929901123e+02
3.335931735038757324e+02
3.364186809062957764e+02
3.404665560722351074e+02
3.438349494934082031e+02
3.471613123416900635e+02
3.544609987735748291e+02
3.584328207969665527e+02
3.637876245975494385e+02
3.687101306915283203e+02
3.739523546695709229e+02
3.770475533008575439e+02
3.799541182518005371e+02
3.857897639274597168e+02
3.958774304389953613e+02
4.000974280834197998e+02
4.036029186248779297e+02
4.068882527351379395e+02
4.094475710391998291e+02
4.122460582256317139e+02
4.151706440448760986e+02
4.178580546379089355e+02
4.203648347854614258e+02
4.232959172725677490e+02
4.393830938339233398e+02
4.443862252235412598e+02
4.506722147464752197e+02
4.584402332305908203e+02
4.611226384639739990e+02
4.640036857128143311e+02
4.664158997535705566e+02
4.692544159889221191e+02
4.725212366580963135e+02
4.752126495838165283e+02
4.783343672752380371e+02
4.820520074367523193e+02
4.857846598625183105e+02
4.888088083267211914e+02
4.919540417194366455e+02
4.950817639827728271e+02
4.988249230384826660e+02
5.021667966842651367e+02
5.046445572376251221e+02
5.071878638267517090e+02
5.094644813537597656e+02
5.117516062259674072e+02
5.140442342758178711e+02
5.164924747943878174e+02
5.187400705814361572e+02
5.208750879764556885e+02
5.231121764183044434e+02
5.254178612232208252e+02
5.274758293628692627e+02
5.301172068119049072e+02
5.336687285900115967e+02
5.362755804061889648e+02
5.389349701404571533e+02
5.416664104461669922e+02
5.440541071891784668e+02
5.465594069957733154e+02
5.488180117607116699e+02
