2.073849439620971680e+00
4.019441366195678711e+00
6.076832532882690430e+00
8.015538454055786133e+00
1.079662394523620605e+01
1.274137735366821289e+01
1.477258133888244629e+01
1.712058043479919434e+01
2.014296364784240723e+01
2.238763546943664551e+01
2.485659623146057129e+01
2.719096755981445312e+01
2.925199341773986816e+01
3.123453140258789062e+01
3.325559639930725098e+01
3.529285001754760742e+01
3.719249033927917480e+01
3.911526536941528320e+01
4.101019096374511719e+01
4.306031179428100586e+01
4.509225249290466309e+01
4.729031944274902344e+01
4.917983222007751465e+01
5.092061591148376465e+01
5.288677453994750977e+01
5.480486512184143066e+01
5.687404799461364746e+01
5.904085087776184082e+01
6.100888538360595703e+01
6.286093091964721680e+01
6.472593021392822266e+01
6.661365675926208496e+01
6.858735728263854980e+01
7.041012477874755859e+01
7.238196992874145508e+01
7.452192783355712891e+01
7.632794022560119629e+01
7.822874236106872559e+01
8.011647844314575195e+01
8.207905793190002441e+01
8.395361089706420898e+01
8.590318417549133301e+01
8.787677669525146484e+01
9.019523787498474121e+01
9.221423029899597168e+01
9.448522162437438965e+01
9.652444672584533691e+01
9.836302089691162109e+01
1.002264471054077148e+02
1.025592472553253174e+02
1.045083978176116943e+02
1.066825239658355713e+02
1.085822365283966064e+02
1.104710707664489746e+02
1.125024411678314209e+02
1.144511065483093262e+02
1.165275022983551025e+02
1.185327768325805664e+02
1.204136776924133301e+02
1.222448172569274902e+02
1.241491825580596924e+02
1.261885149478912354e+02
1.282213153839111328e+02
1.301763968467712402e+02
1.321531538963317871e+02
1.343774795532226562e+02
1.362636168003082275e+02
1.383589892387390137e+02
1.403642611503601074e+02
1.428018662929534912e+02
1.453676519393920898e+02
1.478343594074249268e+02
1.499424359798431396e+02
1.523161513805389404e+02
1.542669522762298584e+02
1.567959036827087402e+02
1.587406792640686035e+02
1.606642644405364990e+02
1.626852424144744873e+02
1.649544284343719482e+02
1.667941455841064453e+02
1.692490885257720947e+02
1.711761443614959717e+02
1.731658077239990234e+02
1.751342813968658447e+02
1.773097200393676758e+02
1.793494310379028320e+02
1.814043951034545898e+02
1.838345668315887451e+02
1.861199519634246826e+02
1.885382945537567139e+02
1.905240459442138672e+02
1.928314297199249268e+02
1.948938200473785400e+02
1.968672487735748291e+02
1.990152966976165771e+02
2.009441673755645752e+02
2.030164415836334229e+02
2.052730598449707031e+02
2.074059495925903320e+02
2.103295052051544189e+02
2.127748138904571533e+02
2.148115599155426025e+02
2.167967741489410400e+02
2.189039888381958008e+02
2.213358495235443115e+02
2.236643204689025879e+02
2.256115286350250244e+02
2.276008429527282715e+02
2.296106894016265869e+02
2.314771673679351807e+02
2.333488407135009766e+02
2.352759628295898438e+02
2.372740814685821533e+02
2.394720754623413086e+02
2.418886077404022217e+02
2.438533825874328613e+02
2.458174371719360352e+02
2.477152626514434814e+02
2.498674490451812744e+02
2.516665701866149902e+02
2.539028358459472656e+02
2.563097579479217529e+02
2.582000741958618164e+02
2.599968116283416748e+02
2.619923443794250488e+02
2.639771437644958496e+02
2.659553594589233398e+02
2.679007644653320312e+02
2.697813661098480225e+02
2.717002599239349365e+02
2.736138019561767578e+02
2.755943973064422607e+02
2.775091381072998047e+02
2.794310829639434814e+02
2.812844736576080322e+02
2.834603672027587891e+02
2.853990144729614258e+02
2.876746037006378174e+02
2.900238516330718994e+02
2.924536099433898926e+02
2.943285996913909912e+02
2.961492154598236084e+02
2.980534682273864746e+02
3.004508635997772217e+02
3.028842606544494629e+02
3.052371902465820312e+02
3.073871061801910400e+02
3.093458943367004395e+02
3.116921088695526123e+02
3.137283694744110107e+02
3.156465718746185303e+02
3.180240330696105957e+02
3.201132149696350098e+02
3.221099662780761719e+02
3.243147776126861572e+02
3.266079640388488770e+02
3.288265781402587891e+02
3.308628385066986084e+02
3.330567755699157715e+02
3.355649883747100830e+02
3.376903245449066162e+02
3.403680324554443359e+02
3.429595165252685547e+02
3.453490030765533447e+02
3.477009575366973877e+02
3.501526167392730713e+02
3.521462910175323486e+02
3.544372625350952148e+02
3.564437277317047119e+02
3.582848744392395020e+02
3.602917997837066650e+02
3.623480422496795654e+02
3.645473327636718750e+02
3.664378583431243896e+02
3.688716268539428711e+02
3.710977904796600342e+02
3.732357311248779297e+02
3.754310023784637451e+02
3.777640447616577148e+02
3.798502693176269531e+02
3.818290379047393799e+02
3.842658181190490723e+02
3.864010603427886963e+02
3.885113050937652588e+02
3.904725003242492676e+02
3.930345687866210938e+02
3.952859077453613281e+02
3.974398553371429443e+02
4.001719126701354980e+02
4.030123119354248047e+02
4.051332423686981201e+02
4.071063618659973145e+02
4.092338492870330811e+02
4.113411762714385986e+02
4.135364618301391602e+02
4.154912960529327393e+02
4.174925711154937744e+02
4.202928731441497803e+02
4.226007480621337891e+02
