1.562932319939136505e-02
1.784232445061206818e-02
1.936376281082630157e-02
1.908713765442371368e-02
2.268326468765735626e-02
3.471646085381507874e-02
6.459198147058486938e-02
1.070539429783821106e-01
1.839557439088821411e-01
2.648686170578002930e-01
3.535269796848297119e-01
3.994467556476593018e-01
4.540802240371704102e-01
4.822959899902343750e-01
5.222683548927307129e-01
5.474412441253662109e-01
5.632088780403137207e-01
5.857538580894470215e-01
6.091286540031433105e-01
6.215767860412597656e-01
6.363762021064758301e-01
6.479944586753845215e-01
6.549100875854492188e-01
6.616874337196350098e-01
6.759335994720458984e-01
6.753804087638854980e-01
6.912863850593566895e-01
7.060858011245727539e-01
7.015214562416076660e-01
7.182572484016418457e-01
7.222683429718017578e-01
7.242047190666198730e-01
7.385892868041992188e-01
7.326418161392211914e-01
7.402489781379699707e-01
7.508990168571472168e-01
7.466113567352294922e-01
7.621023654937744141e-01
7.587828636169433594e-01
7.655602097511291504e-01
7.684647440910339355e-01
7.622407078742980957e-01
7.737206816673278809e-01
7.735823392868041992e-01
7.803596258163452148e-01
7.818810939788818359e-01
7.840940952301025391e-01
7.868603467941284180e-01
7.905947566032409668e-01
7.948824167251586914e-01
7.937759757041931152e-01
8.008298873901367188e-01
7.991701364517211914e-01
7.973720431327819824e-01
8.056708574295043945e-01
8.071923255920410156e-01
8.091286420822143555e-01
8.088520169258117676e-01
8.153526782989501953e-01
8.134163618087768555e-01
8.167359232902526855e-01
8.141078948974609375e-01
8.179806470870971680e-01
8.255878686904907227e-01
8.185338973999023438e-01
8.221300840377807617e-01
8.258644342422485352e-01
8.287690877914428711e-01
8.240664601325988770e-01
8.304288387298583984e-01
8.334717154502868652e-01
8.254495859146118164e-01
8.325034976005554199e-01
8.333333730697631836e-01
8.282158374786376953e-01
8.385893106460571289e-01
8.313969969749450684e-01
8.417704105377197266e-01
8.348547816276550293e-01
8.333333730697631836e-01
8.445366621017456055e-01
8.435685038566589355e-01
8.466113805770874023e-01
8.485477566719055176e-01
8.427386283874511719e-01
8.428769111633300781e-01
8.424620032310485840e-01
8.506224751472473145e-01
8.474412560462951660e-01
8.455048799514770508e-01
8.434301614761352539e-01
8.467497229576110840e-01
8.543568849563598633e-01
8.511756658554077148e-01
8.556016683578491211e-01
8.493776321411132812e-01
8.568465113639831543e-01
8.518672585487365723e-01
8.546335101127624512e-01
8.554633855819702148e-01
8.590595126152038574e-01
8.590595126152038574e-01
8.583679199218750000e-01
8.528354763984680176e-01
8.590595126152038574e-01
8.586445450782775879e-01
8.630705475807189941e-01
8.640388250350952148e-01
8.573997616767883301e-01
8.578146696090698242e-01
8.557400107383728027e-01
8.632089495658874512e-01
8.629322052001953125e-01
8.625173568725585938e-01
8.600277304649353027e-01
8.607192635536193848e-01
8.637621402740478516e-01
8.583679795265197754e-01
8.607192635536193848e-01
8.655601739883422852e-01
8.636238574981689453e-01
8.659751415252685547e-01
8.663901090621948242e-01
8.669433593750000000e-01
8.673582673072814941e-01
8.643153309822082520e-01
8.749654293060302734e-01
8.650069832801818848e-01
8.681882023811340332e-01
8.672199249267578125e-01
8.661134243011474609e-01
8.690180182456970215e-01
8.686031103134155273e-01
8.670816421508789062e-01
8.677731752395629883e-01
8.663900494575500488e-01
8.643153905868530273e-01
8.705394864082336426e-01
8.679115176200866699e-01
8.727524280548095703e-01
8.709543943405151367e-01
8.744122385978698730e-01
8.719225525856018066e-01
8.705394864082336426e-01
8.731673359870910645e-01
8.680498600006103516e-01
8.759336471557617188e-01
8.663900494575500488e-01
8.710926771163940430e-01
8.739972710609436035e-01
8.717842698097229004e-01
8.756569623947143555e-01
8.741355538368225098e-01
8.767635226249694824e-01
8.710926771163940430e-01
8.719226121902465820e-01
8.710926771163940430e-01
8.728907704353332520e-01
8.752420544624328613e-01
8.769018650054931641e-01
8.788382411003112793e-01
8.764868974685668945e-01
8.728907108306884766e-01
8.752421140670776367e-01
8.759336471557617188e-01
8.793914914131164551e-01
8.745505809783935547e-01
8.836791515350341797e-01
8.734440207481384277e-01
8.769018650054931641e-01
8.753803968429565430e-01
8.777317404747009277e-01
8.752421140670776367e-01
8.824343681335449219e-01
8.802213072776794434e-01
8.748271465301513672e-01
8.795297741889953613e-01
8.774551153182983398e-01
8.836791515350341797e-01
8.777316808700561523e-01
8.813278079032897949e-01
8.763486146926879883e-01
8.847856521606445312e-01
8.824343681335449219e-01
8.773167729377746582e-01
8.824343085289001465e-01
8.752420544624328613e-01
8.781466484069824219e-01
8.822960257530212402e-01
8.813278675079345703e-01
8.886584043502807617e-01
8.816044330596923828e-01
8.799447417259216309e-01
8.814661502838134766e-01
8.782849907875061035e-01
8.804979324340820312e-01
8.789765238761901855e-01
8.788381814956665039e-01
8.806362748146057129e-01
8.802213668823242188e-01
8.836791515350341797e-01
8.809128999710083008e-01
8.824343085289001465e-01
8.838174939155578613e-01
8.845090270042419434e-01
8.854771852493286133e-01
8.827109336853027344e-01
8.810511827468872070e-01
8.809128999710083008e-01
8.786998987197875977e-01
8.817427158355712891e-01
8.856155276298522949e-01
8.874136209487915039e-01
8.818810582160949707e-01
8.849239349365234375e-01
8.890733718872070312e-01
8.910096883773803711e-01
8.857538104057312012e-01
8.885201215744018555e-01
8.840940594673156738e-01
8.868603706359863281e-01
8.894882798194885254e-01
8.839557766914367676e-01
8.863070607185363770e-01
8.789765238761901855e-01
8.861688375473022461e-01
8.886584043502807617e-01
8.820194005966186523e-01
8.869985938072204590e-01
8.820194005966186523e-01
8.900415301322937012e-01
8.872753381729125977e-01
8.850622773170471191e-01
8.816044926643371582e-01
8.846473097801208496e-01
8.842323422431945801e-01
8.846473693847656250e-01
8.811895251274108887e-01
8.786999583244323730e-01
8.814661502838134766e-01
8.846473693847656250e-01
8.865836858749389648e-01
8.892116546630859375e-01
8.919779062271118164e-01
8.832642436027526855e-01
8.850622773170471191e-01
8.827109336853027344e-01
8.831259012222290039e-01
8.879668712615966797e-01
8.869986534118652344e-01
8.836791515350341797e-01
8.857538104057312012e-01
8.901798725128173828e-01
8.875519037246704102e-01
8.864454030990600586e-01
8.858920931816101074e-01
8.869985938072204590e-01
8.890733122825622559e-01
8.911479711532592773e-01
8.886584639549255371e-01
8.868603110313415527e-01
8.810512423515319824e-01
8.910096883773803711e-01
8.836791515350341797e-01
8.836791515350341797e-01
8.889350891113281250e-01
8.882434964179992676e-01
8.843707442283630371e-01
8.907331228256225586e-01
8.918396234512329102e-01
8.850622773170471191e-01
8.875519633293151855e-01
8.868603110313415527e-01
8.883817791938781738e-01
8.876901865005493164e-01
8.853389024734497070e-01
8.926694393157958984e-01
8.885200619697570801e-01
8.910097479820251465e-01
8.905947804450988770e-01
8.865837454795837402e-01
8.889350295066833496e-01
8.910097479820251465e-01
8.872752785682678223e-01
8.856155276298522949e-01
8.839557766914367676e-01
8.865837454795837402e-01
8.943291902542114258e-01
8.905947804450988770e-01
8.894882798194885254e-01
8.910096883773803711e-01
8.847855925559997559e-01
8.910096883773803711e-01
8.932226896286010742e-01
8.917012810707092285e-01
8.903182148933410645e-01
8.922545313835144043e-01
8.959889411926269531e-01
8.912863135337829590e-01
8.897648453712463379e-01
8.929460644721984863e-01
8.908714056015014648e-01
8.903181552886962891e-01
8.959889411926269531e-01
8.932227492332458496e-01
8.968188762664794922e-01
8.896265625953674316e-01
8.923928141593933105e-01
8.835408687591552734e-01
8.854771852493286133e-01
8.912863731384277344e-01
8.943291902542114258e-01
8.914246559143066406e-01
8.954357504844665527e-01
8.865837454795837402e-01
8.975104093551635742e-01
8.941909074783325195e-01
8.846473097801208496e-01
8.893499374389648438e-01
8.961272835731506348e-01
8.910097479820251465e-01
8.908714056015014648e-01
8.921162486076354980e-01
8.883817791938781738e-01
8.922545313835144043e-01
8.928077816963195801e-01
8.904564976692199707e-01
8.917012214660644531e-01
8.910096883773803711e-01
8.944675326347351074e-01
8.922545909881591797e-01
8.930844068527221680e-01
8.912863731384277344e-01
8.934993743896484375e-01
8.910096883773803711e-01
8.943291902542114258e-01
8.911480307579040527e-01
8.905947208404541016e-01
8.922545313835144043e-01
8.887966871261596680e-01
8.952974081039428711e-01
8.944675326347351074e-01
8.941909074783325195e-01
8.919779658317565918e-01
8.886584043502807617e-01
8.915629386901855469e-01
8.972337841987609863e-01
8.904564380645751953e-01
8.872752785682678223e-01
8.919779062271118164e-01
8.893499374389648438e-01
8.897649645805358887e-01
8.941909074783325195e-01
8.912863731384277344e-01
8.904564380645751953e-01
8.889350295066833496e-01
8.890733718872070312e-01
8.904564976692199707e-01
8.911480307579040527e-01
8.951591253280639648e-01
8.937759995460510254e-01
8.934993743896484375e-01
8.940526247024536133e-01
8.936376571655273438e-01
8.905947208404541016e-01
8.925311565399169922e-01
8.965422511100769043e-01
8.911480307579040527e-01
8.984786272048950195e-01
8.969571590423583984e-01
8.955740332603454590e-01
8.946058750152587891e-01
8.950207829475402832e-01
8.905947804450988770e-01
8.955740332603454590e-01
8.941909074783325195e-01
8.922545313835144043e-01
8.910097479820251465e-01
8.947441577911376953e-01
8.890733122825622559e-01
8.936376571655273438e-01
8.936376571655273438e-01
8.922545313835144043e-01
8.965422511100769043e-01
8.893499970436096191e-01
8.940526247024536133e-01
8.930844664573669434e-01
8.934993743896484375e-01
8.951591253280639648e-01
8.915629386901855469e-01
8.929460644721984863e-01
8.959889411926269531e-01
8.979253172874450684e-01
8.915629386901855469e-01
8.925311565399169922e-01
8.922545313835144043e-01
8.928077816963195801e-01
8.919779062271118164e-01
8.925311565399169922e-01
8.937759995460510254e-01
8.975103497505187988e-01
8.988935351371765137e-01
8.950207829475402832e-01
8.962656259536743164e-01
8.932227492332458496e-01
8.943292498588562012e-01
8.901798129081726074e-01
8.904564380645751953e-01
8.952974677085876465e-01
8.965421915054321289e-01
8.918396234512329102e-01
8.946058750152587891e-01
8.912863135337829590e-01
8.972337841987609863e-01
8.961272835731506348e-01
8.879668116569519043e-01
8.912863135337829590e-01
8.941909074783325195e-01
8.958507180213928223e-01
8.948824405670166016e-01
8.959890007972717285e-01
8.926694989204406738e-01
8.926694393157958984e-01
8.961272835731506348e-01
8.970954418182373047e-01
8.951591253280639648e-01
8.965422511100769043e-01
8.940525650978088379e-01
8.968188166618347168e-01
9.011065363883972168e-01
8.955740332603454590e-01
8.922545313835144043e-01
8.943291902542114258e-01
8.930844664573669434e-01
8.932226896286010742e-01
9.022130370140075684e-01
9.012448787689208984e-01
8.904564380645751953e-01
8.995851278305053711e-01
8.952973484992980957e-01
8.966805338859558105e-01
8.940525650978088379e-01
8.940525650978088379e-01
8.969570994377136230e-01
8.940526247024536133e-01
8.969572186470031738e-01
8.929461240768432617e-01
8.933609724044799805e-01
8.957123160362243652e-01
8.980636000633239746e-01
8.957123160362243652e-01
8.962655663490295410e-01
8.982019424438476562e-01
8.958506584167480469e-01
9.030429124832153320e-01
8.961272239685058594e-01
8.982019424438476562e-01
9.002766609191894531e-01
8.941909074783325195e-01
8.988935351371765137e-01
8.947441577911376953e-01
8.946058750152587891e-01
8.921162486076354980e-01
8.966805338859558105e-01
8.936376571655273438e-01
8.957123160362243652e-01
8.952974081039428711e-01
8.959890007972717285e-01
8.918395638465881348e-01
8.962655663490295410e-01
8.994467854499816895e-01
8.951591253280639648e-01
8.957123756408691406e-01
8.970954418182373047e-01
8.995850682258605957e-01
8.979253768920898438e-01
8.979253172874450684e-01
8.982020020484924316e-01
8.912863731384277344e-01
9.013831615447998047e-01
8.946058750152587891e-01
8.944675326347351074e-01
9.030429124832153320e-01
8.979253768920898438e-01
8.933610320091247559e-01
8.944675326347351074e-01
8.955740332603454590e-01
8.950207829475402832e-01
8.936376571655273438e-01
8.933610916137695312e-01
8.948824405670166016e-01
8.958506584167480469e-01
8.951591253280639648e-01
8.993085026741027832e-01
8.972337841987609863e-01
8.962655663490295410e-01
8.950207829475402832e-01
8.968188166618347168e-01
8.930844068527221680e-01
8.933610916137695312e-01
8.955740332603454590e-01
8.977870345115661621e-01
8.955739736557006836e-01
8.951591253280639648e-01
8.957123756408691406e-01
8.968188762664794922e-01
8.943292498588562012e-01
8.962655663490295410e-01
8.969572186470031738e-01
8.976487517356872559e-01
9.006915688514709473e-01
8.988935351371765137e-01
8.947441577911376953e-01
8.948824405670166016e-01
8.934993147850036621e-01
8.975103497505187988e-01
8.991701602935791016e-01
8.943292498588562012e-01
8.987551927566528320e-01
8.993085026741027832e-01
8.952973484992980957e-01
8.941909670829772949e-01
8.941909074783325195e-01
8.966805338859558105e-01
8.984785676002502441e-01
8.972338438034057617e-01
8.993085026741027832e-01
9.017980694770812988e-01
8.955740332603454590e-01
8.982019424438476562e-01
8.994467854499816895e-01
8.973721265792846680e-01
8.965421915054321289e-01
8.923928141593933105e-01
8.976486921310424805e-01
8.977870345115661621e-01
8.986169099807739258e-01
8.983402848243713379e-01
8.969571590423583984e-01
8.980637192726135254e-01
8.940526247024536133e-01
8.929461240768432617e-01
8.983402252197265625e-01
8.950208425521850586e-01
8.988935351371765137e-01
8.952974081039428711e-01
9.023513197898864746e-01
8.955740332603454590e-01
9.015215039253234863e-01
8.976487517356872559e-01
8.983403444290161133e-01
9.000000357627868652e-01
8.958506584167480469e-01
9.004149436950683594e-01
8.987551927566528320e-01
8.968188166618347168e-01
8.987552523612976074e-01
8.983402848243713379e-01
8.995850682258605957e-01
8.966805934906005859e-01
8.972337245941162109e-01
8.948824405670166016e-01
9.004149436950683594e-01
8.970954418182373047e-01
8.986168503761291504e-01
8.982020020484924316e-01
8.994467854499816895e-01
8.987551927566528320e-01
9.006916284561157227e-01
9.011065363883972168e-01
8.940525650978088379e-01
8.977870345115661621e-01
8.939143419265747070e-01
8.988935351371765137e-01
8.998617529869079590e-01
8.988935351371765137e-01
9.047026634216308594e-01
9.001383781433105469e-01
8.962656259536743164e-01
8.993084430694580078e-01
8.952974081039428711e-01
8.976486921310424805e-01
8.952974081039428711e-01
8.923928737640380859e-01
9.020746946334838867e-01
8.969571590423583984e-01
8.969571590423583984e-01
8.966805338859558105e-01
8.968188166618347168e-01
8.957123160362243652e-01
8.964039087295532227e-01
9.001383185386657715e-01
9.040111303329467773e-01
8.903181552886962891e-01
9.038727879524230957e-01
8.941908478736877441e-01
8.976486921310424805e-01
9.027662873268127441e-01
8.977870345115661621e-01
8.962655663490295410e-01
8.961272239685058594e-01
9.020747542381286621e-01
8.966805338859558105e-01
8.954357504844665527e-01
8.936376571655273438e-01
8.958505988121032715e-01
8.973721265792846680e-01
9.000000357627868652e-01
8.958506584167480469e-01
8.965421915054321289e-01
8.955740332603454590e-01
8.975104093551635742e-01
8.964039087295532227e-01
8.966805338859558105e-01
8.979253768920898438e-01
8.961272835731506348e-01
8.980636596679687500e-01
9.024897217750549316e-01
9.020746946334838867e-01
8.970954418182373047e-01
9.000000357627868652e-01
9.024896621704101562e-01
8.957123160362243652e-01
9.015215039253234863e-01
8.990318775177001953e-01
9.006915688514709473e-01
8.977869749069213867e-01
8.964039087295532227e-01
8.975104093551635742e-01
8.994467854499816895e-01
8.998617529869079590e-01
8.975104093551635742e-01
8.918395638465881348e-01
8.990318179130554199e-01
8.968188762664794922e-01
8.964039087295532227e-01
8.991701602935791016e-01
8.944675922393798828e-01
8.957123756408691406e-01
9.002766609191894531e-01
9.002766013145446777e-01
8.987551927566528320e-01
8.986169099807739258e-01
8.991701602935791016e-01
8.994468450546264648e-01
9.051176309585571289e-01
8.961273431777954102e-01
8.991701006889343262e-01
8.991701602935791016e-01
8.957123756408691406e-01
8.980637192726135254e-01
9.004149436950683594e-01
9.049792885780334473e-01
9.000000953674316406e-01
8.995850682258605957e-01
9.004150032997131348e-01
8.958505988121032715e-01
8.976486921310424805e-01
8.990318775177001953e-01
8.994467854499816895e-01
8.957123756408691406e-01
8.988935351371765137e-01
8.982019424438476562e-01
9.033194780349731445e-01
8.979253172874450684e-01
8.983403444290161133e-01
9.009682536125183105e-01
8.941909670829772949e-01
8.969571590423583984e-01
8.969571590423583984e-01
8.976487517356872559e-01
9.000000357627868652e-01
9.020747542381286621e-01
9.024896621704101562e-01
8.930844068527221680e-01
9.004150032997131348e-01
9.042876958847045898e-01
8.970955014228820801e-01
8.939142823219299316e-01
9.002767205238342285e-01
8.972337841987609863e-01
8.972338438034057617e-01
8.982019424438476562e-01
8.976487517356872559e-01
9.000000357627868652e-01
8.984786272048950195e-01
9.002767205238342285e-01
8.988935351371765137e-01
8.994467854499816895e-01
8.944675326347351074e-01
8.969572186470031738e-01
8.975104093551635742e-01
8.957123756408691406e-01
9.017980694770812988e-01
8.969571590423583984e-01
8.959889411926269531e-01
9.004149436950683594e-01
8.969571590423583984e-01
8.984786272048950195e-01
9.012448787689208984e-01
9.035961627960205078e-01
8.995851278305053711e-01
8.973720669746398926e-01
8.961272835731506348e-01
8.986168503761291504e-01
8.991701602935791016e-01
8.965422511100769043e-01
8.962655663490295410e-01
8.932227492332458496e-01
8.977870345115661621e-01
9.038727879524230957e-01
9.026279449462890625e-01
9.001383185386657715e-01
8.941909074783325195e-01
8.972337841987609863e-01
9.013832211494445801e-01
8.979253768920898438e-01
9.037345051765441895e-01
8.973720669746398926e-01
8.984786272048950195e-01
9.034578204154968262e-01
8.964039087295532227e-01
9.040111303329467773e-01
8.952974081039428711e-01
8.998617529869079590e-01
8.934993147850036621e-01
9.004149436950683594e-01
8.993084430694580078e-01
9.059474468231201172e-01
8.958505988121032715e-01
8.979253172874450684e-01
9.002766013145446777e-01
9.024896621704101562e-01
9.029045701026916504e-01
9.008299112319946289e-01
8.969571590423583984e-01
8.970955014228820801e-01
9.005532264709472656e-01
8.975104093551635742e-01
9.022130370140075684e-01
9.030429124832153320e-01
8.923928141593933105e-01
8.958506584167480469e-01
8.997234106063842773e-01
8.966805338859558105e-01
8.954356908798217773e-01
8.969572186470031738e-01
8.969571590423583984e-01
8.965422511100769043e-01
8.977870941162109375e-01
8.995850682258605957e-01
8.991701602935791016e-01
9.015214443206787109e-01
8.993085026741027832e-01
9.022130370140075684e-01
9.009682536125183105e-01
9.020747542381286621e-01
8.997234106063842773e-01
8.961272239685058594e-01
9.006915688514709473e-01
9.004150032997131348e-01
9.015215039253234863e-01
8.998616933822631836e-01
8.997234106063842773e-01
8.993085026741027832e-01
8.983402848243713379e-01
8.984785676002502441e-01
8.994467854499816895e-01
9.052559137344360352e-01
8.991702198982238770e-01
9.019364118576049805e-01
9.005532860755920410e-01
9.026280045509338379e-01
9.008299112319946289e-01
8.991701602935791016e-01
9.006915688514709473e-01
9.008299112319946289e-01
8.995851278305053711e-01
8.998616933822631836e-01
9.006915688514709473e-01
8.988935351371765137e-01
9.013832211494445801e-01
8.975104093551635742e-01
9.004150032997131348e-01
8.979253172874450684e-01
9.012448787689208984e-01
8.966805338859558105e-01
8.976486921310424805e-01
9.012448191642761230e-01
9.035961627960205078e-01
8.959890007972717285e-01
8.965421915054321289e-01
8.991701602935791016e-01
8.969571590423583984e-01
8.977870345115661621e-01
9.011065363883972168e-01
9.017981290817260742e-01
8.993084430694580078e-01
9.012448191642761230e-01
9.026279449462890625e-01
9.035961627960205078e-01
9.015214443206787109e-01
9.011065363883972168e-01
8.984786272048950195e-01
9.009681940078735352e-01
9.017981290817260742e-01
9.055325984954833984e-01
9.001383185386657715e-01
8.984785676002502441e-01
9.012448787689208984e-01
9.026280045509338379e-01
8.980636596679687500e-01
9.011065959930419922e-01
9.005532860755920410e-01
9.038727283477783203e-01
8.991701602935791016e-01
8.995851278305053711e-01
8.965422511100769043e-01
9.023513197898864746e-01
8.966805338859558105e-01
9.027662873268127441e-01
9.055324792861938477e-01
9.006916284561157227e-01
9.005532860755920410e-01
9.011065363883972168e-01
9.002766609191894531e-01
9.011065363883972168e-01
8.957123160362243652e-01
9.024896621704101562e-01
9.009682536125183105e-01
8.994467854499816895e-01
8.962656259536743164e-01
9.027662873268127441e-01
9.017980694770812988e-01
8.994467854499816895e-01
9.026280045509338379e-01
9.022130370140075684e-01
8.970955014228820801e-01
9.038727879524230957e-01
9.020747542381286621e-01
9.034578204154968262e-01
8.995851278305053711e-01
8.997233510017395020e-01
8.986169695854187012e-01
8.977870345115661621e-01
9.006916284561157227e-01
9.016597867012023926e-01
8.998616933822631836e-01
9.000000357627868652e-01
9.024896621704101562e-01
9.000000357627868652e-01
9.052559137344360352e-01
9.040110707283020020e-01
9.005532860755920410e-01
9.002766609191894531e-01
9.013831019401550293e-01
9.063624143600463867e-01
9.038727879524230957e-01
9.009681940078735352e-01
9.000000953674316406e-01
9.016598463058471680e-01
8.984786272048950195e-01
8.982019424438476562e-01
9.006916284561157227e-01
8.998617529869079590e-01
8.991701602935791016e-01
8.991701006889343262e-01
9.047026634216308594e-01
9.062240719795227051e-01
9.023513793945312500e-01
8.943292498588562012e-01
9.016597867012023926e-01
9.016597867012023926e-01
9.045643210411071777e-01
9.048409461975097656e-01
9.060857892036437988e-01
9.015215039253234863e-01
9.017981290817260742e-01
9.015215039253234863e-01
9.060857892036437988e-01
8.998617529869079590e-01
9.029045701026916504e-01
8.983402848243713379e-01
9.000000357627868652e-01
8.990318775177001953e-01
9.033195376396179199e-01
9.012448191642761230e-01
9.030429124832153320e-01
9.001383185386657715e-01
8.988935351371765137e-01
9.017981290817260742e-01
9.030429124832153320e-01
8.975104093551635742e-01
8.997234702110290527e-01
9.047027230262756348e-01
8.987552523612976074e-01
9.060857892036437988e-01
8.966805338859558105e-01
9.002766609191894531e-01
9.020746946334838867e-01
8.998616933822631836e-01
8.972338438034057617e-01
9.006915688514709473e-01
8.984785676002502441e-01
9.008299112319946289e-01
9.001383781433105469e-01
9.013831615447998047e-01
8.975104093551635742e-01
9.042876958847045898e-01
8.955740332603454590e-01
8.977870345115661621e-01
9.005532860755920410e-01
9.000000357627868652e-01
9.011065363883972168e-01
9.022130370140075684e-01
9.011064767837524414e-01
9.013831615447998047e-01
9.001383781433105469e-01
9.045643806457519531e-01
9.041494131088256836e-01
8.988935351371765137e-01
8.973721265792846680e-01
8.979253768920898438e-01
8.983402848243713379e-01
8.998617529869079590e-01
8.969571590423583984e-01
8.995851278305053711e-01
9.009681940078735352e-01
8.995851278305053711e-01
9.017981290817260742e-01
9.001383781433105469e-01
9.004150032997131348e-01
9.011064767837524414e-01
8.975104093551635742e-01
9.023513197898864746e-01
8.975104093551635742e-01
8.986168503761291504e-01
9.017981290817260742e-01
8.959890007972717285e-01
8.994468450546264648e-01
9.040111303329467773e-01
9.042877554893493652e-01
8.987551927566528320e-01
9.042877554893493652e-01
9.031811952590942383e-01
9.001383781433105469e-01
9.027662873268127441e-01
9.002766609191894531e-01
8.991701602935791016e-01
9.041493535041809082e-01
9.015214443206787109e-01
9.059475064277648926e-01
9.031812548637390137e-01
9.052559137344360352e-01
9.013831615447998047e-01
8.998616933822631836e-01
8.968188762664794922e-01
9.030429124832153320e-01
8.980636596679687500e-01
8.976487517356872559e-01
9.008299112319946289e-01
9.009682536125183105e-01
9.041494131088256836e-01
9.037345051765441895e-01
9.011065363883972168e-01
8.980636596679687500e-01
9.041494727134704590e-01
9.047026038169860840e-01
9.026279449462890625e-01
8.993085026741027832e-01
9.030429124832153320e-01
9.035961627960205078e-01
9.002766013145446777e-01
9.009681940078735352e-01
9.031811952590942383e-01
9.006915688514709473e-01
9.011065363883972168e-01
8.983402252197265625e-01
8.993084430694580078e-01
8.995850682258605957e-01
9.019364118576049805e-01
8.994467854499816895e-01
9.027662873268127441e-01
9.016597867012023926e-01
8.994467854499816895e-01
8.979253768920898438e-01
9.030429720878601074e-01
9.026280045509338379e-01
9.027663469314575195e-01
9.071922898292541504e-01
9.017980694770812988e-01
8.997234106063842773e-01
9.002766609191894531e-01
9.027662873268127441e-01
9.027662873268127441e-01
8.987551927566528320e-01
9.000000357627868652e-01
9.000000357627868652e-01
9.005532860755920410e-01
9.044260382652282715e-01
