1.562932319939136505e-02
1.853388734161853790e-02
2.213001437485218048e-02
3.112033382058143616e-02
4.495159164071083069e-02
7.261411100625991821e-02
1.182572618126869202e-01
1.665283590555191040e-01
2.293222695589065552e-01
2.856155037879943848e-01
3.432918488979339600e-01
3.818810582160949707e-01
4.224066436290740967e-01
4.647302925586700439e-01
4.918395578861236572e-01
5.065007209777832031e-01
5.300138592720031738e-01
5.547717809677124023e-01
5.774550437927246094e-01
6.038727760314941406e-01
6.076071858406066895e-01
6.236514449119567871e-01
6.403872966766357422e-01
6.478561758995056152e-01
6.586445569992065430e-01
6.645919680595397949e-01
6.695712804794311523e-01
6.680498123168945312e-01
6.872752904891967773e-01
7.023513317108154297e-01
7.102351784706115723e-01
7.154910564422607422e-01
7.147994637489318848e-01
7.196403741836547852e-01
7.311204075813293457e-01
7.327800989151000977e-01
7.307053804397583008e-01
7.448133230209350586e-01
7.484093904495239258e-01
7.468879818916320801e-01
7.475795149803161621e-01
7.589211463928222656e-01
7.611342072486877441e-01
7.683264613151550293e-01
7.737206220626831055e-01
7.699861526489257812e-01
7.721992135047912598e-01
7.704011797904968262e-01
7.737206220626831055e-01
7.814661264419555664e-01
7.940526008605957031e-01
7.824343442916870117e-01
7.867220640182495117e-01
7.878285050392150879e-01
7.901798486709594727e-01
7.970954775810241699e-01
7.980636358261108398e-01
7.966805100440979004e-01
8.026279807090759277e-01
7.997233867645263672e-01
8.077455163002014160e-01
8.127247691154479980e-01
8.073305487632751465e-01
8.152143955230712891e-01
8.127248287200927734e-01
8.138312697410583496e-01
8.145228624343872070e-01
8.149377703666687012e-01
8.159059882164001465e-01
8.179806470870971680e-01
8.208851814270019531e-01
8.283541202545166016e-01
8.304288387298583984e-01
8.305671215057373047e-01
8.213002085685729980e-01
8.300138711929321289e-01
8.297372460365295410e-01
8.336099982261657715e-01
8.294606208801269531e-01
8.304288387298583984e-01
8.383126854896545410e-01
8.365145921707153320e-01
8.383126258850097656e-01
8.309820890426635742e-01
8.354080319404602051e-01
8.343015909194946289e-01
8.438451290130615234e-01
8.412171602249145508e-01
8.352697491645812988e-01
8.452282547950744629e-01
8.405256271362304688e-01
8.403873443603515625e-01
8.455048799514770508e-01
8.432918787002563477e-01
8.378977179527282715e-01
8.488243818283081055e-01
8.431535363197326660e-01
8.489626646041870117e-01
8.464730381965637207e-01
8.482710719108581543e-01
8.479945063591003418e-01
8.496542572975158691e-01
8.517289757728576660e-01
8.507607579231262207e-01
8.502075076103210449e-01
8.525588512420654297e-01
8.521438837051391602e-01
8.484094738960266113e-01
8.515906333923339844e-01
8.560166358947753906e-01
8.540802597999572754e-01
8.561549782752990723e-01
8.502075076103210449e-01
8.571231365203857422e-01
8.586445450782775879e-01
8.521438241004943848e-01
8.565698862075805664e-01
8.562933206558227539e-01
8.616874217987060547e-01
8.597511053085327148e-01
8.529737591743469238e-01
8.531121015548706055e-01
8.611341714859008789e-01
8.614107966423034668e-01
8.645920753479003906e-01
8.611342310905456543e-01
8.630706071853637695e-01
8.623790144920349121e-01
8.611341714859008789e-01
8.658368587493896484e-01
8.618258237838745117e-01
8.665283918380737305e-01
8.654218912124633789e-01
8.645920157432556152e-01
8.630705475807189941e-01
8.614108562469482422e-01
8.674965500831604004e-01
8.656984567642211914e-01
8.723375201225280762e-01
8.656985163688659668e-01
8.699861764907836914e-01
8.686030507087707520e-01
8.640387654304504395e-01
8.720608949661254883e-01
8.712310194969177246e-01
8.681881427764892578e-01
8.763486146926879883e-01
8.679115176200866699e-01
8.702628612518310547e-01
8.697096109390258789e-01
8.650069236755371094e-01
8.686030507087707520e-01
8.687413930892944336e-01
8.706777095794677734e-01
8.690180182456970215e-01
8.756570219993591309e-01
8.723375201225280762e-01
8.735823035240173340e-01
8.764868974685668945e-01
8.742738962173461914e-01
8.745505809783935547e-01
8.724758625030517578e-01
8.751037120819091797e-01
8.744122385978698730e-01
8.728907704353332520e-01
8.716459274291992188e-01
8.739972710609436035e-01
8.756569623947143555e-01
8.818810582160949707e-01
8.709543943405151367e-01
8.735823035240173340e-01
8.763486146926879883e-01
8.715076446533203125e-01
8.762102723121643066e-01
8.788381814956665039e-01
8.822960853576660156e-01
8.723374605178833008e-01
8.742738366127014160e-01
8.720608949661254883e-01
8.770401477813720703e-01
8.764868974685668945e-01
8.858921527862548828e-01
8.778700232505798340e-01
8.816044926643371582e-01
8.800830245018005371e-01
8.773167729377746582e-01
8.762102723121643066e-01
8.775933980941772461e-01
8.795298337936401367e-01
8.802213072776794434e-01
8.810511827468872070e-01
8.818811178207397461e-01
8.785616159439086914e-01
8.864454030990600586e-01
8.820194005966186523e-01
8.749654293060302734e-01
8.752421140670776367e-01
8.766252398490905762e-01
8.780083060264587402e-01
8.749654293060302734e-01
8.809128999710083008e-01
8.814661502838134766e-01
8.802213072776794434e-01
8.818811178207397461e-01
8.845090270042419434e-01
8.865836858749389648e-01
8.780083656311035156e-01
8.816044926643371582e-01
8.817427754402160645e-01
8.807746171951293945e-01
8.827109932899475098e-01
8.867220282554626465e-01
8.838174939155578613e-01
8.785615563392639160e-01
8.843707442283630371e-01
8.871369361877441406e-01
8.857538104057312012e-01
8.827109336853027344e-01
8.850623369216918945e-01
8.856155276298522949e-01
8.799447417259216309e-01
8.854771852493286133e-01
8.813278675079345703e-01
8.814661502838134766e-01
8.800830245018005371e-01
8.822960257530212402e-01
8.857538700103759766e-01
8.839557766914367676e-01
8.838174939155578613e-01
8.843707442283630371e-01
8.860304355621337891e-01
8.842324018478393555e-01
8.894883394241333008e-01
8.860304355621337891e-01
8.809128999710083008e-01
8.822960257530212402e-01
8.854772448539733887e-01
8.857538700103759766e-01
8.822960257530212402e-01
8.845090270042419434e-01
8.868603110313415527e-01
8.847856521606445312e-01
8.882434964179992676e-01
8.876901865005493164e-01
8.829875588417053223e-01
8.865837454795837402e-01
8.876901865005493164e-01
8.879668712615966797e-01
8.792530894279479980e-01
8.896265625953674316e-01
8.894882798194885254e-01
8.847856521606445312e-01
8.887967467308044434e-01
8.897649049758911133e-01
8.868603110313415527e-01
8.886583447456359863e-01
8.904564976692199707e-01
8.850622773170471191e-01
8.885201215744018555e-01
8.847856521606445312e-01
8.869986534118652344e-01
8.869986534118652344e-01
8.878285288810729980e-01
8.871369361877441406e-01
8.846473097801208496e-01
8.861687779426574707e-01
8.845089673995971680e-01
8.858921527862548828e-01
8.925311565399169922e-01
8.868603706359863281e-01
8.936375975608825684e-01
8.911480307579040527e-01
8.908713459968566895e-01
8.869986534118652344e-01
8.868603110313415527e-01
8.890733122825622559e-01
8.921161890029907227e-01
8.940525650978088379e-01
8.899031877517700195e-01
8.915629982948303223e-01
8.836791515350341797e-01
8.867220282554626465e-01
8.849239945411682129e-01
8.878284692764282227e-01
8.878285288810729980e-01
8.910096883773803711e-01
8.883817791938781738e-01
8.905947804450988770e-01
8.893499970436096191e-01
8.885201215744018555e-01
8.910096883773803711e-01
8.940525650978088379e-01
8.947441577911376953e-01
8.881051540374755859e-01
8.872752189636230469e-01
8.861687779426574707e-01
8.944675326347351074e-01
8.912863135337829590e-01
8.940526247024536133e-01
8.951590657234191895e-01
8.944675326347351074e-01
8.827109336853027344e-01
8.950207829475402832e-01
8.883817791938781738e-01
8.969572186470031738e-01
8.918395638465881348e-01
8.908714056015014648e-01
8.941909670829772949e-01
8.910097479820251465e-01
8.939142823219299316e-01
8.882434964179992676e-01
8.912863135337829590e-01
8.965422511100769043e-01
8.887967467308044434e-01
8.903181552886962891e-01
8.943291902542114258e-01
8.882434964179992676e-01
8.918395638465881348e-01
8.925311565399169922e-01
8.923928737640380859e-01
8.904564380645751953e-01
8.900415301322937012e-01
8.885201215744018555e-01
8.926694989204406738e-01
8.998617529869079590e-01
8.921162486076354980e-01
8.941908478736877441e-01
8.941909074783325195e-01
8.984785676002502441e-01
8.961272835731506348e-01
8.947442173957824707e-01
8.912863135337829590e-01
8.903181552886962891e-01
8.944675326347351074e-01
9.009682536125183105e-01
8.922545313835144043e-01
8.933610320091247559e-01
9.000000357627868652e-01
8.979253768920898438e-01
8.951591253280639648e-01
8.900415301322937012e-01
8.941909074783325195e-01
8.928077816963195801e-01
8.918396234512329102e-01
8.878285288810729980e-01
8.972337841987609863e-01
8.919779658317565918e-01
8.948825001716613770e-01
8.896266222000122070e-01
8.943291902542114258e-01
8.954357504844665527e-01
8.875518441200256348e-01
8.988935351371765137e-01
8.976487517356872559e-01
8.943292498588562012e-01
8.948825001716613770e-01
8.946058750152587891e-01
8.932227492332458496e-01
8.912863731384277344e-01
8.890733718872070312e-01
8.940526247024536133e-01
8.943291902542114258e-01
8.955740332603454590e-01
8.959889411926269531e-01
8.969571590423583984e-01
8.957123756408691406e-01
8.958506584167480469e-01
8.933610320091247559e-01
8.939142227172851562e-01
8.930843472480773926e-01
8.970954418182373047e-01
8.969571590423583984e-01
8.926694989204406738e-01
8.998616933822631836e-01
8.926694989204406738e-01
8.947441577911376953e-01
8.970954418182373047e-01
8.959890007972717285e-01
8.947441577911376953e-01
8.968188166618347168e-01
8.988935351371765137e-01
8.968188762664794922e-01
8.952974081039428711e-01
8.939142227172851562e-01
8.977870345115661621e-01
8.918396234512329102e-01
8.991701602935791016e-01
8.984786272048950195e-01
8.889350295066833496e-01
8.979253172874450684e-01
8.968188762664794922e-01
8.941909670829772949e-01
8.964039683341979980e-01
8.941909074783325195e-01
8.912863731384277344e-01
8.987552523612976074e-01
8.948824405670166016e-01
8.972337841987609863e-01
8.976487517356872559e-01
8.961272835731506348e-01
8.946058154106140137e-01
8.970954418182373047e-01
8.911480307579040527e-01
8.966805338859558105e-01
8.975104093551635742e-01
8.955740332603454590e-01
9.006915688514709473e-01
8.939142823219299316e-01
9.012448787689208984e-01
8.946058154106140137e-01
8.982019424438476562e-01
9.002766609191894531e-01
8.941909074783325195e-01
8.975104093551635742e-01
8.983403444290161133e-01
8.947441577911376953e-01
8.976486921310424805e-01
8.925312161445617676e-01
9.011065959930419922e-01
8.987552523612976074e-01
9.009681940078735352e-01
8.947441577911376953e-01
8.928077816963195801e-01
8.987551927566528320e-01
9.022130370140075684e-01
8.921162486076354980e-01
8.892117142677307129e-01
8.977870345115661621e-01
9.001383185386657715e-01
8.958505988121032715e-01
8.968188166618347168e-01
8.984786272048950195e-01
8.930844068527221680e-01
9.008298516273498535e-01
8.962656259536743164e-01
8.991701602935791016e-01
8.955740332603454590e-01
9.005533456802368164e-01
8.941909074783325195e-01
8.933610320091247559e-01
8.951591253280639648e-01
8.950207829475402832e-01
9.002766609191894531e-01
8.939142823219299316e-01
8.976487517356872559e-01
8.950207829475402832e-01
9.029045701026916504e-01
8.948824405670166016e-01
8.994467854499816895e-01
8.983402848243713379e-01
8.961272239685058594e-01
8.957123756408691406e-01
8.955740332603454590e-01
8.966805934906005859e-01
8.957123756408691406e-01
9.023513793945312500e-01
8.950207829475402832e-01
8.968188166618347168e-01
8.968188762664794922e-01
8.975104093551635742e-01
8.957123756408691406e-01
9.006915688514709473e-01
8.994468450546264648e-01
8.939143419265747070e-01
9.026280045509338379e-01
9.024897217750549316e-01
9.012448787689208984e-01
8.979253172874450684e-01
8.955739736557006836e-01
8.964039087295532227e-01
8.970954418182373047e-01
8.964039087295532227e-01
9.023513197898864746e-01
8.965421915054321289e-01
8.950208425521850586e-01
8.958505988121032715e-01
8.980636596679687500e-01
8.980636596679687500e-01
8.957123756408691406e-01
8.998616933822631836e-01
8.964039087295532227e-01
8.980636596679687500e-01
8.964039683341979980e-01
9.022130370140075684e-01
8.966805934906005859e-01
8.948824405670166016e-01
8.961272835731506348e-01
8.973720669746398926e-01
8.987551927566528320e-01
8.952974081039428711e-01
8.944675326347351074e-01
8.957123160362243652e-01
9.006915688514709473e-01
9.008299112319946289e-01
8.968188166618347168e-01
9.019364118576049805e-01
8.991701602935791016e-01
9.038727879524230957e-01
8.984785676002502441e-01
8.934993743896484375e-01
8.997234106063842773e-01
8.977870345115661621e-01
8.969572186470031738e-01
8.961272835731506348e-01
9.045643210411071777e-01
8.977870345115661621e-01
9.002766609191894531e-01
8.973721265792846680e-01
8.966805338859558105e-01
8.955739736557006836e-01
9.040110707283020020e-01
8.983402848243713379e-01
9.047026634216308594e-01
8.958506584167480469e-01
9.012448191642761230e-01
8.962655663490295410e-01
9.011065363883972168e-01
8.932226896286010742e-01
8.972337841987609863e-01
9.004149436950683594e-01
9.001383185386657715e-01
8.966805338859558105e-01
8.964039683341979980e-01
9.020747542381286621e-01
9.038727879524230957e-01
9.023513793945312500e-01
8.947441577911376953e-01
8.982020020484924316e-01
9.005532264709472656e-01
9.006916284561157227e-01
9.051176309585571289e-01
8.980636000633239746e-01
8.988935351371765137e-01
8.976486921310424805e-01
8.986169099807739258e-01
8.966805338859558105e-01
8.961272239685058594e-01
8.955740332603454590e-01
8.997234106063842773e-01
8.969570994377136230e-01
9.008299112319946289e-01
8.980636596679687500e-01
8.988935351371765137e-01
9.005532860755920410e-01
8.969572186470031738e-01
9.016597867012023926e-01
9.001383781433105469e-01
9.042877554893493652e-01
8.979253172874450684e-01
8.969570994377136230e-01
8.986169099807739258e-01
8.986169099807739258e-01
8.991701006889343262e-01
8.990318775177001953e-01
8.955740332603454590e-01
9.004149436950683594e-01
8.994467854499816895e-01
8.957123756408691406e-01
8.987552523612976074e-01
8.941909074783325195e-01
9.013831615447998047e-01
9.023513197898864746e-01
9.040110707283020020e-01
8.973720669746398926e-01
9.005532860755920410e-01
8.977870345115661621e-01
8.980636596679687500e-01
8.976486921310424805e-01
9.005532860755920410e-01
9.011065363883972168e-01
9.013831615447998047e-01
9.012448191642761230e-01
8.964039087295532227e-01
8.998617529869079590e-01
9.009681940078735352e-01
8.987552523612976074e-01
8.997234106063842773e-01
9.026280045509338379e-01
9.011065363883972168e-01
9.013831615447998047e-01
8.991701602935791016e-01
9.019364714622497559e-01
8.977870345115661621e-01
8.907331228256225586e-01
9.008299112319946289e-01
9.004149436950683594e-01
9.023513197898864746e-01
9.017980694770812988e-01
9.059474468231201172e-01
8.997234106063842773e-01
8.969571590423583984e-01
8.965422511100769043e-01
8.964038491249084473e-01
9.056708216667175293e-01
9.016597867012023926e-01
8.966805338859558105e-01
9.008298516273498535e-01
9.005532860755920410e-01
9.001383781433105469e-01
8.993085026741027832e-01
9.006916284561157227e-01
9.005532860755920410e-01
9.001383781433105469e-01
9.042877554893493652e-01
9.009682536125183105e-01
8.998617529869079590e-01
9.015214443206787109e-01
9.016597867012023926e-01
8.969571590423583984e-01
9.016597867012023926e-01
9.055324792861938477e-01
9.024897217750549316e-01
8.994468450546264648e-01
9.031811952590942383e-01
9.004149436950683594e-01
8.957123756408691406e-01
8.973721265792846680e-01
8.991701602935791016e-01
9.042876958847045898e-01
9.053941965103149414e-01
9.019364118576049805e-01
8.959890007972717285e-01
8.990318775177001953e-01
8.982020020484924316e-01
8.994467854499816895e-01
8.965421915054321289e-01
9.005532860755920410e-01
9.000000357627868652e-01
8.995851278305053711e-01
9.006915688514709473e-01
8.993084430694580078e-01
9.011065363883972168e-01
8.997234106063842773e-01
9.023513197898864746e-01
8.993084430694580078e-01
9.037344455718994141e-01
9.013832211494445801e-01
9.016598463058471680e-01
9.011065363883972168e-01
8.972337841987609863e-01
9.040111303329467773e-01
9.053942561149597168e-01
8.987551927566528320e-01
8.979253768920898438e-01
9.016597867012023926e-01
9.013832211494445801e-01
9.023513197898864746e-01
8.993084430694580078e-01
9.002766609191894531e-01
9.062240719795227051e-01
9.019364118576049805e-01
9.027662873268127441e-01
9.035961627960205078e-01
9.006916284561157227e-01
9.017981290817260742e-01
8.986169099807739258e-01
8.998617529869079590e-01
9.045643210411071777e-01
8.961272835731506348e-01
9.019364118576049805e-01
9.016597270965576172e-01
9.029046297073364258e-01
9.034578800201416016e-01
9.001383185386657715e-01
8.976486921310424805e-01
9.063624739646911621e-01
9.029046297073364258e-01
9.053942561149597168e-01
9.026280045509338379e-01
9.038727879524230957e-01
9.045643210411071777e-01
9.020746946334838867e-01
9.048409461975097656e-01
9.045643806457519531e-01
9.022130370140075684e-01
9.020746946334838867e-01
8.979253172874450684e-01
9.073305726051330566e-01
9.005532860755920410e-01
9.040110707283020020e-01
9.076071977615356445e-01
9.017980694770812988e-01
8.979253172874450684e-01
8.997234702110290527e-01
9.022130370140075684e-01
8.968188762664794922e-01
9.066390395164489746e-01
8.988935351371765137e-01
9.040110707283020020e-01
9.034578204154968262e-01
9.012448787689208984e-01
9.066390395164489746e-01
8.998616933822631836e-01
9.042876958847045898e-01
9.056708812713623047e-01
9.048409461975097656e-01
9.081605076789855957e-01
8.993085026741027832e-01
8.969571590423583984e-01
9.040111303329467773e-01
8.984786272048950195e-01
8.994467854499816895e-01
9.051175713539123535e-01
9.035962224006652832e-01
9.000000953674316406e-01
9.029045701026916504e-01
9.059474468231201172e-01
9.020746946334838867e-01
9.051175713539123535e-01
8.994467854499816895e-01
8.998616933822631836e-01
8.954357504844665527e-01
9.020746946334838867e-01
9.024896025657653809e-01
8.972338438034057617e-01
8.987551927566528320e-01
8.997233510017395020e-01
9.059475064277648926e-01
9.049792289733886719e-01
9.000000357627868652e-01
9.000000357627868652e-01
9.017980694770812988e-01
9.029046297073364258e-01
8.972337841987609863e-01
9.019364118576049805e-01
9.016597867012023926e-01
9.011065959930419922e-01
9.055325388908386230e-01
9.074689149856567383e-01
9.035962224006652832e-01
9.012448191642761230e-01
9.013831615447998047e-01
8.994467258453369141e-01
9.067773818969726562e-01
9.015215039253234863e-01
9.005532860755920410e-01
9.042876958847045898e-01
9.017980694770812988e-01
9.047026634216308594e-01
8.991701602935791016e-01
9.035961627960205078e-01
9.002766013145446777e-01
9.000000357627868652e-01
9.035961627960205078e-01
9.063624143600463867e-01
8.959890007972717285e-01
8.993084430694580078e-01
9.029046297073364258e-01
8.965421915054321289e-01
9.024896621704101562e-01
9.020747542381286621e-01
9.023513197898864746e-01
9.073305726051330566e-01
9.006916284561157227e-01
9.029045701026916504e-01
9.037344455718994141e-01
9.016598463058471680e-01
9.011064767837524414e-01
9.004150032997131348e-01
9.053941965103149414e-01
9.009681940078735352e-01
9.013832211494445801e-01
9.027662873268127441e-01
8.999999761581420898e-01
9.012448787689208984e-01
9.005532860755920410e-01
9.000000357627868652e-01
9.034578204154968262e-01
9.071922898292541504e-01
9.005532860755920410e-01
9.029046297073364258e-01
8.977870345115661621e-01
9.019364118576049805e-01
9.058092236518859863e-01
8.987552523612976074e-01
9.029046297073364258e-01
9.037344455718994141e-01
9.044260382652282715e-01
8.954356908798217773e-01
9.073306322097778320e-01
9.051175713539123535e-01
8.951591253280639648e-01
8.997234106063842773e-01
9.041494131088256836e-01
9.033195376396179199e-01
8.984786272048950195e-01
9.045643806457519531e-01
9.053941965103149414e-01
9.055324792861938477e-01
9.024897217750549316e-01
9.006915688514709473e-01
9.056708216667175293e-01
9.053942561149597168e-01
9.045643806457519531e-01
9.019364714622497559e-01
9.067773818969726562e-01
9.011065363883972168e-01
9.034578204154968262e-01
9.023513793945312500e-01
9.005532860755920410e-01
9.041494131088256836e-01
9.044260382652282715e-01
9.067773818969726562e-01
9.058091044425964355e-01
9.033195376396179199e-01
9.026280045509338379e-01
9.060857892036437988e-01
8.984785676002502441e-01
9.009681940078735352e-01
9.044260978698730469e-01
9.012448191642761230e-01
9.048410058021545410e-01
9.060857892036437988e-01
8.986168503761291504e-01
9.069156646728515625e-01
9.042877554893493652e-01
9.048410058021545410e-01
9.065006971359252930e-01
9.048409461975097656e-01
9.034578800201416016e-01
8.991701602935791016e-01
9.041493535041809082e-01
8.988935947418212891e-01
9.060857892036437988e-01
9.011065363883972168e-01
9.023513197898864746e-01
9.063624143600463867e-01
8.962656259536743164e-01
9.035961627960205078e-01
9.029045701026916504e-01
9.038727283477783203e-01
9.006916284561157227e-01
9.074689149856567383e-01
9.022130370140075684e-01
8.977870345115661621e-01
9.031812548637390137e-01
9.037344455718994141e-01
9.059474468231201172e-01
9.040111303329467773e-01
9.038727879524230957e-01
9.060857892036437988e-01
9.056708812713623047e-01
9.042877554893493652e-01
9.015214443206787109e-01
9.011065363883972168e-01
9.019364118576049805e-01
9.062240719795227051e-01
9.030429124832153320e-01
9.019364118576049805e-01
9.031811952590942383e-01
9.016597867012023926e-01
9.045643210411071777e-01
9.005532860755920410e-01
9.047026634216308594e-01
8.972337245941162109e-01
9.033195376396179199e-01
9.059475064277648926e-01
9.022130370140075684e-01
9.071922898292541504e-01
9.081605076789855957e-01
9.047027230262756348e-01
9.058091044425964355e-01
9.040111303329467773e-01
9.038727879524230957e-01
9.013831615447998047e-01
9.011064767837524414e-01
9.055325388908386230e-01
9.056708216667175293e-01
9.042876958847045898e-01
9.045643210411071777e-01
9.085754156112670898e-01
9.026280045509338379e-01
9.011065363883972168e-01
9.005533456802368164e-01
9.005532860755920410e-01
9.029046297073364258e-01
9.053942561149597168e-01
9.019364118576049805e-01
9.006916284561157227e-01
9.027662873268127441e-01
9.002766609191894531e-01
9.049792885780334473e-01
9.038727879524230957e-01
9.059474468231201172e-01
9.040111303329467773e-01
9.005532860755920410e-01
9.037344455718994141e-01
9.045643806457519531e-01
9.076072573661804199e-01
9.011064767837524414e-01
9.017981290817260742e-01
9.056708812713623047e-01
9.027662277221679688e-01
9.040111303329467773e-01
9.066390395164489746e-01
9.055325388908386230e-01
8.973721265792846680e-01
9.015214443206787109e-01
8.998617529869079590e-01
9.052558541297912598e-01
9.006915688514709473e-01
8.987552523612976074e-01
9.049792885780334473e-01
9.037344455718994141e-01
9.037344455718994141e-01
9.017980694770812988e-01
9.085754752159118652e-01
9.026280045509338379e-01
9.071922898292541504e-01
9.001383781433105469e-01
9.019364118576049805e-01
9.071922898292541504e-01
9.058092236518859863e-01
9.058091640472412109e-01
9.033195376396179199e-01
9.023513197898864746e-01
9.029045701026916504e-01
9.023513793945312500e-01
9.024896621704101562e-01
9.059474468231201172e-01
9.085754156112670898e-01
9.058092236518859863e-01
9.055325388908386230e-01
9.049792289733886719e-01
9.045643806457519531e-01
9.034578204154968262e-01
9.042876958847045898e-01
9.087137579917907715e-01
9.069156050682067871e-01
9.042877554893493652e-01
9.011064767837524414e-01
9.037345051765441895e-01
9.066390395164489746e-01
9.058091044425964355e-01
9.024896621704101562e-01
9.055324792861938477e-01
9.060858488082885742e-01
9.027662873268127441e-01
9.052559137344360352e-01
9.013832211494445801e-01
9.041494131088256836e-01
9.048410058021545410e-01
8.997234106063842773e-01
9.019363522529602051e-01
9.053941965103149414e-01
9.076072573661804199e-01
9.034578204154968262e-01
9.035961627960205078e-01
9.099585413932800293e-01
9.033195376396179199e-01
8.995850682258605957e-01
9.011065363883972168e-01
9.027662873268127441e-01
9.027662873268127441e-01
9.063623547554016113e-01
9.058091640472412109e-01
9.056708812713623047e-01
9.060857892036437988e-01
9.071922898292541504e-01
9.060857892036437988e-01
9.002766609191894531e-01
8.990318775177001953e-01
9.048410058021545410e-01
9.001383185386657715e-01
9.020746946334838867e-01
9.048410058021545410e-01
9.055325984954833984e-01
9.071923494338989258e-01
9.052559137344360352e-01
9.048409461975097656e-01
9.102351665496826172e-01
9.008299112319946289e-01
9.041494131088256836e-01
9.034578204154968262e-01
9.070539474487304688e-01
9.019364118576049805e-01
9.052559137344360352e-01
9.040110707283020020e-01
9.026279449462890625e-01
9.062240719795227051e-01
9.042876958847045898e-01
9.015215039253234863e-01
9.049792885780334473e-01
9.013831615447998047e-01
9.026279449462890625e-01
9.067773222923278809e-01
9.012448191642761230e-01
9.076072573661804199e-01
9.052558541297912598e-01
9.087136983871459961e-01
9.026280045509338379e-01
9.047026634216308594e-01
9.017980694770812988e-01
9.070540070533752441e-01
9.041494131088256836e-01
9.016597270965576172e-01
9.084371328353881836e-01
9.027662873268127441e-01
9.078838825225830078e-01
9.033195376396179199e-01
9.027662873268127441e-01
9.089903235435485840e-01
9.051175713539123535e-01
9.055325388908386230e-01
9.044260382652282715e-01
8.997234702110290527e-01
9.071922898292541504e-01
9.053941965103149414e-01
9.062240719795227051e-01
9.085754752159118652e-01
9.058092236518859863e-01
9.048410058021545410e-01
9.055325388908386230e-01
9.001383185386657715e-01
9.047026634216308594e-01
9.031811952590942383e-01
9.081604480743408203e-01
9.077455997467041016e-01
9.059475064277648926e-01
9.085754156112670898e-01
9.045643210411071777e-01
9.038727879524230957e-01
9.053941965103149414e-01
9.069156050682067871e-01
9.041494131088256836e-01
9.030429124832153320e-01
9.030429124832153320e-01
8.995850682258605957e-01
9.026280045509338379e-01
9.011065363883972168e-01
9.063624143600463867e-01
8.982020020484924316e-01
9.011065363883972168e-01
9.096819162368774414e-01
9.019364714622497559e-01
9.067773818969726562e-01
9.053941965103149414e-01
9.053942561149597168e-01
9.040110707283020020e-01
9.053942561149597168e-01
9.053941965103149414e-01
9.069156646728515625e-01
9.053942561149597168e-01
9.106500744819641113e-01
9.056708812713623047e-01
9.060857892036437988e-01
9.055325388908386230e-01
9.045643806457519531e-01
9.044260382652282715e-01
9.024896621704101562e-01
9.065007567405700684e-01
9.056708812713623047e-01
9.070539474487304688e-01
9.033195376396179199e-01
9.041494727134704590e-01
9.071922302246093750e-01
9.006916284561157227e-01
9.080221652984619141e-01
9.060857892036437988e-01
9.073306322097778320e-01
9.047026634216308594e-01
9.056708216667175293e-01
9.067773818969726562e-01
9.015214443206787109e-01
9.067773222923278809e-01
9.055325388908386230e-01
9.034578204154968262e-01
9.053942561149597168e-01
9.085754156112670898e-01
9.085754156112670898e-01
9.071922898292541504e-01
9.026280045509338379e-01
9.053941965103149414e-01
9.042877554893493652e-01
9.034578800201416016e-01
9.055325984954833984e-01
9.069156646728515625e-01
9.044260382652282715e-01
9.121715426445007324e-01
9.058092236518859863e-01
9.047026634216308594e-01
9.023513793945312500e-01
9.095435738563537598e-01
9.023513793945312500e-01
9.089903831481933594e-01
9.066390395164489746e-01
9.048409461975097656e-01
9.065007567405700684e-01
9.081605076789855957e-01
9.037344455718994141e-01
9.051175713539123535e-01
8.987552523612976074e-01
9.048410058021545410e-01
9.078838825225830078e-01
9.045643806457519531e-01
9.049792289733886719e-01
9.063624739646911621e-01
9.058091640472412109e-01
9.058092236518859863e-01
9.080221056938171387e-01
9.031812548637390137e-01
9.073305726051330566e-01
9.053941965103149414e-01
9.110649824142456055e-01
9.042877554893493652e-01
9.067773222923278809e-01
9.062241315841674805e-01
9.030429124832153320e-01
9.074689149856567383e-01
9.041494727134704590e-01
9.066389799118041992e-01
9.065007567405700684e-01
9.106500744819641113e-01
9.078838229179382324e-01
9.053941965103149414e-01
9.023513793945312500e-01
9.045643210411071777e-01
9.062240719795227051e-01
9.048410058021545410e-01
9.074689149856567383e-01
9.092669486999511719e-01
9.029046297073364258e-01
9.027663469314575195e-01
9.066389799118041992e-01
9.060858488082885742e-01
9.035961627960205078e-01
9.073306322097778320e-01
9.060857892036437988e-01
9.042876958847045898e-01
9.042877554893493652e-01
9.060858488082885742e-01
9.055325388908386230e-01
9.084370732307434082e-01
9.038727879524230957e-01
9.059474468231201172e-01
9.087136983871459961e-01
9.082987904548645020e-01
9.071923494338989258e-01
9.056708812713623047e-01
9.051176309585571289e-01
9.141079187393188477e-01
9.085754156112670898e-01
9.069157242774963379e-01
9.081604480743408203e-01
9.066390395164489746e-01
9.084370732307434082e-01
9.065007567405700684e-01
9.035961627960205078e-01
9.023513197898864746e-01
9.091286659240722656e-01
9.100968837738037109e-01
9.063624143600463867e-01
9.070540070533752441e-01
9.047026634216308594e-01
9.095435738563537598e-01
9.055325388908386230e-01
9.081604480743408203e-01
9.023513197898864746e-01
9.070540070533752441e-01
9.059475064277648926e-01
9.071923494338989258e-01
9.051175713539123535e-01
9.051175713539123535e-01
8.998617529869079590e-01
9.096819162368774414e-01
9.058091640472412109e-01
9.063624143600463867e-01
9.024896621704101562e-01
9.033195376396179199e-01
9.041494727134704590e-01
9.044260978698730469e-01
9.053941965103149414e-01
9.066390395164489746e-01
9.038727879524230957e-01
9.089903235435485840e-01
9.082987308502197266e-01
9.042876958847045898e-01
9.074689149856567383e-01
9.077455401420593262e-01
9.049792885780334473e-01
9.030429124832153320e-01
9.044260382652282715e-01
9.085753560066223145e-01
9.091287255287170410e-01
9.056708216667175293e-01
9.026279449462890625e-01
9.009682536125183105e-01
9.074689149856567383e-01
9.031811952590942383e-01
9.038727879524230957e-01
9.094052910804748535e-01
9.013831615447998047e-01
9.017981290817260742e-01
9.077455401420593262e-01
9.042877554893493652e-01
9.102351665496826172e-01
9.040110707283020020e-01
9.067773818969726562e-01
9.092670083045959473e-01
9.067773222923278809e-01
9.094053506851196289e-01
9.067773222923278809e-01
9.052559137344360352e-01
9.134163260459899902e-01
9.015214443206787109e-01
9.012448787689208984e-01
9.098202586174011230e-01
9.026280045509338379e-01
9.091286659240722656e-01
9.067773222923278809e-01
9.070539474487304688e-01
9.085754752159118652e-01
9.051176309585571289e-01
9.091286659240722656e-01
9.103734493255615234e-01
9.082987904548645020e-01
9.135546684265136719e-01
9.041494131088256836e-01
9.051176309585571289e-01
9.080222249031066895e-01
9.041494131088256836e-01
9.080221056938171387e-01
9.051176309585571289e-01
9.033195376396179199e-01
9.020747542381286621e-01
9.098201990127563477e-01
9.092669486999511719e-01
9.065006971359252930e-01
9.055325388908386230e-01
9.045643210411071777e-01
9.087137579917907715e-01
9.084370732307434082e-01
9.056708216667175293e-01
9.082987904548645020e-01
9.053942561149597168e-01
9.042877554893493652e-01
9.042877554893493652e-01
9.069157242774963379e-01
9.055324792861938477e-01
9.088520407676696777e-01
9.051176309585571289e-01
9.060857892036437988e-01
9.085753560066223145e-01
9.024896025657653809e-01
9.000000357627868652e-01
9.099585413932800293e-01
9.045643806457519531e-01
9.048409461975097656e-01
9.131397008895874023e-01
9.055325388908386230e-01
9.065006971359252930e-01
9.067773222923278809e-01
9.067773222923278809e-01
9.080221652984619141e-01
9.059475064277648926e-01
9.034578800201416016e-01
9.087136983871459961e-01
9.070539474487304688e-01
9.047026634216308594e-01
9.012448787689208984e-01
9.047027230262756348e-01
9.059474468231201172e-01
9.020746946334838867e-01
9.077455401420593262e-01
9.048410058021545410e-01
9.027662873268127441e-01
9.042877554893493652e-01
9.082987904548645020e-01
9.070540070533752441e-01
9.015215039253234863e-01
9.027662277221679688e-01
9.077455401420593262e-01
9.048409461975097656e-01
9.055325388908386230e-01
9.109266996383666992e-01
9.052559137344360352e-01
9.065007567405700684e-01
9.088520407676696777e-01
9.056708216667175293e-01
9.042877554893493652e-01
9.056708812713623047e-01
9.059475064277648926e-01
9.062241315841674805e-01
9.053941965103149414e-01
9.042876958847045898e-01
9.037345051765441895e-01
9.013832211494445801e-01
9.033195376396179199e-01
9.098202586174011230e-01
9.033195376396179199e-01
9.066390395164489746e-01
8.999999761581420898e-01
9.099585413932800293e-01
9.016597867012023926e-01
9.078838229179382324e-01
9.146611690521240234e-01
9.044260382652282715e-01
9.062240719795227051e-01
9.022129774093627930e-01
9.031811952590942383e-01
9.033195376396179199e-01
9.065007567405700684e-01
9.087137579917907715e-01
9.059474468231201172e-01
9.078838825225830078e-01
9.060857892036437988e-01
9.110651016235351562e-01
9.055325388908386230e-01
9.038727879524230957e-01
9.085754752159118652e-01
9.106501340866088867e-01
9.103734493255615234e-01
9.099585413932800293e-01
9.012448191642761230e-01
9.065007567405700684e-01
9.066390395164489746e-01
9.020746946334838867e-01
9.058091640472412109e-01
9.066390395164489746e-01
9.062240719795227051e-01
9.081604480743408203e-01
9.089903235435485840e-01
9.080222249031066895e-01
9.074689745903015137e-01
9.053942561149597168e-01
9.058091640472412109e-01
9.063624143600463867e-01
9.037345051765441895e-01
9.131397604942321777e-01
9.040111303329467773e-01
9.063624143600463867e-01
9.048410058021545410e-01
9.060858488082885742e-01
9.087136983871459961e-01
9.109267592430114746e-01
9.073305726051330566e-01
9.062240719795227051e-01
9.034578204154968262e-01
9.027662873268127441e-01
9.071922898292541504e-01
9.012448191642761230e-01
9.038727879524230957e-01
9.048410058021545410e-01
9.100968241691589355e-01
9.047026634216308594e-01
9.045643210411071777e-01
9.058091640472412109e-01
9.037344455718994141e-01
9.020747542381286621e-01
9.076072573661804199e-01
9.094053506851196289e-01
9.017981290817260742e-01
9.017981290817260742e-01
9.077455401420593262e-01
9.030429124832153320e-01
9.045643210411071777e-01
9.071922898292541504e-01
9.024896621704101562e-01
9.077455401420593262e-01
9.082987904548645020e-01
9.060857295989990234e-01
9.096819162368774414e-01
9.077455401420593262e-01
9.011064767837524414e-01
9.056708216667175293e-01
9.085753560066223145e-01
9.022130370140075684e-01
9.088519811630249023e-01
9.074689149856567383e-01
9.087137579917907715e-01
9.052559137344360352e-01
9.082988500595092773e-01
9.062241315841674805e-01
9.034578800201416016e-01
9.066389799118041992e-01
9.020746946334838867e-01
9.060857892036437988e-01
9.033195376396179199e-01
9.088520407676696777e-01
9.006915688514709473e-01
9.063624739646911621e-01
9.038727283477783203e-01
9.080221652984619141e-01
9.030429124832153320e-01
9.040111303329467773e-01
9.124481678009033203e-01
9.063624143600463867e-01
9.029046297073364258e-01
9.048410058021545410e-01
9.056708812713623047e-01
8.993084430694580078e-01
9.045643210411071777e-01
9.078838825225830078e-01
9.065007567405700684e-01
9.076072573661804199e-01
9.066390395164489746e-01
9.029046297073364258e-01
9.103734493255615234e-01
9.098202586174011230e-01
9.103735089302062988e-01
9.045643210411071777e-01
9.077455401420593262e-01
9.073305726051330566e-01
9.100968241691589355e-01
9.034578800201416016e-01
9.066390395164489746e-01
9.082988500595092773e-01
9.063624143600463867e-01
9.041494131088256836e-01
9.056708812713623047e-01
9.053942561149597168e-01
9.106501340866088867e-01
9.069156646728515625e-01
9.107884168624877930e-01
9.059474468231201172e-01
9.069156646728515625e-01
9.048409461975097656e-01
9.037345051765441895e-01
9.040111303329467773e-01
9.006916284561157227e-01
9.146611690521240234e-01
9.070539474487304688e-01
9.037345051765441895e-01
9.055325388908386230e-01
9.078838825225830078e-01
9.116182923316955566e-01
9.091286659240722656e-01
9.026280045509338379e-01
9.084371328353881836e-01
9.038727879524230957e-01
9.087136983871459961e-01
9.081605076789855957e-01
9.077455401420593262e-01
9.000000357627868652e-01
9.069156646728515625e-01
9.084371328353881836e-01
9.015215039253234863e-01
9.070540070533752441e-01
9.030429124832153320e-01
9.052559733390808105e-01
9.130014777183532715e-01
9.069156646728515625e-01
9.052559137344360352e-01
9.042877554893493652e-01
9.053942561149597168e-01
9.047026634216308594e-01
9.125865101814270020e-01
9.085754156112670898e-01
9.120332002639770508e-01
9.035961627960205078e-01
9.100968241691589355e-01
9.080221652984619141e-01
9.059474468231201172e-01
9.058091640472412109e-01
9.077455997467041016e-01
9.082987308502197266e-01
9.041494727134704590e-01
9.114800095558166504e-01
9.123098850250244141e-01
9.055325388908386230e-01
9.082987904548645020e-01
9.047026038169860840e-01
9.085754156112670898e-01
9.076071977615356445e-01
9.063624143600463867e-01
9.106501340866088867e-01
9.022130370140075684e-01
9.059475064277648926e-01
9.055325388908386230e-01
9.049792885780334473e-01
9.071922898292541504e-01
9.082988500595092773e-01
9.059474468231201172e-01
9.102351665496826172e-01
9.067773222923278809e-01
9.070539474487304688e-01
9.082987904548645020e-01
9.091286659240722656e-01
9.056708812713623047e-01
9.081605076789855957e-01
9.081605076789855957e-01
9.033195972442626953e-01
9.049792885780334473e-01
9.070540070533752441e-01
9.103735089302062988e-01
9.098202586174011230e-01
9.073305726051330566e-01
9.116182327270507812e-01
9.058091640472412109e-01
9.095436334609985352e-01
9.080221056938171387e-01
9.049792289733886719e-01
9.042876958847045898e-01
9.058091640472412109e-01
9.030429124832153320e-01
9.091286063194274902e-01
9.067773222923278809e-01
9.073306322097778320e-01
9.110650420188903809e-01
9.049792885780334473e-01
9.067773222923278809e-01
9.067773222923278809e-01
9.069156646728515625e-01
9.080221652984619141e-01
9.089903831481933594e-01
9.044260382652282715e-01
9.066389799118041992e-01
9.084370732307434082e-01
9.019364118576049805e-01
9.045643806457519531e-01
9.099585413932800293e-01
9.053941965103149414e-01
9.055325388908386230e-01
9.035961031913757324e-01
9.033195376396179199e-01
9.094052910804748535e-01
9.059475064277648926e-01
9.077455401420593262e-01
9.042877554893493652e-01
9.087137579917907715e-01
9.107884168624877930e-01
9.094052910804748535e-01
9.056708216667175293e-01
9.109266996383666992e-01
9.056708216667175293e-01
9.073306322097778320e-01
9.040111303329467773e-01
9.076071977615356445e-01
9.095435738563537598e-01
9.041493535041809082e-01
9.095436334609985352e-01
9.070539474487304688e-01
9.066390991210937500e-01
9.120332002639770508e-01
9.056708812713623047e-01
9.074689745903015137e-01
9.074689745903015137e-01
9.092670083045959473e-01
9.080221652984619141e-01
9.080221056938171387e-01
9.102351665496826172e-01
9.117565751075744629e-01
9.070539474487304688e-01
9.047026634216308594e-01
9.066389799118041992e-01
9.082988500595092773e-01
9.099585413932800293e-01
9.091287255287170410e-01
9.087137579917907715e-01
9.099586009979248047e-01
9.099585413932800293e-01
9.047027230262756348e-01
9.069156646728515625e-01
9.091287255287170410e-01
9.040110707283020020e-01
9.022130370140075684e-01
9.052559137344360352e-01
9.071922898292541504e-01
9.059475064277648926e-01
9.110650420188903809e-01
9.085754156112670898e-01
9.092669486999511719e-01
9.019364118576049805e-01
9.071922898292541504e-01
9.060857892036437988e-01
9.048410058021545410e-01
9.112033247947692871e-01
9.069156646728515625e-01
9.106500744819641113e-01
9.089903831481933594e-01
9.071922898292541504e-01
9.059475064277648926e-01
9.094052314758300781e-01
9.087137579917907715e-01
9.082987904548645020e-01
9.105117917060852051e-01
9.023513197898864746e-01
9.077455401420593262e-01
9.067773818969726562e-01
9.127247333526611328e-01
9.105117917060852051e-01
9.048409461975097656e-01
9.045643210411071777e-01
9.048410058021545410e-01
9.080221652984619141e-01
9.074689149856567383e-01
9.092670083045959473e-01
9.100968837738037109e-01
9.067773818969726562e-01
9.051176309585571289e-01
9.103735089302062988e-01
9.042876958847045898e-01
9.070539474487304688e-01
8.998616933822631836e-01
9.082987904548645020e-01
9.048410058021545410e-01
9.077455401420593262e-01
9.077455401420593262e-01
9.035961627960205078e-01
9.049792885780334473e-01
9.080221652984619141e-01
9.053941965103149414e-01
9.051176309585571289e-01
9.080221652984619141e-01
9.106500744819641113e-01
9.095436334609985352e-01
9.055325388908386230e-01
9.077455997467041016e-01
9.059474468231201172e-01
9.044260382652282715e-01
9.084370732307434082e-01
9.078838825225830078e-01
9.070539474487304688e-01
9.058091640472412109e-01
9.008299112319946289e-01
9.106500744819641113e-01
9.069156646728515625e-01
9.103735089302062988e-01
9.142462015151977539e-01
9.085754156112670898e-01
9.095435738563537598e-01
9.067773818969726562e-01
9.062240719795227051e-01
9.088520407676696777e-01
9.038727879524230957e-01
9.112033247947692871e-01
9.063624143600463867e-01
9.023513793945312500e-01
9.056708812713623047e-01
9.070539474487304688e-01
9.076071977615356445e-01
9.055324792861938477e-01
9.103734493255615234e-01
9.120332002639770508e-01
9.063624739646911621e-01
9.052559137344360352e-01
9.063624739646911621e-01
9.066390991210937500e-01
9.089903831481933594e-01
9.081604480743408203e-01
9.051176309585571289e-01
9.012448787689208984e-01
9.038727283477783203e-01
9.073305726051330566e-01
9.110650420188903809e-01
9.069156646728515625e-01
9.103735089302062988e-01
9.056708216667175293e-01
9.074689745903015137e-01
9.067773222923278809e-01
9.081604480743408203e-01
9.070539474487304688e-01
9.107884168624877930e-01
9.113416075706481934e-01
9.110650420188903809e-01
9.062240719795227051e-01
9.117565751075744629e-01
9.087137579917907715e-01
9.051176309585571289e-01
9.120332598686218262e-01
9.105117321014404297e-01
9.089903235435485840e-01
9.091286063194274902e-01
9.067773222923278809e-01
9.078838229179382324e-01
9.070539474487304688e-01
9.082987904548645020e-01
9.067773818969726562e-01
9.048410058021545410e-01
9.051175713539123535e-01
9.058091640472412109e-01
9.132781028747558594e-01
9.052558541297912598e-01
9.062240719795227051e-01
9.077455401420593262e-01
9.051175713539123535e-01
9.062241315841674805e-01
9.098201990127563477e-01
9.106500744819641113e-01
9.085754156112670898e-01
9.051175713539123535e-01
9.076071977615356445e-01
9.089903235435485840e-01
9.089903235435485840e-01
9.067773818969726562e-01
9.098201990127563477e-01
9.058092236518859863e-01
9.067773222923278809e-01
9.042877554893493652e-01
9.099585413932800293e-01
9.084370732307434082e-01
9.085754156112670898e-01
9.109267592430114746e-01
9.049792885780334473e-01
9.102351665496826172e-01
9.092669486999511719e-01
9.088520407676696777e-01
9.099585413932800293e-01
9.074689149856567383e-01
9.063623547554016113e-01
9.077455401420593262e-01
9.117566347122192383e-01
9.091286063194274902e-01
9.073305726051330566e-01
9.052559137344360352e-01
9.055325388908386230e-01
9.094052910804748535e-01
9.069156050682067871e-01
9.073305726051330566e-01
9.040111303329467773e-01
9.045643210411071777e-01
9.071922898292541504e-01
9.062240719795227051e-01
9.099586009979248047e-01
9.096819162368774414e-01
9.059474468231201172e-01
9.017980694770812988e-01
9.095436334609985352e-01
9.103735089302062988e-01
9.107884168624877930e-01
9.116182923316955566e-01
9.103735089302062988e-01
9.084370732307434082e-01
9.060857892036437988e-01
9.114799499511718750e-01
9.081604480743408203e-01
9.095436334609985352e-01
9.103735089302062988e-01
9.066390395164489746e-01
9.095435738563537598e-01
9.081604480743408203e-01
9.106501340866088867e-01
9.040111303329467773e-01
9.031812548637390137e-01
9.029046297073364258e-01
9.055325388908386230e-01
9.081604480743408203e-01
9.116182923316955566e-01
9.069157242774963379e-01
9.073306322097778320e-01
9.076072573661804199e-01
9.045643806457519531e-01
9.074689149856567383e-01
9.030429124832153320e-01
9.078838229179382324e-01
9.051175713539123535e-01
9.078838825225830078e-01
9.116182923316955566e-01
9.059475064277648926e-01
9.070539474487304688e-01
9.091286659240722656e-01
9.055325388908386230e-01
9.098201990127563477e-01
9.081604480743408203e-01
9.092669486999511719e-01
9.056708216667175293e-01
9.127247333526611328e-01
9.065007567405700684e-01
9.092670083045959473e-01
9.045643806457519531e-01
9.084371328353881836e-01
9.112033843994140625e-01
9.139695763587951660e-01
9.080221652984619141e-01
9.059474468231201172e-01
9.067773818969726562e-01
9.121715426445007324e-01
9.092670083045959473e-01
9.023513197898864746e-01
9.070540070533752441e-01
9.042876958847045898e-01
9.080222249031066895e-01
9.067773818969726562e-01
9.092669486999511719e-01
9.067773222923278809e-01
9.044260382652282715e-01
9.073305726051330566e-01
9.106500744819641113e-01
9.044260382652282715e-01
9.055325388908386230e-01
9.051176309585571289e-01
9.152144193649291992e-01
9.095435738563537598e-01
9.047026634216308594e-01
9.059475064277648926e-01
9.082987904548645020e-01
9.051175713539123535e-01
9.056708812713623047e-01
9.052559137344360352e-01
9.051176309585571289e-01
9.147994518280029297e-01
9.082988500595092773e-01
9.092670083045959473e-01
9.042877554893493652e-01
9.146611690521240234e-01
9.058091640472412109e-01
9.029045701026916504e-01
9.065006971359252930e-01
9.092669486999511719e-01
9.073306322097778320e-01
9.073305726051330566e-01
9.070540070533752441e-01
9.049792885780334473e-01
9.081604480743408203e-01
9.073306322097778320e-01
9.096819162368774414e-01
9.128630757331848145e-01
9.087137579917907715e-01
9.074689149856567383e-01
9.110650420188903809e-01
9.089903235435485840e-01
9.022130370140075684e-01
9.095435738563537598e-01
9.065006971359252930e-01
9.069157242774963379e-01
9.084370732307434082e-01
9.073305726051330566e-01
9.060857892036437988e-01
9.059474468231201172e-01
9.127247929573059082e-01
9.098202586174011230e-01
9.081604480743408203e-01
9.095436334609985352e-01
9.089903235435485840e-01
9.084371328353881836e-01
9.044260382652282715e-01
9.099585413932800293e-01
9.063624143600463867e-01
9.065006971359252930e-01
9.076072573661804199e-01
9.038728475570678711e-01
9.076072573661804199e-01
9.063624143600463867e-01
9.096819162368774414e-01
9.080221652984619141e-01
9.052559137344360352e-01
9.081605076789855957e-01
9.092670083045959473e-01
9.073306322097778320e-01
9.056708216667175293e-01
8.995850682258605957e-01
9.092669486999511719e-01
9.056708216667175293e-01
9.040111303329467773e-01
9.053942561149597168e-01
9.062240719795227051e-01
9.098202586174011230e-01
9.062241315841674805e-01
9.016597867012023926e-01
9.006915688514709473e-01
9.045643210411071777e-01
9.065007567405700684e-01
9.073306322097778320e-01
9.074689149856567383e-01
9.073306322097778320e-01
9.074689149856567383e-01
9.135546684265136719e-01
9.053942561149597168e-01
9.060857892036437988e-01
9.058091640472412109e-01
9.092670083045959473e-01
9.078838229179382324e-01
9.063624143600463867e-01
9.077455401420593262e-01
9.060857892036437988e-01
9.076071977615356445e-01
9.069156646728515625e-01
9.107884168624877930e-01
9.117566347122192383e-01
9.055325388908386230e-01
9.045643210411071777e-01
9.106500744819641113e-01
9.066389799118041992e-01
9.027662873268127441e-01
9.051176309585571289e-01
9.081605076789855957e-01
9.121715426445007324e-01
9.058091640472412109e-01
9.074689149856567383e-01
9.048409461975097656e-01
9.040111303329467773e-01
9.063624143600463867e-01
9.060857892036437988e-01
9.041494131088256836e-01
9.100968837738037109e-01
9.065006971359252930e-01
9.120332002639770508e-01
9.091286659240722656e-01
9.006916284561157227e-01
9.053942561149597168e-01
9.134163856506347656e-01
9.067773222923278809e-01
9.095435738563537598e-01
9.091286659240722656e-01
9.058091044425964355e-01
9.076071977615356445e-01
9.062240719795227051e-01
9.071922898292541504e-01
9.030429124832153320e-01
9.059475064277648926e-01
9.048410058021545410e-01
9.070540070533752441e-01
9.112033247947692871e-01
9.058091640472412109e-01
9.092670083045959473e-01
9.087136983871459961e-01
9.118949174880981445e-01
9.100968241691589355e-01
9.078838229179382324e-01
9.080221056938171387e-01
9.109267592430114746e-01
9.078838825225830078e-01
9.088520407676696777e-01
9.080221056938171387e-01
9.110650420188903809e-01
9.089903831481933594e-01
9.060858488082885742e-01
9.077455401420593262e-01
9.071922898292541504e-01
9.026279449462890625e-01
9.105117917060852051e-01
9.059474468231201172e-01
9.060857295989990234e-01
9.084371328353881836e-01
9.070539474487304688e-01
9.081605076789855957e-01
9.070540070533752441e-01
9.123098850250244141e-01
9.077455401420593262e-01
9.069156646728515625e-01
9.106500744819641113e-01
9.080221056938171387e-01
9.059475064277648926e-01
9.017980694770812988e-01
9.134163856506347656e-01
9.058091640472412109e-01
9.066389799118041992e-01
9.042877554893493652e-01
9.066390395164489746e-01
9.065007567405700684e-01
9.026279449462890625e-01
9.087137579917907715e-01
9.071922898292541504e-01
9.045643806457519531e-01
9.053942561149597168e-01
9.107884168624877930e-01
9.109266996383666992e-01
9.107884168624877930e-01
9.059475064277648926e-01
9.026280045509338379e-01
9.094053506851196289e-01
9.081605076789855957e-01
9.088520407676696777e-01
9.053942561149597168e-01
9.110650420188903809e-01
9.060857892036437988e-01
9.052559733390808105e-01
9.125865101814270020e-01
9.112033247947692871e-01
9.044259786605834961e-01
9.071923494338989258e-01
9.088521003723144531e-01
9.024897217750549316e-01
9.087137579917907715e-01
9.012448787689208984e-01
9.109266996383666992e-01
9.077455401420593262e-01
9.055325388908386230e-01
9.082988500595092773e-01
9.048410058021545410e-01
9.044260382652282715e-01
9.117566347122192383e-01
9.063624143600463867e-01
9.052559137344360352e-01
9.041494131088256836e-01
9.059474468231201172e-01
9.069156646728515625e-01
9.048409461975097656e-01
9.112033843994140625e-01
8.995851278305053711e-01
9.095436334609985352e-01
9.077455401420593262e-01
9.056708216667175293e-01
9.024896621704101562e-01
9.099585413932800293e-01
9.096819162368774414e-01
9.063624739646911621e-01
9.067773222923278809e-01
9.070539474487304688e-01
9.092670083045959473e-01
9.109267592430114746e-01
9.073305726051330566e-01
9.020747542381286621e-01
9.051175713539123535e-01
9.117565751075744629e-01
9.047026634216308594e-01
9.034578800201416016e-01
9.035961627960205078e-01
9.078838229179382324e-01
9.048410058021545410e-01
9.060857892036437988e-01
9.074689149856567383e-01
9.042877554893493652e-01
9.088520407676696777e-01
9.051176309585571289e-01
9.081604480743408203e-01
9.059474468231201172e-01
9.096819162368774414e-01
9.071922898292541504e-01
9.055325388908386230e-01
9.094052314758300781e-01
9.065007567405700684e-01
9.059475064277648926e-01
9.094052910804748535e-01
9.082987904548645020e-01
9.110650420188903809e-01
9.102351665496826172e-01
9.040111303329467773e-01
9.056708216667175293e-01
9.063624143600463867e-01
9.136930108070373535e-01
9.106500744819641113e-01
9.045643806457519531e-01
9.128630757331848145e-01
9.006916284561157227e-01
9.085754156112670898e-01
9.081604480743408203e-01
9.114799499511718750e-01
9.041494131088256836e-01
9.096818566322326660e-01
9.087136983871459961e-01
9.118948578834533691e-01
9.107883572578430176e-01
9.056708216667175293e-01
9.107884168624877930e-01
9.102351665496826172e-01
9.088519811630249023e-01
9.091286659240722656e-01
9.081605076789855957e-01
9.088520407676696777e-01
9.138312339782714844e-01
9.078838825225830078e-01
9.058091640472412109e-01
9.076071977615356445e-01
9.051175713539123535e-01
9.051175713539123535e-01
9.094053506851196289e-01
9.080221652984619141e-01
9.048409461975097656e-01
9.087137579917907715e-01
9.026279449462890625e-01
9.095436334609985352e-01
9.031812548637390137e-01
9.080222249031066895e-01
9.063624143600463867e-01
9.100968837738037109e-01
9.099585413932800293e-01
9.073305726051330566e-01
9.110650420188903809e-01
9.089903831481933594e-01
9.098201990127563477e-01
9.105117917060852051e-01
9.099585413932800293e-01
9.077455997467041016e-01
9.110650420188903809e-01
9.143845438957214355e-01
9.073306322097778320e-01
9.091286063194274902e-01
9.120332002639770508e-01
9.087136983871459961e-01
9.016597867012023926e-01
9.080221652984619141e-01
9.076072573661804199e-01
9.094052314758300781e-01
9.117565751075744629e-01
9.047026634216308594e-01
9.102351665496826172e-01
9.071922898292541504e-01
9.082987904548645020e-01
9.062241315841674805e-01
9.087137579917907715e-01
9.051175713539123535e-01
9.102351665496826172e-01
9.106501340866088867e-01
9.063624143600463867e-01
9.048410058021545410e-01
9.069156646728515625e-01
9.067773818969726562e-01
9.099585413932800293e-01
9.099584817886352539e-01
9.092669486999511719e-01
9.066390395164489746e-01
9.085754156112670898e-01
9.084371328353881836e-01
9.085754156112670898e-01
9.092669486999511719e-01
9.022130966186523438e-01
9.098201990127563477e-01
9.031811952590942383e-01
9.081605076789855957e-01
9.085754156112670898e-01
9.103734493255615234e-01
9.055325388908386230e-01
9.106500744819641113e-01
9.078838825225830078e-01
9.106501340866088867e-01
9.073306322097778320e-01
9.067773222923278809e-01
9.073305726051330566e-01
9.091287255287170410e-01
9.116182923316955566e-01
9.052559137344360352e-01
9.103734493255615234e-01
9.095436334609985352e-01
9.066390991210937500e-01
9.040110707283020020e-01
9.113416671752929688e-01
9.066390395164489746e-01
9.114800095558166504e-01
9.019364118576049805e-01
9.056708812713623047e-01
9.089903831481933594e-01
9.136930108070373535e-01
9.070540070533752441e-01
9.073305726051330566e-01
9.063624143600463867e-01
9.081605076789855957e-01
9.080221056938171387e-01
9.105117321014404297e-01
9.098201990127563477e-01
9.060857892036437988e-01
9.092669486999511719e-01
9.124481678009033203e-01
9.065007567405700684e-01
9.145228862762451172e-01
9.070540070533752441e-01
9.076071977615356445e-01
9.074689149856567383e-01
9.063624143600463867e-01
9.112033843994140625e-01
9.081604480743408203e-01
9.077455401420593262e-01
9.073306322097778320e-01
9.074689149856567383e-01
9.152144193649291992e-01
9.062240719795227051e-01
9.060857892036437988e-01
9.049792289733886719e-01
9.088520407676696777e-01
9.091287255287170410e-01
9.125864505767822266e-01
9.092670083045959473e-01
9.128631353378295898e-01
9.070539474487304688e-01
9.110650420188903809e-01
9.121714830398559570e-01
9.134163856506347656e-01
9.088520407676696777e-01
9.087136983871459961e-01
9.114799499511718750e-01
9.123098850250244141e-01
9.112033843994140625e-01
9.103734493255615234e-01
9.099584817886352539e-01
9.062240719795227051e-01
9.063624143600463867e-01
9.117565751075744629e-01
9.045643210411071777e-01
9.087136983871459961e-01
9.110650420188903809e-01
9.095435738563537598e-01
9.053941965103149414e-01
9.073306322097778320e-01
9.084371328353881836e-01
9.076071977615356445e-01
9.033195376396179199e-01
9.078838229179382324e-01
9.076072573661804199e-01
9.091286063194274902e-01
9.127247929573059082e-01
9.076072573661804199e-01
9.105117917060852051e-01
9.100968837738037109e-01
9.081604480743408203e-01
9.089903831481933594e-01
9.094052910804748535e-01
9.121715426445007324e-01
9.109267592430114746e-01
9.114800095558166504e-01
9.042876958847045898e-01
9.094052314758300781e-01
9.096818566322326660e-01
9.069156646728515625e-01
9.080221652984619141e-01
9.047026634216308594e-01
9.094052910804748535e-01
9.091286659240722656e-01
9.116183519363403320e-01
9.059475064277648926e-01
9.112033247947692871e-01
9.031811952590942383e-01
9.088520407676696777e-01
9.065007567405700684e-01
9.109266996383666992e-01
9.077455401420593262e-01
9.059475064277648926e-01
9.110650420188903809e-01
9.087136983871459961e-01
9.095436334609985352e-01
9.110650420188903809e-01
9.089903831481933594e-01
9.118948578834533691e-01
9.123098254203796387e-01
9.106501340866088867e-01
9.077455401420593262e-01
9.042876958847045898e-01
9.070539474487304688e-01
9.089903235435485840e-01
9.051175713539123535e-01
9.110651016235351562e-01
9.081604480743408203e-01
9.103735089302062988e-01
9.088520407676696777e-01
9.102351665496826172e-01
9.037344455718994141e-01
9.048409461975097656e-01
9.052559137344360352e-01
9.102351665496826172e-01
9.089903235435485840e-01
9.005532860755920410e-01
9.040110707283020020e-01
9.109266996383666992e-01
9.100968241691589355e-01
9.073305726051330566e-01
9.026280045509338379e-01
9.069156646728515625e-01
9.147995114326477051e-01
9.070539474487304688e-01
9.069156646728515625e-01
9.085754156112670898e-01
9.085754156112670898e-01
9.055325984954833984e-01
9.084370732307434082e-01
9.084371328353881836e-01
9.087136983871459961e-01
9.089903831481933594e-01
9.120332598686218262e-01
9.150761365890502930e-01
9.132781028747558594e-01
9.096819162368774414e-01
9.019364118576049805e-01
9.063623547554016113e-01
9.066390395164489746e-01
9.067773222923278809e-01
9.096819758415222168e-01
9.066389799118041992e-01
9.130014181137084961e-01
9.080221652984619141e-01
9.117565751075744629e-01
9.092669486999511719e-01
9.078838825225830078e-01
9.136930108070373535e-01
9.099585413932800293e-01
9.121714830398559570e-01
9.081605076789855957e-01
9.120332598686218262e-01
9.067773818969726562e-01
9.045643210411071777e-01
9.053942561149597168e-01
9.080221056938171387e-01
9.109266996383666992e-01
9.055325388908386230e-01
9.102351665496826172e-01
9.091286659240722656e-01
9.080221652984619141e-01
9.067773818969726562e-01
9.089903235435485840e-01
9.102351665496826172e-01
9.073305726051330566e-01
9.095435738563537598e-01
9.076071977615356445e-01
9.103735089302062988e-01
9.073306322097778320e-01
9.074689149856567383e-01
9.118949174880981445e-01
9.102351665496826172e-01
9.070539474487304688e-01
9.089903831481933594e-01
9.069156646728515625e-01
9.109266996383666992e-01
9.114799499511718750e-01
9.060857892036437988e-01
9.118949174880981445e-01
9.055325388908386230e-01
9.084371328353881836e-01
9.088520407676696777e-01
9.117565751075744629e-01
9.092670083045959473e-01
9.069156646728515625e-01
9.128631353378295898e-01
9.048410058021545410e-01
9.056708812713623047e-01
9.073305726051330566e-01
9.123098254203796387e-01
9.040111303329467773e-01
9.095435738563537598e-01
9.066390395164489746e-01
9.109266996383666992e-01
9.081605076789855957e-01
9.087137579917907715e-01
9.094053506851196289e-01
9.045643806457519531e-01
9.065006971359252930e-01
9.096818566322326660e-01
9.060858488082885742e-01
9.114800095558166504e-01
9.069156646728515625e-01
9.106500744819641113e-01
9.000000357627868652e-01
9.058091640472412109e-01
9.062241315841674805e-01
9.048409461975097656e-01
9.094052910804748535e-01
9.088520407676696777e-01
9.065006971359252930e-01
9.092670083045959473e-01
9.059475064277648926e-01
9.096819162368774414e-01
9.091286659240722656e-01
9.081605076789855957e-01
9.085754156112670898e-01
9.076071977615356445e-01
9.124481678009033203e-01
9.055324792861938477e-01
9.058091640472412109e-01
9.062240719795227051e-01
9.110650420188903809e-01
9.112033247947692871e-01
9.084371328353881836e-01
9.105117321014404297e-01
9.076072573661804199e-01
9.089903831481933594e-01
9.035961627960205078e-01
9.089903235435485840e-01
9.085754156112670898e-01
9.082987904548645020e-01
9.114800095558166504e-01
9.027662873268127441e-01
9.060857892036437988e-01
9.105117917060852051e-01
9.142462015151977539e-01
9.070539474487304688e-01
9.085754752159118652e-01
9.087136983871459961e-01
9.048409461975097656e-01
9.084371328353881836e-01
9.091286659240722656e-01
9.040110707283020020e-01
9.089903235435485840e-01
9.059475064277648926e-01
9.065006971359252930e-01
9.056708216667175293e-01
9.044260382652282715e-01
9.005533456802368164e-01
9.030429124832153320e-01
9.067773818969726562e-01
9.045643210411071777e-01
9.098201990127563477e-01
9.107884168624877930e-01
9.107884168624877930e-01
9.088520407676696777e-01
9.071923494338989258e-01
9.076071977615356445e-01
9.142462015151977539e-01
9.058091640472412109e-01
9.065006971359252930e-01
9.114800095558166504e-01
9.082987904548645020e-01
9.134163260459899902e-01
9.053941965103149414e-01
9.127247929573059082e-01
9.091287255287170410e-01
9.089903235435485840e-01
9.103734493255615234e-01
9.053942561149597168e-01
9.041494131088256836e-01
9.089903235435485840e-01
9.102351069450378418e-01
9.114799499511718750e-01
9.077454805374145508e-01
9.056708812713623047e-01
9.019364118576049805e-01
9.134163260459899902e-01
9.128630757331848145e-01
9.100968837738037109e-01
9.076071977615356445e-01
9.098201990127563477e-01
9.098202586174011230e-01
9.073306322097778320e-01
9.062241315841674805e-01
9.067773818969726562e-01
9.063624143600463867e-01
9.070540070533752441e-01
9.065006971359252930e-01
9.112033247947692871e-01
9.105118513107299805e-01
9.095435738563537598e-01
9.027662873268127441e-01
9.074689745903015137e-01
9.082987308502197266e-01
9.109266996383666992e-01
9.118949174880981445e-01
9.077455997467041016e-01
9.071922898292541504e-01
9.063623547554016113e-01
9.069156646728515625e-01
9.099585413932800293e-01
9.042876958847045898e-01
9.065007567405700684e-01
9.085754156112670898e-01
9.071922898292541504e-01
9.128631353378295898e-01
9.066390991210937500e-01
9.085754752159118652e-01
9.092669486999511719e-01
9.027662873268127441e-01
9.105118513107299805e-01
9.073306322097778320e-01
9.096818566322326660e-01
9.048409461975097656e-01
9.103734493255615234e-01
9.077455401420593262e-01
9.088520407676696777e-01
9.096819162368774414e-01
9.081604480743408203e-01
9.084371328353881836e-01
9.071922898292541504e-01
9.084370732307434082e-01
9.092670083045959473e-01
9.081605076789855957e-01
9.109267592430114746e-01
9.074688553810119629e-01
9.106500744819641113e-01
9.065006971359252930e-01
9.117566347122192383e-01
9.112033843994140625e-01
9.082987904548645020e-01
9.022129774093627930e-01
9.113416671752929688e-01
9.042876958847045898e-01
9.110651016235351562e-01
9.103735089302062988e-01
9.117565751075744629e-01
9.082987904548645020e-01
9.143845438957214355e-01
9.117566347122192383e-01
9.077455401420593262e-01
9.123098254203796387e-01
9.107884168624877930e-01
9.065006971359252930e-01
9.124481081962585449e-01
9.136929512023925781e-01
9.170124530792236328e-01
9.069156050682067871e-01
9.092670083045959473e-01
9.105117917060852051e-01
9.084371328353881836e-01
9.060857892036437988e-01
9.132780432701110840e-01
9.081605076789855957e-01
9.049792885780334473e-01
9.084371328353881836e-01
9.134163260459899902e-01
9.062240719795227051e-01
9.078838229179382324e-01
9.071922898292541504e-01
9.077455401420593262e-01
9.044260382652282715e-01
9.114799499511718750e-01
9.105117917060852051e-01
9.059474468231201172e-01
9.045643210411071777e-01
9.056708216667175293e-01
9.098201990127563477e-01
9.056708812713623047e-01
9.053941965103149414e-01
9.081604480743408203e-01
9.096819162368774414e-01
9.099585413932800293e-01
9.087136983871459961e-01
9.116182327270507812e-01
9.066390395164489746e-01
9.088520407676696777e-01
9.116183519363403320e-01
9.105117917060852051e-01
9.131397008895874023e-01
9.121714830398559570e-01
9.091286659240722656e-01
9.120332598686218262e-01
9.078838229179382324e-01
9.082987904548645020e-01
9.105117917060852051e-01
9.073306322097778320e-01
9.069156646728515625e-01
9.102352261543273926e-01
9.092669486999511719e-01
9.037345051765441895e-01
9.123098850250244141e-01
9.071922302246093750e-01
9.077455997467041016e-01
9.066390395164489746e-01
9.047026634216308594e-01
9.134163856506347656e-01
9.089903831481933594e-01
9.071922898292541504e-01
9.107884764671325684e-01
9.062240719795227051e-01
9.088520407676696777e-01
9.127247929573059082e-01
9.065006971359252930e-01
9.117566347122192383e-01
9.128631353378295898e-01
9.052559137344360352e-01
9.085754156112670898e-01
9.124482274055480957e-01
9.098201990127563477e-01
9.124481081962585449e-01
9.087136983871459961e-01
9.067773818969726562e-01
9.094053506851196289e-01
9.076072573661804199e-01
9.059474468231201172e-01
9.112033843994140625e-01
9.070540070533752441e-01
9.089903831481933594e-01
9.049792885780334473e-01
9.076072573661804199e-01
9.116182923316955566e-01
9.074689745903015137e-01
9.127247929573059082e-01
9.094052910804748535e-01
9.037344455718994141e-01
9.080221652984619141e-01
9.084370732307434082e-01
9.098202586174011230e-01
9.076071977615356445e-01
9.082987904548645020e-01
9.060857892036437988e-01
9.102351665496826172e-01
9.124481678009033203e-01
9.094052910804748535e-01
9.069156646728515625e-01
9.088521003723144531e-01
9.114799499511718750e-01
9.142462611198425293e-01
9.071922898292541504e-01
9.051176309585571289e-01
9.077455401420593262e-01
9.029046297073364258e-01
9.062241315841674805e-01
9.089903235435485840e-01
9.116182923316955566e-01
9.130014181137084961e-01
9.056708216667175293e-01
9.106501340866088867e-01
9.102352261543273926e-01
9.121715426445007324e-01
9.094052910804748535e-01
9.074689149856567383e-01
9.100968837738037109e-01
9.103735089302062988e-01
9.049792885780334473e-01
9.094053506851196289e-01
9.096819162368774414e-01
9.041494131088256836e-01
9.091286659240722656e-01
9.053942561149597168e-01
9.070540070533752441e-01
9.128631353378295898e-01
9.089903831481933594e-01
9.062240719795227051e-01
9.062240719795227051e-01
9.074688553810119629e-01
9.091286659240722656e-01
9.037344455718994141e-01
9.073306322097778320e-01
9.085754156112670898e-01
9.073306322097778320e-01
9.089903831481933594e-01
9.027662873268127441e-01
9.052559137344360352e-01
9.105117917060852051e-01
9.080221652984619141e-01
9.100968241691589355e-01
9.100968241691589355e-01
9.081604480743408203e-01
9.040110707283020020e-01
9.114800095558166504e-01
9.103735089302062988e-01
9.102352261543273926e-01
9.084371328353881836e-01
9.073305726051330566e-01
9.098201990127563477e-01
9.116182923316955566e-01
9.051175713539123535e-01
9.131397604942321777e-01
9.084370732307434082e-01
9.073306322097778320e-01
9.134163856506347656e-01
9.096819162368774414e-01
9.062241315841674805e-01
9.070539474487304688e-01
9.077454805374145508e-01
9.142462015151977539e-01
9.084370732307434082e-01
9.095435738563537598e-01
9.033194780349731445e-01
9.073305726051330566e-01
9.107883572578430176e-01
9.105117917060852051e-01
9.048410058021545410e-01
9.044260382652282715e-01
9.070539474487304688e-01
9.120332598686218262e-01
9.076072573661804199e-01
9.102351069450378418e-01
9.096819162368774414e-01
9.069156646728515625e-01
9.085754156112670898e-01
9.066390395164489746e-01
9.094052910804748535e-01
9.113417267799377441e-01
9.074689745903015137e-01
9.100968837738037109e-01
9.127248525619506836e-01
9.094053506851196289e-01
9.035961031913757324e-01
9.058091640472412109e-01
9.071922898292541504e-01
9.074689149856567383e-01
9.110650420188903809e-01
9.106500744819641113e-01
9.127247929573059082e-01
9.096819162368774414e-01
9.067773818969726562e-01
9.098201990127563477e-01
9.070540070533752441e-01
9.096819758415222168e-01
9.096818566322326660e-01
9.102351665496826172e-01
9.112033843994140625e-01
9.080221652984619141e-01
9.149377942085266113e-01
9.029045701026916504e-01
9.087137579917907715e-01
9.139695763587951660e-01
9.095435738563537598e-01
9.062240719795227051e-01
9.106500744819641113e-01
9.131397604942321777e-01
9.066390991210937500e-01
9.081604480743408203e-01
9.022130370140075684e-01
9.099585413932800293e-01
9.078838229179382324e-01
9.100968837738037109e-01
9.125864505767822266e-01
9.116182923316955566e-01
9.077455401420593262e-01
9.099584817886352539e-01
9.105117917060852051e-01
9.121715426445007324e-01
9.098202586174011230e-01
9.037345051765441895e-01
9.113416075706481934e-01
9.109267592430114746e-01
9.136930108070373535e-01
9.091286659240722656e-01
9.071922898292541504e-01
9.074689149856567383e-01
9.099585413932800293e-01
9.098201990127563477e-01
9.077455401420593262e-01
9.073305726051330566e-01
9.102351665496826172e-01
9.109267592430114746e-01
9.080221652984619141e-01
9.089903831481933594e-01
9.067773222923278809e-01
9.076072573661804199e-01
9.107884168624877930e-01
9.048410058021545410e-01
9.100968837738037109e-01
9.085754156112670898e-01
9.113416671752929688e-01
9.049792885780334473e-01
9.080221056938171387e-01
9.091286659240722656e-01
9.121715426445007324e-01
9.098202586174011230e-01
9.110650420188903809e-01
9.106501340866088867e-01
9.134163856506347656e-01
9.092669486999511719e-01
9.094053506851196289e-01
9.087136983871459961e-01
9.087136983871459961e-01
9.082987904548645020e-01
9.073305726051330566e-01
9.074689149856567383e-01
9.081604480743408203e-01
9.105117321014404297e-01
9.084370732307434082e-01
9.029045701026916504e-01
9.109267592430114746e-01
9.139696359634399414e-01
9.112033247947692871e-01
9.080222249031066895e-01
9.128631353378295898e-01
9.053942561149597168e-01
9.091286659240722656e-01
9.082987308502197266e-01
9.015215039253234863e-01
9.030429124832153320e-01
9.078838825225830078e-01
9.094052910804748535e-01
9.052558541297912598e-01
9.110650420188903809e-01
9.076071977615356445e-01
9.085754156112670898e-01
9.073306322097778320e-01
9.081605076789855957e-01
9.143846035003662109e-01
9.073305726051330566e-01
9.020747542381286621e-01
9.074689149856567383e-01
9.069156646728515625e-01
9.114799499511718750e-01
9.123098254203796387e-01
9.092670083045959473e-01
9.154910445213317871e-01
9.076071977615356445e-01
9.098202586174011230e-01
9.095436334609985352e-01
9.077455401420593262e-01
9.074689149856567383e-01
9.033195376396179199e-01
9.094052910804748535e-01
9.085754156112670898e-01
9.125865101814270020e-01
9.080222249031066895e-01
9.069156050682067871e-01
9.060857892036437988e-01
9.125864505767822266e-01
9.087137579917907715e-01
9.088521003723144531e-01
9.076071977615356445e-01
9.088520407676696777e-01
9.077455401420593262e-01
9.077455401420593262e-01
9.095435738563537598e-01
9.100968837738037109e-01
9.056708812713623047e-01
9.078838229179382324e-01
9.085754156112670898e-01
9.125865101814270020e-01
9.088520407676696777e-01
9.092670083045959473e-01
9.116182327270507812e-01
9.110650420188903809e-01
9.094052910804748535e-01
9.118949174880981445e-01
9.066390395164489746e-01
9.141079187393188477e-01
9.094052910804748535e-01
9.131397008895874023e-01
9.051175713539123535e-01
9.066390395164489746e-01
9.091286659240722656e-01
9.065007567405700684e-01
9.051175713539123535e-01
9.109266996383666992e-01
9.052558541297912598e-01
9.131397604942321777e-01
9.055325388908386230e-01
9.019364118576049805e-01
9.106501340866088867e-01
9.067773818969726562e-01
9.099585413932800293e-01
9.077455401420593262e-01
9.110650420188903809e-01
9.118949174880981445e-01
9.103735089302062988e-01
9.070540070533752441e-01
9.047026634216308594e-01
9.084370732307434082e-01
9.076072573661804199e-01
9.116182923316955566e-01
9.091286659240722656e-01
9.105117917060852051e-01
9.112033843994140625e-01
9.081604480743408203e-01
9.074689149856567383e-01
9.084371328353881836e-01
9.081605076789855957e-01
9.091286659240722656e-01
9.049792885780334473e-01
9.071922898292541504e-01
9.084370732307434082e-01
9.085754752159118652e-01
9.095436334609985352e-01
9.073305726051330566e-01
9.069156646728515625e-01
9.058091640472412109e-01
9.130014777183532715e-01
9.118949770927429199e-01
9.109267592430114746e-01
9.085753560066223145e-01
9.107884168624877930e-01
9.034578204154968262e-01
9.047026634216308594e-01
9.049792289733886719e-01
9.081605076789855957e-01
9.094052910804748535e-01
9.069156646728515625e-01
9.105117917060852051e-01
9.078838229179382324e-01
9.089903831481933594e-01
9.124482274055480957e-01
9.092670083045959473e-01
9.031812548637390137e-01
9.055325388908386230e-01
9.117565751075744629e-01
9.096819162368774414e-01
9.099585413932800293e-01
9.087137579917907715e-01
9.063624143600463867e-01
9.087137579917907715e-01
9.110650420188903809e-01
9.084371328353881836e-01
9.074689149856567383e-01
9.114799499511718750e-01
9.099585413932800293e-01
9.087137579917907715e-01
9.085754156112670898e-01
9.042876958847045898e-01
9.098202586174011230e-01
9.096819162368774414e-01
9.110651016235351562e-01
9.011065363883972168e-01
9.063624143600463867e-01
9.081604480743408203e-01
9.085753560066223145e-01
9.145228266716003418e-01
9.091286659240722656e-01
9.085753560066223145e-01
9.100968837738037109e-01
9.098201990127563477e-01
9.089903235435485840e-01
9.099584817886352539e-01
9.113416671752929688e-01
9.066390395164489746e-01
9.089903831481933594e-01
9.100968241691589355e-01
9.100968241691589355e-01
9.096819162368774414e-01
9.128630757331848145e-01
9.123098254203796387e-01
9.078838825225830078e-01
9.095435738563537598e-01
9.109266996383666992e-01
9.052559137344360352e-01
9.041494131088256836e-01
9.078838825225830078e-01
9.117566347122192383e-01
9.091286659240722656e-01
9.102352261543273926e-01
9.078838229179382324e-01
9.096819162368774414e-01
9.074689149856567383e-01
9.073306322097778320e-01
9.051176309585571289e-01
9.062241315841674805e-01
9.117565751075744629e-01
9.099586009979248047e-01
9.092669486999511719e-01
9.055325388908386230e-01
9.082987904548645020e-01
9.042877554893493652e-01
9.080221652984619141e-01
9.102351665496826172e-01
9.099585413932800293e-01
9.071922302246093750e-01
9.066390395164489746e-01
9.109267592430114746e-01
9.071922898292541504e-01
9.070539474487304688e-01
9.094052314758300781e-01
9.114799499511718750e-01
9.141079187393188477e-01
9.092669486999511719e-01
9.034578204154968262e-01
9.116182923316955566e-01
9.029045701026916504e-01
9.118949174880981445e-01
9.096819162368774414e-01
9.074689149856567383e-01
9.076072573661804199e-01
9.105117917060852051e-01
9.106500744819641113e-01
9.138313531875610352e-01
9.080221652984619141e-01
9.106500744819641113e-01
9.067773818969726562e-01
9.094052910804748535e-01
9.082987904548645020e-01
9.124481678009033203e-01
9.089903831481933594e-01
9.117566347122192383e-01
9.071922898292541504e-01
9.063624143600463867e-01
9.030429720878601074e-01
9.076071977615356445e-01
9.096819162368774414e-01
9.045643806457519531e-01
9.081604480743408203e-01
9.098202586174011230e-01
9.041494727134704590e-01
9.095436334609985352e-01
9.103735089302062988e-01
9.059475064277648926e-01
9.070539474487304688e-01
9.112033247947692871e-01
9.107884168624877930e-01
9.094052910804748535e-01
9.095436334609985352e-01
9.060857892036437988e-01
9.106500744819641113e-01
9.081604480743408203e-01
9.103735089302062988e-01
9.149377346038818359e-01
9.031812548637390137e-01
9.091286659240722656e-01
9.058091640472412109e-01
9.067773222923278809e-01
9.092670083045959473e-01
9.117565751075744629e-01
9.096819162368774414e-01
9.096819162368774414e-01
9.077455401420593262e-01
9.076072573661804199e-01
9.139695763587951660e-01
9.049792885780334473e-01
9.123098254203796387e-01
9.076071977615356445e-01
9.092669486999511719e-01
9.048410058021545410e-01
9.089903235435485840e-01
9.073305726051330566e-01
9.058091640472412109e-01
9.073305726051330566e-01
9.076072573661804199e-01
9.035962224006652832e-01
9.091286659240722656e-01
9.092669486999511719e-01
9.100968837738037109e-01
9.106500744819641113e-01
9.118949770927429199e-01
9.109267592430114746e-01
9.098202586174011230e-01
9.091286659240722656e-01
9.037345051765441895e-01
9.092669486999511719e-01
9.100968241691589355e-01
9.040111303329467773e-01
9.055325388908386230e-01
9.066390395164489746e-01
9.094052910804748535e-01
9.052559137344360352e-01
9.102351665496826172e-01
9.088519811630249023e-01
9.045644402503967285e-01
9.113416671752929688e-01
9.114800095558166504e-01
9.051176309585571289e-01
9.066390395164489746e-01
9.124481081962585449e-01
9.066390991210937500e-01
9.074689745903015137e-01
9.059475064277648926e-01
9.110649824142456055e-01
9.082987308502197266e-01
9.089903831481933594e-01
9.035961627960205078e-01
9.106501340866088867e-01
9.139695763587951660e-01
9.089903235435485840e-01
9.136930108070373535e-01
9.073305726051330566e-01
9.027662873268127441e-01
