1.673582382500171661e-02
1.964038796722888947e-02
1.853388734161853790e-02
1.908713765442371368e-02
1.881051249802112579e-02
2.434301562607288361e-02
3.471646085381507874e-02
4.979253187775611877e-02
6.403873115777969360e-02
9.349931031465530396e-02
1.305670887231826782e-01
1.908713728189468384e-01
2.459197789430618286e-01
2.874135673046112061e-01
3.347164690494537354e-01
3.773167431354522705e-01
4.283540844917297363e-01
4.557399749755859375e-01
4.878284931182861328e-01
5.088520050048828125e-01
5.307053923606872559e-01
5.475795269012451172e-01
5.571231245994567871e-01
5.831258893013000488e-01
5.897648930549621582e-01
6.091286540031433105e-01
6.211618185043334961e-01
6.313970088958740234e-01
6.366528272628784180e-01
6.482711434364318848e-01
6.567081809043884277e-01
6.656984686851501465e-01
6.731674075126647949e-01
6.757953166961669922e-01
6.889350414276123047e-01
6.929461359977722168e-01
6.969571709632873535e-01
7.116183042526245117e-01
7.082987427711486816e-01
7.213001251220703125e-01
7.254495024681091309e-01
7.262793779373168945e-01
7.283540964126586914e-01
7.408022284507751465e-01
7.390041947364807129e-01
7.471646666526794434e-01
7.520055770874023438e-01
7.528354525566101074e-01
7.579529881477355957e-01
7.554633617401123047e-01
7.661134600639343262e-01
7.650068998336791992e-01
7.640387415885925293e-01
7.780082821846008301e-01
7.730290889739990234e-01
7.831259369850158691e-01
7.807745933532714844e-01
7.850622534751892090e-01
7.816044688224792480e-01
7.852005958557128906e-01
7.965422272682189941e-01
7.939142584800720215e-01
8.019363880157470703e-01
7.915629744529724121e-01
7.943292260169982910e-01
8.077455759048461914e-01
8.110650777816772461e-01
8.009682297706604004e-01
8.070540428161621094e-01
8.066390752792358398e-01
8.066390752792358398e-01
8.156293630599975586e-01
8.125864267349243164e-01
8.197787404060363770e-01
8.131397366523742676e-01
8.219917416572570801e-01
8.229599595069885254e-01
8.229598999023437500e-01
8.253112435340881348e-01
8.258644938468933105e-01
8.229598999023437500e-01
8.269709944725036621e-01
8.192254304885864258e-01
8.257262110710144043e-01
8.291839957237243652e-01
8.302904367446899414e-01
8.273859024047851562e-01
8.333333730697631836e-01
8.354080915451049805e-01
8.345781564712524414e-01
8.322268724441528320e-01
8.333333730697631836e-01
8.362379670143127441e-01
8.431535363197326660e-01
8.370678424835205078e-01
8.356846570968627930e-01
8.381743431091308594e-01
8.398340940475463867e-01
8.392807841300964355e-01
8.443983793258666992e-01
8.405256867408752441e-01
8.473029732704162598e-01
8.402490019798278809e-01
8.409405946731567383e-01
8.441217541694641113e-01
8.459198474884033203e-01
8.406639695167541504e-01
8.549101352691650391e-01
8.524205088615417480e-01
8.441217541694641113e-01
8.522822260856628418e-01
8.562932610511779785e-01
8.432918787002563477e-01
8.572614789009094238e-01
8.580912947654724121e-01
8.517289161682128906e-01
8.442600369453430176e-01
8.488243222236633301e-01
8.533886671066284180e-01
8.520055413246154785e-01
8.489627242088317871e-01
8.571231961250305176e-01
8.518671989440917969e-01
8.583679795265197754e-01
8.564316034317016602e-01
8.568465113639831543e-01
8.575380444526672363e-01
8.568465113639831543e-01
8.593361377716064453e-01
8.572614789009094238e-01
8.583679199218750000e-01
8.585062623023986816e-01
8.558783531188964844e-01
8.615490794181823730e-01
8.626556396484375000e-01
8.569847941398620605e-01
8.630706071853637695e-01
8.611341714859008789e-01
8.601660132408142090e-01
8.654218912124633789e-01
8.662517666816711426e-01
8.619640469551086426e-01
8.609958291053771973e-01
8.618257045745849609e-01
8.647302985191345215e-01
8.637620806694030762e-01
8.627939224243164062e-01
8.626556396484375000e-01
8.705394268035888672e-01
8.612725138664245605e-01
8.661134839057922363e-01
8.692945837974548340e-01
8.630705475807189941e-01
8.681881427764892578e-01
8.701245188713073730e-01
8.701245784759521484e-01
8.605809807777404785e-01
8.662517666816711426e-01
8.672199845314025879e-01
8.692946434020996094e-01
8.672199249267578125e-01
8.720608353614807129e-01
8.674965500831604004e-01
8.730291128158569336e-01
8.632088303565979004e-01
8.668050169944763184e-01
8.717842698097229004e-01
8.698478937149047852e-01
8.672199249267578125e-01
8.727524876594543457e-01
8.755187392234802246e-01
8.719226121902465820e-01
8.751037716865539551e-01
8.730291128158569336e-01
8.760719299316406250e-01
8.694329857826232910e-01
8.756570219993591309e-01
8.697096109390258789e-01
8.708160519599914551e-01
8.734440207481384277e-01
8.767635226249694824e-01
8.757953643798828125e-01
8.795297741889953613e-01
8.741355538368225098e-01
8.702628016471862793e-01
8.739972710609436035e-01
8.764868974685668945e-01
8.716459870338439941e-01
8.777316808700561523e-01
8.694329261779785156e-01
8.749654293060302734e-01
8.753803372383117676e-01
8.730290532112121582e-01
8.796680569648742676e-01
8.726140856742858887e-01
8.741355538368225098e-01
8.792530894279479980e-01
8.816044330596923828e-01
8.719225525856018066e-01
8.791148662567138672e-01
8.775933980941772461e-01
8.733056783676147461e-01
8.793914914131164551e-01
8.793914318084716797e-01
8.792531490325927734e-01
8.751037716865539551e-01
8.762102127075195312e-01
8.771784305572509766e-01
8.785616159439086914e-01
8.757953643798828125e-01
8.778699636459350586e-01
8.793914914131164551e-01
8.788382411003112793e-01
8.738589882850646973e-01
8.775933980941772461e-01
8.843707442283630371e-01
8.774551153182983398e-01
8.788381814956665039e-01
8.792530894279479980e-01
8.780083060264587402e-01
8.744121789932250977e-01
8.710927367210388184e-01
8.773167133331298828e-01
8.818811178207397461e-01
8.785615563392639160e-01
8.760719895362854004e-01
8.820194005966186523e-01
8.799446821212768555e-01
8.796681165695190430e-01
8.741355538368225098e-01
8.822960257530212402e-01
8.840941190719604492e-01
8.860304355621337891e-01
8.771784305572509766e-01
8.825726509094238281e-01
8.782849311828613281e-01
8.767635226249694824e-01
8.814661502838134766e-01
8.770401477813720703e-01
8.839557766914367676e-01
8.829875588417053223e-01
8.840941190719604492e-01
8.811895251274108887e-01
8.802213072776794434e-01
8.825726509094238281e-01
8.780083060264587402e-01
8.791148662567138672e-01
8.795297741889953613e-01
8.720608353614807129e-01
8.816044926643371582e-01
8.864454030990600586e-01
8.817427754402160645e-01
8.784232735633850098e-01
8.780083060264587402e-01
8.825726509094238281e-01
8.829876184463500977e-01
8.824343085289001465e-01
8.798063993453979492e-01
8.868603110313415527e-01
8.846473097801208496e-01
8.816044926643371582e-01
8.820194005966186523e-01
8.867220282554626465e-01
8.868603706359863281e-01
8.905948400497436523e-01
8.835408091545104980e-01
8.807746171951293945e-01
8.822960257530212402e-01
8.813278675079345703e-01
8.816044926643371582e-01
8.869986534118652344e-01
8.839557766914367676e-01
8.886584043502807617e-01
8.820194005966186523e-01
8.869985938072204590e-01
8.876902461051940918e-01
8.872752785682678223e-01
8.816044330596923828e-01
8.800830245018005371e-01
8.897649049758911133e-01
8.850622773170471191e-01
8.846473097801208496e-01
8.907330632209777832e-01
8.835408687591552734e-01
8.810512423515319824e-01
8.831259012222290039e-01
8.847856521606445312e-01
8.804979324340820312e-01
8.885200619697570801e-01
8.782849907875061035e-01
8.863070607185363770e-01
8.850622177124023438e-01
8.816044926643371582e-01
8.845090270042419434e-01
8.869986534118652344e-01
8.850622773170471191e-01
8.800830245018005371e-01
8.846473097801208496e-01
8.822960853576660156e-01
8.887967467308044434e-01
8.853389024734497070e-01
8.846473693847656250e-01
8.860304355621337891e-01
8.850622773170471191e-01
8.882434964179992676e-01
8.810512423515319824e-01
8.840940594673156738e-01
8.843707442283630371e-01
8.831259012222290039e-01
8.775934576988220215e-01
8.874135613441467285e-01
8.883817791938781738e-01
8.944675326347351074e-01
8.824343085289001465e-01
8.856155276298522949e-01
8.832642436027526855e-01
8.903181552886962891e-01
8.852005600929260254e-01
8.879668712615966797e-01
8.910097479820251465e-01
8.889350295066833496e-01
8.838174343109130859e-01
8.872752785682678223e-01
8.879668116569519043e-01
8.858922123908996582e-01
8.929460644721984863e-01
8.857538700103759766e-01
8.860304355621337891e-01
8.905947804450988770e-01
8.908714056015014648e-01
8.911479711532592773e-01
8.908714056015014648e-01
8.890733122825622559e-01
8.874135613441467285e-01
8.899032473564147949e-01
8.849239349365234375e-01
8.918395638465881348e-01
8.907330632209777832e-01
8.854772448539733887e-01
8.869986534118652344e-01
8.921161890029907227e-01
8.922545313835144043e-01
8.893499970436096191e-01
8.929461240768432617e-01
8.907330632209777832e-01
8.850622773170471191e-01
8.894882798194885254e-01
8.929460644721984863e-01
8.934993147850036621e-01
8.872752785682678223e-01
8.932227492332458496e-01
8.901798725128173828e-01
8.912863135337829590e-01
8.889349699020385742e-01
8.871369957923889160e-01
8.890733122825622559e-01
8.865837454795837402e-01
8.940526247024536133e-01
8.957123756408691406e-01
8.883817791938781738e-01
8.852006196975708008e-01
8.923928141593933105e-01
8.899032473564147949e-01
8.917012810707092285e-01
8.901798725128173828e-01
8.911480307579040527e-01
8.907331228256225586e-01
8.847856521606445312e-01
8.900415301322937012e-01
8.892116546630859375e-01
8.832641839981079102e-01
8.932226896286010742e-01
8.896265625953674316e-01
8.857538104057312012e-01
8.910096883773803711e-01
8.875519633293151855e-01
8.868603706359863281e-01
8.881051540374755859e-01
8.944675326347351074e-01
8.885200619697570801e-01
8.957123160362243652e-01
8.900415301322937012e-01
8.901798725128173828e-01
8.897649049758911133e-01
8.904564380645751953e-01
8.897649049758911133e-01
8.883817791938781738e-01
8.910097479820251465e-01
8.864453434944152832e-01
8.914246559143066406e-01
8.890733718872070312e-01
8.921162486076354980e-01
8.905947804450988770e-01
8.854771852493286133e-01
8.849239945411682129e-01
8.948825001716613770e-01
8.882434368133544922e-01
8.869985938072204590e-01
8.900415301322937012e-01
8.890733122825622559e-01
8.919779062271118164e-01
8.921161890029907227e-01
8.911480307579040527e-01
8.944675326347351074e-01
8.955740332603454590e-01
8.901798129081726074e-01
8.932227492332458496e-01
8.886584043502807617e-01
8.957123160362243652e-01
8.922545909881591797e-01
8.876902461051940918e-01
8.905947804450988770e-01
8.951590657234191895e-01
8.964039087295532227e-01
8.958506584167480469e-01
8.876901865005493164e-01
8.893499970436096191e-01
8.948825001716613770e-01
8.941909074783325195e-01
8.936377167701721191e-01
8.928078413009643555e-01
8.911480903625488281e-01
8.912863135337829590e-01
8.892117142677307129e-01
8.883817791938781738e-01
8.912863135337829590e-01
8.917012810707092285e-01
8.912863731384277344e-01
8.910097479820251465e-01
8.940526247024536133e-01
8.954357504844665527e-01
8.872752785682678223e-01
8.881051540374755859e-01
8.886584043502807617e-01
8.959889411926269531e-01
8.937759995460510254e-01
8.874135613441467285e-01
8.912863731384277344e-01
8.969571590423583984e-01
8.912863731384277344e-01
8.864454030990600586e-01
8.921161890029907227e-01
8.915629386901855469e-01
8.928077816963195801e-01
8.928077816963195801e-01
8.918395638465881348e-01
8.959890007972717285e-01
8.881051540374755859e-01
8.988935351371765137e-01
8.887966871261596680e-01
8.922545313835144043e-01
8.910097479820251465e-01
8.955740332603454590e-01
8.928077816963195801e-01
8.923928141593933105e-01
8.922545909881591797e-01
8.929460644721984863e-01
9.008299708366394043e-01
8.876902461051940918e-01
8.932227492332458496e-01
8.925311565399169922e-01
8.911480307579040527e-01
8.977870345115661621e-01
8.966805338859558105e-01
8.973721265792846680e-01
8.948824405670166016e-01
8.965422511100769043e-01
8.910096883773803711e-01
8.972337841987609863e-01
8.972338438034057617e-01
8.917012214660644531e-01
8.904564380645751953e-01
8.899031877517700195e-01
8.936376571655273438e-01
8.903181552886962891e-01
8.941909074783325195e-01
8.941908478736877441e-01
8.911480307579040527e-01
8.914247155189514160e-01
8.901798725128173828e-01
8.965421915054321289e-01
8.973720669746398926e-01
8.948824405670166016e-01
8.932227492332458496e-01
8.921161890029907227e-01
8.980636596679687500e-01
8.959890007972717285e-01
8.932226896286010742e-01
8.993085026741027832e-01
8.918395638465881348e-01
8.951591253280639648e-01
8.977870941162109375e-01
8.907331228256225586e-01
8.911480307579040527e-01
8.958506584167480469e-01
8.961272239685058594e-01
8.940526247024536133e-01
8.908713459968566895e-01
8.973721265792846680e-01
8.936376571655273438e-01
