1.556224841624498367e-02
1.568775065243244171e-02
1.932730711996555328e-02
2.259035781025886536e-02
2.284136600792407990e-02
3.150100260972976685e-02
4.530622065067291260e-02
7.128513604402542114e-02
9.600903093814849854e-02
1.332831233739852905e-01
2.021837383508682251e-01
2.690762877464294434e-01
3.151355385780334473e-01
3.620732724666595459e-01
3.999748826026916504e-01
4.279618263244628906e-01
4.617218971252441406e-01
4.893322885036468506e-01
5.092871189117431641e-01
5.256024003028869629e-01
5.397841334342956543e-01
5.673945546150207520e-01
5.796937346458435059e-01
5.817017555236816406e-01
6.039156317710876465e-01
6.045431494712829590e-01
6.143323183059692383e-01
6.281375288963317871e-01
6.337851285934448242e-01
6.448293328285217285e-01
6.561244726181030273e-01
6.596385836601257324e-01
6.674196720123291016e-01
6.649096012115478516e-01
6.652861237525939941e-01
6.831073760986328125e-01
6.867470145225524902e-01
6.921434998512268066e-01
6.996735930442810059e-01
7.015562057495117188e-01
7.041916847229003906e-01
7.056977748870849609e-01
7.220130562782287598e-01
7.196285128593444824e-01
7.217620611190795898e-01
7.248995304107666016e-01
7.266565561294555664e-01
7.292921543121337891e-01
7.364457845687866211e-01
7.368222475051879883e-01
7.360692024230957031e-01
7.409638166427612305e-01
7.330572009086608887e-01
7.476154565811157227e-01
7.474899291992187500e-01
7.468624711036682129e-01
7.564005255699157715e-01
7.520079612731933594e-01
7.572790384292602539e-01
7.562750577926635742e-01
7.590360641479492188e-01
7.641817331314086914e-01
7.715863585472106934e-01
7.669427394866943359e-01
7.725903391838073730e-01
7.654366493225097656e-01
7.661896944046020508e-01
7.754768133163452148e-01
7.735943794250488281e-01
7.807479500770568848e-01
7.835090756416320801e-01
7.838854789733886719e-01
7.767318487167358398e-01
7.894076108932495117e-01
7.838854789733886719e-01
7.863955497741699219e-01
7.872740626335144043e-01
7.833835482597351074e-01
7.887801527976989746e-01
7.886545658111572266e-01
7.943022251129150391e-01
7.916665673255920410e-01
7.926706075668334961e-01
7.906625866889953613e-01
7.919176220893859863e-01
7.996987104415893555e-01
7.993223071098327637e-01
7.999497056007385254e-01
8.062248826026916504e-01
8.053463697433471680e-01
8.054718971252441406e-01
8.010792732238769531e-01
8.050953149795532227e-01
8.082329034805297852e-01
8.020833134651184082e-01
8.052208423614501953e-01
8.048443794250488281e-01
8.078564405441284180e-01
8.076054453849792480e-01
8.150100111961364746e-01
8.124999403953552246e-01
8.156375288963317871e-01
8.118724822998046875e-01
8.143824934959411621e-01
8.135039210319519043e-01
8.165161013603210449e-01
8.175200819969177246e-01
8.147590160369873047e-01
8.135039806365966797e-01
8.189005851745605469e-01
8.150100111961364746e-01
8.186495304107666016e-01
8.220381736755371094e-01
8.197791576385498047e-01
8.232930898666381836e-01
8.265562057495117188e-01
8.242971897125244141e-01
8.232931494712829590e-01
8.279367685317993164e-01
8.232931494712829590e-01
8.251756429672241211e-01
8.264306187629699707e-01
8.261796832084655762e-01
8.305723071098327637e-01
8.250501751899719238e-01
8.294427394866943359e-01
8.256776928901672363e-01
8.263052105903625488e-01
8.290662765502929688e-01
8.330822587013244629e-01
8.315762281417846680e-01
8.308232426643371582e-01
8.278111219406127930e-01
8.349648118019104004e-01
8.197790384292602539e-01
8.339608311653137207e-01
8.298192620277404785e-01
8.333333134651184082e-01
8.352158665657043457e-01
8.273091316223144531e-01
8.311997652053833008e-01
8.325802683830261230e-01
8.407378792762756348e-01
8.330822587013244629e-01
8.360943794250488281e-01
8.376004099845886230e-01
8.391064405441284180e-01
8.350902795791625977e-01
8.365962505340576172e-01
8.386043310165405273e-01
8.369728326797485352e-01
8.325803279876708984e-01
8.407378792762756348e-01
8.381024003028869629e-01
8.368474245071411133e-01
8.427459001541137695e-01
8.399849534034729004e-01
8.401104211807250977e-01
8.394828438758850098e-01
8.391064405441284180e-01
8.350902795791625977e-01
8.428714871406555176e-01
8.402358889579772949e-01
8.381024003028869629e-01
8.372238874435424805e-01
8.429970145225524902e-01
8.453814387321472168e-01
8.412399291992187500e-01
8.443775177001953125e-01
8.428714275360107422e-01
8.414909243583679199e-01
8.414909839630126953e-01
8.448795080184936523e-01
8.466364145278930664e-01
8.433734774589538574e-01
8.485190868377685547e-01
8.416164517402648926e-01
8.401104211807250977e-01
8.451305031776428223e-01
8.506525754928588867e-01
8.445029854774475098e-01
8.450049757957458496e-01
8.486445546150207520e-01
8.417419791221618652e-01
8.452559709548950195e-01
8.506525754928588867e-01
8.473895788192749023e-01
8.465110063552856445e-01
8.539156317710876465e-01
8.457580208778381348e-01
8.485190272331237793e-01
8.448794484138488770e-01
8.483935594558715820e-01
8.436244726181030273e-01
8.514055609703063965e-01
8.470129966735839844e-01
8.460090160369873047e-01
8.480170965194702148e-01
8.470130562782287598e-01
8.526606559753417969e-01
8.529115915298461914e-01
8.580571413040161133e-01
8.480170369148254395e-01
8.511545658111572266e-01
8.490210771560668945e-01
8.585591912269592285e-01
8.500250577926635742e-01
8.524096012115478516e-01
8.527860641479492188e-01
8.569276928901672363e-01
8.540410995483398438e-01
8.554216027259826660e-01
8.546687364578247070e-01
8.505270481109619141e-01
8.544176816940307617e-01
8.525351285934448242e-01
8.495230674743652344e-01
8.534136414527893066e-01
8.610692620277404785e-01
8.517820835113525391e-01
8.536645770072937012e-01
8.461344838142395020e-01
8.564256429672241211e-01
8.544176220893859863e-01
8.510290980339050293e-01
8.527861237525939941e-01
8.598142862319946289e-01
8.519076108932495117e-01
8.573041558265686035e-01
8.554216623306274414e-01
8.603162169456481934e-01
8.579316735267639160e-01
8.570531606674194336e-01
8.560491800308227539e-01
8.554216623306274414e-01
8.571786880493164062e-01
8.581826686859130859e-01
8.594377636909484863e-01
8.594377636909484863e-01
8.594377636909484863e-01
8.595632314682006836e-01
8.516565561294555664e-01
8.581826090812683105e-01
8.669678568840026855e-01
8.588101863861083984e-01
8.537901639938354492e-01
8.551706671714782715e-01
8.531626462936401367e-01
8.569276928901672363e-01
8.566766977310180664e-01
8.580572009086608887e-01
8.554216027259826660e-01
8.536646366119384766e-01
8.552962541580200195e-01
8.556727170944213867e-01
8.578062057495117188e-01
8.599396944046020508e-01
8.595632314682006836e-01
8.584337830543518066e-01
8.550451397895812988e-01
8.580572605133056641e-01
8.578062057495117188e-01
8.633282780647277832e-01
8.573041558265686035e-01
8.551706075668334961e-01
8.635792732238769531e-01
8.614457845687866211e-01
8.594377636909484863e-01
8.598142266273498535e-01
8.619476556777954102e-01
8.620733618736267090e-01
8.598142266273498535e-01
8.650853037834167480e-01
8.564256429672241211e-01
8.579317331314086914e-01
8.624497056007385254e-01
8.628262877464294434e-01
8.595631718635559082e-01
8.618222475051879883e-01
8.571786880493164062e-01
8.650853037834167480e-01
8.599398136138916016e-01
8.642066717147827148e-01
8.634537458419799805e-01
8.608182668685913086e-01
8.613202571868896484e-01
8.644577860832214355e-01
8.654618263244628906e-01
8.659638166427612305e-01
8.662148118019104004e-01
8.595632910728454590e-01
8.647087812423706055e-01
8.580571413040161133e-01
8.658383488655090332e-01
8.647088408470153809e-01
8.623242378234863281e-01
8.668423295021057129e-01
8.595631718635559082e-01
8.653362989425659180e-01
8.589357137680053711e-01
8.637048006057739258e-01
8.668422698974609375e-01
8.669677972793579102e-01
8.665912747383117676e-01
8.650853037834167480e-01
8.645833730697631836e-01
8.642067909240722656e-01
8.717369437217712402e-01
8.672187924385070801e-01
8.623242378234863281e-01
8.664658665657043457e-01
8.662147521972656250e-01
8.683483004570007324e-01
8.604416847229003906e-01
8.654618263244628906e-01
8.673443198204040527e-01
8.637048006057739258e-01
8.660893440246582031e-01
8.677208423614501953e-01
8.670933246612548828e-01
8.698543310165405273e-01
8.618222475051879883e-01
8.652107715606689453e-01
8.657128810882568359e-01
8.616967201232910156e-01
8.623242378234863281e-01
8.663403391838073730e-01
8.660893440246582031e-01
8.657128214836120605e-01
8.643323183059692383e-01
8.670932650566101074e-01
8.645833730697631836e-01
8.571786880493164062e-01
8.665913939476013184e-01
8.678463101387023926e-01
8.704818487167358398e-01
8.680973649024963379e-01
8.659638166427612305e-01
8.682228922843933105e-01
8.606926798820495605e-01
8.653363585472106934e-01
8.688503503799438477e-01
8.703563809394836426e-01
8.653362989425659180e-01
8.659638166427612305e-01
8.634538054466247559e-01
8.635793328285217285e-01
8.691014051437377930e-01
8.729919195175170898e-01
8.711093664169311523e-01
8.688504099845886230e-01
8.670933246612548828e-01
8.604416847229003906e-01
8.780120015144348145e-01
8.668423891067504883e-01
8.650852441787719727e-01
8.665913343429565430e-01
8.668422698974609375e-01
8.688503503799438477e-01
8.722389936447143555e-01
8.717368841171264648e-01
8.650853037834167480e-01
8.683483600616455078e-01
8.696033358573913574e-01
8.658382892608642578e-01
8.692268133163452148e-01
8.663403391838073730e-01
8.694778680801391602e-01
8.726154565811157227e-01
8.701053857803344727e-01
8.696033954620361328e-01
8.692268729209899902e-01
8.670933246612548828e-01
8.662148714065551758e-01
8.669677972793579102e-01
8.680973649024963379e-01
8.618222475051879883e-01
8.639557957649230957e-01
8.729919195175170898e-01
8.677208423614501953e-01
8.669677972793579102e-01
8.678463101387023926e-01
8.696033954620361328e-01
8.685993552207946777e-01
8.669677972793579102e-01
8.714859485626220703e-01
8.603162765502929688e-01
8.709838986396789551e-01
8.668423891067504883e-01
8.680973649024963379e-01
8.668423295021057129e-01
8.615712523460388184e-01
8.649597764015197754e-01
8.723644018173217773e-01
8.732429146766662598e-01
8.704819679260253906e-01
8.697289824485778809e-01
8.687248229980468750e-01
8.663403391838073730e-01
8.737449645996093750e-01
8.665913343429565430e-01
8.708584308624267578e-01
8.768824338912963867e-01
8.719879984855651855e-01
8.682228922843933105e-01
8.716114163398742676e-01
8.658383488655090332e-01
8.669677972793579102e-01
8.659638166427612305e-01
8.675953149795532227e-01
8.762550354003906250e-01
8.663403391838073730e-01
8.672188520431518555e-01
8.660893440246582031e-01
8.727409839630126953e-01
8.658383488655090332e-01
8.783884644508361816e-01
8.722389340400695801e-01
8.717368841171264648e-01
8.750000000000000000e-01
8.694778680801391602e-01
8.709838986396789551e-01
8.752509355545043945e-01
8.737449049949645996e-01
8.749999403953552246e-01
8.701053857803344727e-01
8.659638166427612305e-01
8.711094260215759277e-01
8.709839582443237305e-01
8.733683824539184570e-01
8.748744726181030273e-01
8.746234774589538574e-01
8.716114759445190430e-01
8.658383488655090332e-01
8.682229518890380859e-01
8.717368245124816895e-01
8.734939694404602051e-01
8.680973649024963379e-01
8.772590160369873047e-01
8.707329034805297852e-01
8.721134066581726074e-01
8.775100111961364746e-01
8.736193776130676270e-01
8.726153969764709473e-01
8.723644614219665527e-01
8.722388744354248047e-01
8.741214275360107422e-01
8.687248826026916504e-01
8.776354789733886719e-01
8.771335482597351074e-01
8.782629966735839844e-01
8.694778084754943848e-01
8.721134662628173828e-01
8.737449645996093750e-01
8.752509951591491699e-01
8.712348937988281250e-01
8.752509355545043945e-01
8.750000000000000000e-01
8.741214275360107422e-01
8.751254081726074219e-01
8.716114163398742676e-01
8.737450242042541504e-01
8.693523406982421875e-01
8.692268729209899902e-01
8.702308535575866699e-01
8.746234774589538574e-01
8.716114163398742676e-01
8.744980096817016602e-01
8.704818487167358398e-01
8.750000000000000000e-01
8.753764629364013672e-01
8.729919195175170898e-01
8.722389340400695801e-01
8.706073760986328125e-01
8.806476593017578125e-01
8.770079612731933594e-01
8.748744726181030273e-01
8.798944950103759766e-01
8.775099515914916992e-01
8.716114163398742676e-01
8.738703727722167969e-01
8.714858889579772949e-01
8.696033954620361328e-01
8.704819083213806152e-01
8.644577264785766602e-01
8.731174468994140625e-01
8.685992956161499023e-01
8.751255273818969727e-01
8.724898695945739746e-01
8.724899291992187500e-01
8.691014051437377930e-01
8.698543310165405273e-01
8.817769885063171387e-01
8.749999403953552246e-01
8.699799180030822754e-01
8.684738278388977051e-01
8.711093664169311523e-01
8.707329034805297852e-01
8.781374692916870117e-01
8.727409839630126953e-01
8.765059709548950195e-01
8.864206075668334961e-01
8.776354789733886719e-01
8.761294484138488770e-01
8.721134066581726074e-01
8.737449049949645996e-01
8.798944950103759766e-01
8.731174468994140625e-01
8.694778680801391602e-01
8.767570257186889648e-01
8.729919195175170898e-01
8.775100111961364746e-01
8.717369437217712402e-01
8.674699068069458008e-01
8.738704323768615723e-01
8.772590160369873047e-01
8.723644018173217773e-01
8.780120015144348145e-01
8.761294484138488770e-01
8.716113567352294922e-01
8.723644018173217773e-01
8.714858293533325195e-01
8.734939098358154297e-01
8.741214275360107422e-01
8.772590160369873047e-01
8.756274580955505371e-01
8.679718375205993652e-01
8.732429146766662598e-01
8.746234774589538574e-01
8.752509951591491699e-01
8.765060305595397949e-01
8.716114163398742676e-01
8.713604211807250977e-01
8.790160417556762695e-01
8.718624114990234375e-01
8.731174468994140625e-01
8.797690868377685547e-01
8.755020499229431152e-01
8.734939694404602051e-01
8.791415095329284668e-01
8.744979500770568848e-01
8.696033358573913574e-01
8.752510547637939453e-01
8.782629966735839844e-01
8.796435594558715820e-01
8.722389340400695801e-01
8.738704919815063477e-01
8.760039806365966797e-01
8.776355981826782227e-01
8.778865337371826172e-01
8.758785128593444824e-01
8.732429742813110352e-01
8.771334886550903320e-01
8.742469549179077148e-01
8.772590160369873047e-01
8.767569661140441895e-01
8.756274580955505371e-01
8.738704323768615723e-01
8.758784532546997070e-01
8.756274580955505371e-01
8.765059709548950195e-01
8.798944950103759766e-01
8.732428550720214844e-01
8.755019903182983398e-01
8.763804435729980469e-01
8.748744130134582520e-01
8.741214871406555176e-01
8.787649869918823242e-01
8.805220127105712891e-01
8.778865933418273926e-01
8.766314983367919922e-01
8.732429742813110352e-01
8.777610063552856445e-01
8.797690272331237793e-01
8.742469549179077148e-01
8.770080208778381348e-01
8.786394596099853516e-01
8.756274580955505371e-01
8.738704919815063477e-01
8.793925642967224121e-01
8.717368841171264648e-01
8.734939098358154297e-01
8.736194372177124023e-01
8.837851285934448242e-01
8.762549757957458496e-01
8.767569661140441895e-01
8.755019903182983398e-01
8.767569661140441895e-01
8.734939098358154297e-01
8.761294484138488770e-01
8.832831382751464844e-01
8.790160417556762695e-01
8.763804435729980469e-01
8.724899291992187500e-01
8.737449645996093750e-01
8.781375288963317871e-01
8.753764629364013672e-01
8.788905143737792969e-01
8.751254677772521973e-01
8.750000000000000000e-01
8.744979500770568848e-01
8.765060305595397949e-01
8.777610063552856445e-01
8.763805031776428223e-01
8.773844838142395020e-01
8.782630562782287598e-01
8.797690868377685547e-01
8.768824338912963867e-01
8.798945546150207520e-01
8.806475400924682617e-01
8.767570257186889648e-01
8.785140514373779297e-01
8.796435594558715820e-01
8.773845434188842773e-01
8.752509355545043945e-01
8.808985948562622070e-01
8.752509355545043945e-01
8.793926239013671875e-01
8.770080208778381348e-01
8.767569661140441895e-01
8.788905143737792969e-01
8.773845434188842773e-01
8.785140514373779297e-01
8.758784532546997070e-01
8.796434998512268066e-01
8.773844838142395020e-01
8.775099515914916992e-01
8.793925642967224121e-01
8.800200223922729492e-01
8.781375288963317871e-01
8.793925046920776367e-01
8.760039806365966797e-01
8.777609467506408691e-01
8.849146366119384766e-01
8.796434402465820312e-01
8.803965449333190918e-01
8.805221319198608398e-01
8.739959597587585449e-01
8.772589564323425293e-01
8.775099515914916992e-01
8.744978904724121094e-01
8.837851285934448242e-01
8.777610063552856445e-01
8.783885240554809570e-01
8.783885240554809570e-01
8.767569661140441895e-01
8.812751173973083496e-01
8.775100708007812500e-01
8.776354789733886719e-01
8.781375288963317871e-01
8.815261125564575195e-01
8.776355981826782227e-01
8.751254677772521973e-01
8.761294484138488770e-01
8.797690272331237793e-01
8.744979500770568848e-01
8.738704323768615723e-01
8.790160417556762695e-01
8.781375288963317871e-01
8.775100111961364746e-01
8.815260529518127441e-01
8.766313791275024414e-01
8.791414499282836914e-01
8.762550354003906250e-01
8.846635818481445312e-01
8.805221319198608398e-01
8.749999403953552246e-01
8.796435594558715820e-01
8.808985352516174316e-01
8.746234774589538574e-01
8.758785128593444824e-01
8.831576108932495117e-01
8.752509951591491699e-01
8.797690272331237793e-01
8.717368841171264648e-01
8.810240626335144043e-01
8.785139918327331543e-01
8.800200223922729492e-01
8.771335482597351074e-01
8.776354789733886719e-01
8.788905739784240723e-01
8.781374692916870117e-01
8.793925642967224121e-01
8.731173872947692871e-01
8.810240030288696289e-01
8.817770481109619141e-01
8.785139918327331543e-01
8.728663921356201172e-01
8.785140514373779297e-01
8.743724822998046875e-01
8.781375885009765625e-01
8.801454901695251465e-01
8.805220723152160645e-01
8.743724822998046875e-01
8.793926239013671875e-01
8.798946142196655273e-01
8.795180916786193848e-01
8.757529854774475098e-01
8.791415691375732422e-01
8.787649869918823242e-01
8.781375288963317871e-01
8.787649869918823242e-01
8.800200223922729492e-01
8.832830190658569336e-01
8.785139918327331543e-01
8.821535706520080566e-01
8.766314983367919922e-01
8.824046254158020020e-01
8.811495900154113770e-01
8.820281028747558594e-01
8.795180320739746094e-01
8.788905143737792969e-01
8.753765225410461426e-01
8.798944950103759766e-01
8.849146366119384766e-01
8.763805031776428223e-01
8.792670369148254395e-01
8.744980096817016602e-01
8.821535706520080566e-01
8.803964853286743164e-01
8.816516399383544922e-01
8.788905143737792969e-01
8.763804435729980469e-01
8.841617107391357422e-01
8.792669773101806641e-01
8.821535706520080566e-01
8.780120611190795898e-01
8.791415095329284668e-01
8.777610063552856445e-01
8.805220127105712891e-01
8.805221319198608398e-01
8.800199627876281738e-01
8.760039806365966797e-01
8.808985352516174316e-01
8.743724226951599121e-01
8.807731270790100098e-01
8.820280432701110840e-01
8.819026350975036621e-01
8.770080208778381348e-01
8.749999403953552246e-01
8.829066753387451172e-01
8.830321431159973145e-01
8.806475996971130371e-01
8.768825531005859375e-01
8.748744130134582520e-01
8.810241222381591797e-01
8.830320835113525391e-01
8.811495900154113770e-01
8.849146366119384766e-01
8.787650465965270996e-01
8.792669773101806641e-01
8.786395192146301270e-01
8.777610063552856445e-01
8.786395788192749023e-01
8.778865337371826172e-01
8.792670965194702148e-01
8.811495304107666016e-01
8.800200223922729492e-01
8.788905143737792969e-01
8.820281028747558594e-01
8.810241222381591797e-01
8.767569661140441895e-01
8.793925046920776367e-01
8.849146366119384766e-01
8.806475400924682617e-01
8.820281028747558594e-01
8.766314983367919922e-01
8.846635818481445312e-01
8.825301527976989746e-01
8.771334886550903320e-01
8.835340738296508789e-01
8.860440850257873535e-01
8.752509355545043945e-01
8.771335482597351074e-01
8.860441446304321289e-01
8.860442042350769043e-01
8.825300931930541992e-01
8.750000000000000000e-01
8.847891092300415039e-01
8.797689676284790039e-01
8.827810883522033691e-01
8.798944950103759766e-01
8.770079612731933594e-01
8.832830786705017090e-01
8.814005255699157715e-01
8.870481848716735840e-01
8.821536302566528320e-01
8.842871189117431641e-01
8.798945546150207520e-01
8.832831382751464844e-01
8.814005851745605469e-01
8.830320835113525391e-01
8.878012299537658691e-01
8.832831382751464844e-01
8.829066157341003418e-01
8.852910995483398438e-01
8.781374692916870117e-01
8.792670369148254395e-01
8.830320239067077637e-01
8.781374692916870117e-01
8.819026947021484375e-01
8.816515207290649414e-01
8.812750577926635742e-01
8.783885240554809570e-01
8.822790980339050293e-01
8.839105963706970215e-01
8.839105963706970215e-01
8.803965449333190918e-01
8.785140514373779297e-01
8.761295080184936523e-01
8.795180916786193848e-01
8.810240626335144043e-01
8.763805627822875977e-01
8.824045658111572266e-01
8.815259933471679688e-01
8.795181512832641602e-01
8.825300335884094238e-01
8.837850689888000488e-01
8.797690868377685547e-01
8.790160417556762695e-01
8.757530450820922852e-01
8.761294484138488770e-01
8.788905143737792969e-01
8.869225978851318359e-01
8.772590160369873047e-01
8.835341334342956543e-01
8.840360641479492188e-01
8.803964853286743164e-01
8.831575512886047363e-01
8.812751173973083496e-01
8.821535706520080566e-01
8.835340142250061035e-01
8.845381140708923340e-01
8.850401043891906738e-01
8.811495900154113770e-01
8.753765225410461426e-01
8.802710771560668945e-01
8.820281028747558594e-01
8.856675624847412109e-01
8.871736526489257812e-01
8.888052105903625488e-01
8.787650465965270996e-01
8.825300931930541992e-01
8.816515803337097168e-01
8.808985948562622070e-01
8.836595416069030762e-01
8.820280432701110840e-01
8.807730078697204590e-01
8.790160417556762695e-01
8.810240626335144043e-01
8.870481848716735840e-01
8.852912187576293945e-01
8.820281028747558594e-01
8.832830786705017090e-01
8.792669773101806641e-01
8.835341334342956543e-01
8.824045658111572266e-01
8.796434998512268066e-01
8.773844838142395020e-01
8.826556205749511719e-01
8.850401639938354492e-01
8.775100111961364746e-01
8.800200819969177246e-01
8.898091912269592285e-01
8.795180320739746094e-01
8.802710175514221191e-01
8.811495900154113770e-01
8.874247670173645020e-01
8.758784532546997070e-01
8.855421543121337891e-01
8.842870593070983887e-01
8.839105963706970215e-01
8.837851285934448242e-01
8.815261721611022949e-01
8.830320835113525391e-01
8.871736526489257812e-01
8.782629966735839844e-01
8.893072605133056641e-01
8.831575512886047363e-01
8.859186172485351562e-01
8.801455497741699219e-01
8.802710175514221191e-01
8.834085464477539062e-01
8.795180320739746094e-01
8.860441446304321289e-01
8.781374692916870117e-01
8.814005851745605469e-01
8.867971897125244141e-01
8.820281028747558594e-01
8.834086060523986816e-01
8.839105963706970215e-01
8.861696720123291016e-01
8.826555609703063965e-01
8.824045658111572266e-01
8.822790980339050293e-01
8.880522251129150391e-01
8.840360641479492188e-01
8.835340738296508789e-01
8.857930898666381836e-01
8.806475400924682617e-01
8.821535706520080566e-01
8.908132314682006836e-01
8.825301527976989746e-01
8.847891688346862793e-01
8.875501751899719238e-01
8.866716623306274414e-01
8.879266977310180664e-01
8.841615915298461914e-01
8.820280432701110840e-01
8.770079612731933594e-01
8.826555609703063965e-01
8.806475400924682617e-01
8.770079612731933594e-01
8.796435594558715820e-01
8.834085464477539062e-01
8.862950801849365234e-01
8.850400447845458984e-01
8.786395192146301270e-01
8.842871189117431641e-01
8.851655721664428711e-01
8.874246478080749512e-01
8.836596012115478516e-01
8.841615915298461914e-01
8.859186768531799316e-01
8.783885240554809570e-01
8.817770481109619141e-01
8.866716623306274414e-01
8.874245882034301758e-01
8.777610659599304199e-01
8.807730674743652344e-01
8.865461349487304688e-01
8.869226574897766113e-01
8.866716027259826660e-01
8.829065561294555664e-01
8.844126462936401367e-01
8.845381736755371094e-01
8.829066157341003418e-01
8.826555609703063965e-01
8.845380544662475586e-01
8.832830190658569336e-01
8.830320835113525391e-01
8.842871189117431641e-01
8.783885836601257324e-01
8.826555013656616211e-01
8.845380544662475586e-01
8.803965449333190918e-01
8.850401043891906738e-01
8.844126462936401367e-01
8.839105367660522461e-01
8.862950801849365234e-01
8.866716623306274414e-01
8.830320835113525391e-01
8.822790980339050293e-01
8.803965449333190918e-01
8.861696124076843262e-01
8.862951397895812988e-01
8.861696720123291016e-01
8.837850689888000488e-01
8.822790384292602539e-01
8.795179128646850586e-01
8.840361237525939941e-01
8.781375288963317871e-01
8.844125270843505859e-01
8.865460753440856934e-01
8.824045658111572266e-01
8.817770481109619141e-01
8.824045658111572266e-01
8.791415691375732422e-01
8.832830786705017090e-01
8.847891092300415039e-01
8.842871189117431641e-01
8.816516399383544922e-01
8.802710771560668945e-01
8.798946142196655273e-01
8.834086656570434570e-01
8.862951993942260742e-01
8.829066157341003418e-01
8.831576108932495117e-01
8.864207267761230469e-01
8.855421543121337891e-01
8.829066157341003418e-01
8.827811479568481445e-01
8.832831382751464844e-01
8.903112411499023438e-01
8.849146366119384766e-01
8.824046254158020020e-01
8.851655721664428711e-01
8.831575512886047363e-01
8.857930302619934082e-01
8.879266381263732910e-01
8.841617107391357422e-01
8.849146366119384766e-01
8.862951397895812988e-01
8.835341334342956543e-01
8.875501155853271484e-01
8.849145770072937012e-01
8.829065561294555664e-01
8.904367089271545410e-01
8.837851285934448242e-01
8.841616511344909668e-01
