1.887316070497035980e-02
1.748543232679367065e-02
1.595892384648323059e-02
1.318345870822668076e-02
1.582015119493007660e-02
1.609769649803638458e-02
1.582015119493007660e-02
1.748543046414852142e-02
1.595892384648323059e-02
1.373855117708444595e-02
1.748543046414852142e-02
1.540383137762546539e-02
1.526505779474973679e-02
1.498751156032085419e-02
1.568137668073177338e-02
1.804052293300628662e-02
1.665279082953929901e-02
1.762420311570167542e-02
1.540383137762546539e-02
1.831807009875774384e-02
1.748542860150337219e-02
1.720788329839706421e-02
1.595892384648323059e-02
1.595892384648323059e-02
1.526505779474973679e-02
1.998334750533103943e-02
1.693033613264560699e-02
1.595892384648323059e-02
1.623647101223468781e-02
1.845684275031089783e-02
1.693033799529075623e-02
1.582015119493007660e-02
1.859561540186405182e-02
1.804052293300628662e-02
1.762420311570167542e-02
1.734665594995021820e-02
1.693033799529075623e-02
1.623646914958953857e-02
1.693033799529075623e-02
1.693033613264560699e-02
1.609769836068153381e-02
1.706910878419876099e-02
1.706911064684391022e-02
1.498751062899827957e-02
1.804052293300628662e-02
1.651401631534099579e-02
1.706910878419876099e-02
1.568137668073177338e-02
1.540383044630289078e-02
1.457119081169366837e-02
1.790175028145313263e-02
1.720788329839706421e-02
1.609769649803638458e-02
1.887316256761550903e-02
1.734665594995021820e-02
1.665278896689414978e-02
1.859561353921890259e-02
1.679156348109245300e-02
2.012212201952934265e-02
1.637524366378784180e-02
1.748542860150337219e-02
1.831807009875774384e-02
1.693033613264560699e-02
1.568137854337692261e-02
1.706911064684391022e-02
1.748543046414852142e-02
1.928948238492012024e-02
1.609769836068153381e-02
1.748542860150337219e-02
1.693033427000045776e-02
1.901193708181381226e-02
1.554260402917861938e-02
1.665279082953929901e-02
1.790174841880798340e-02
1.651401631534099579e-02
1.790174841880798340e-02
1.804052293300628662e-02
1.623647101223468781e-02
1.498751062899827957e-02
1.817929744720458984e-02
1.915070787072181702e-02
1.804052293300628662e-02
1.748542860150337219e-02
1.582015119493007660e-02
1.817929744720458984e-02
1.859561726450920105e-02
1.554260309785604477e-02
1.748543046414852142e-02
1.623647101223468781e-02
1.554260309785604477e-02
1.984457485377788544e-02
1.956702768802642822e-02
1.609769649803638458e-02
1.706911064684391022e-02
1.568137668073177338e-02
1.831806823611259460e-02
3.982792794704437256e-02
1.466833204030990601e-01
2.771301567554473877e-01
3.631696105003356934e-01
4.181237816810607910e-01
4.664168655872344971e-01
4.973632991313934326e-01
5.112406611442565918e-01
5.281709432601928711e-01
5.383014678955078125e-01
5.588399171829223633e-01
5.720233917236328125e-01
5.789620280265808105e-01
5.958923101425170898e-01
5.972800254821777344e-01
6.096309423446655273e-01
6.067166328430175781e-01
6.135165691375732422e-01
6.254511475563049316e-01
6.300305724143981934e-01
6.353040337562561035e-01
6.404386162757873535e-01
6.400222182273864746e-01
6.426589488983154297e-01
6.504302620887756348e-01
6.466833949089050293e-01
6.561199426651000977e-01
6.584791541099548340e-01
6.550098061561584473e-01
6.636137962341308594e-01
6.640300750732421875e-01
6.562587618827819824e-01
6.615321040153503418e-01
6.693034768104553223e-01
6.716626286506652832e-01
6.792951226234436035e-01
6.867889165878295898e-01
6.697198152542114258e-01
6.831808090209960938e-01
6.845685839653015137e-01
6.916459798812866211e-01
6.852624416351318359e-01
6.873439550399780273e-01
6.897031664848327637e-01
6.885930299758911133e-01
6.912295818328857422e-01
6.898419260978698730e-01
6.942827105522155762e-01
6.902581453323364258e-01
6.974744200706481934e-01
6.887317299842834473e-01
7.006662487983703613e-01
6.948376893997192383e-01
7.021927237510681152e-01
6.996948122978210449e-01
7.052457332611083984e-01
7.035804390907287598e-01
7.070497274398803711e-01
7.049681544303894043e-01
7.123231887817382812e-01
7.088539004325866699e-01
7.045519351959228516e-01
7.030253410339355469e-01
7.073273062705993652e-01
7.162088155746459961e-01
7.081599235534667969e-01
7.101028561592102051e-01
7.109354138374328613e-01
7.107967138290405273e-01
7.102415561676025391e-01
7.124619483947753906e-01
7.099640369415283203e-01
7.145435810089111328e-01
7.128783464431762695e-01
7.175965309143066406e-01
7.149599194526672363e-01
7.156537175178527832e-01
7.138497233390808105e-01
7.141271829605102539e-01
7.116292715072631836e-01
7.243964672088623047e-01
7.200945615768432617e-01
7.230087518692016602e-01
7.170414924621582031e-01
7.223148345947265625e-01
7.249516248703002930e-01
7.230086922645568848e-01
7.225923538208007812e-01
7.206496000289916992e-01
7.245352268218994141e-01
7.250903844833374023e-01
7.249515652656555176e-01
7.225924134254455566e-01
7.221760749816894531e-01
7.238413095474243164e-01
7.273107171058654785e-01
7.271718978881835938e-01
7.207883596420288086e-01
7.218985557556152344e-01
7.259230017662048340e-01
7.242577075958251953e-01
7.286984324455261230e-01
7.264780998229980469e-01
7.255066037178039551e-01
7.230087518692016602e-01
7.289760112762451172e-01
7.273107767105102539e-01
7.330004572868347168e-01
7.293922901153564453e-01
7.360534667968750000e-01
7.320289611816406250e-01
7.227312326431274414e-01
7.289760112762451172e-01
7.289759516716003418e-01
7.341105937957763672e-01
7.328616380691528320e-01
7.332779765129089355e-01
7.338330149650573730e-01
7.341105937957763672e-01
7.361922264099121094e-01
7.354982495307922363e-01
7.425758242607116699e-01
7.324453592300415039e-01
7.330003976821899414e-01
7.286984324455261230e-01
7.324452996253967285e-01
7.360534667968750000e-01
7.313351631164550781e-01
7.370248436927795410e-01
7.354983687400817871e-01
7.309188246726989746e-01
7.368860244750976562e-01
7.382737398147583008e-01
7.335554957389831543e-01
7.368860840797424316e-01
7.306412458419799805e-01
7.327228784561157227e-01
7.395228147506713867e-01
7.359146475791931152e-01
7.438247203826904297e-01
7.374411821365356445e-01
7.352208495140075684e-01
7.357759475708007812e-01
7.381350994110107422e-01
7.459063529968261719e-01
7.349432110786437988e-01
7.409104704856872559e-01
7.359147071838378906e-01
7.336943149566650391e-01
7.456288337707519531e-01
7.399390935897827148e-01
7.370248436927795410e-01
7.453512549400329590e-01
7.414656281471252441e-01
7.449348568916320801e-01
7.416043877601623535e-01
7.368860244750976562e-01
7.374411225318908691e-01
7.406329512596130371e-01
7.399390935897827148e-01
7.468777298927307129e-01
7.414656281471252441e-01
7.357758879661560059e-01
7.421594858169555664e-01
7.367473244667053223e-01
7.479879856109619141e-01
7.384125590324401855e-01
7.350819706916809082e-01
7.428533434867858887e-01
7.403554320335388184e-01
7.442410588264465332e-01
7.416043877601623535e-01
7.425757646560668945e-01
7.478491663932800293e-01
7.432696223258972168e-01
7.422982454299926758e-01
7.421594858169555664e-01
7.409104704856872559e-01
7.467389702796936035e-01
7.436859607696533203e-01
7.393839955329895020e-01
7.463226318359375000e-01
7.489594221115112305e-01
7.431308627128601074e-01
7.404941916465759277e-01
7.454900145530700684e-01
7.391064167022705078e-01
7.466002106666564941e-01
7.442410588264465332e-01
7.454900145530700684e-01
7.457675933837890625e-01
7.449349164962768555e-01
7.470165491104125977e-01
7.450736761093139648e-01
7.421594858169555664e-01
7.445185780525207520e-01
7.461838722229003906e-01
7.420206665992736816e-01
7.406329512596130371e-01
7.468777894973754883e-01
7.475715875625610352e-01
7.460451126098632812e-01
7.417431473731994629e-01
7.453512549400329590e-01
7.474328279495239258e-01
7.475715875625610352e-01
7.453511953353881836e-01
7.452124357223510742e-01
7.420206665992736816e-01
7.518736124038696289e-01
7.467390298843383789e-01
7.461839318275451660e-01
7.447961568832397461e-01
7.457674741744995117e-01
7.489593625068664551e-01
7.459062933921813965e-01
7.499307394027709961e-01
7.478491067886352539e-01
7.507634162902832031e-01
7.410492897033691406e-01
7.457675933837890625e-01
7.454900145530700684e-01
7.475715875625610352e-01
7.463226318359375000e-01
7.477104067802429199e-01
7.472941279411315918e-01
7.447961568832397461e-01
7.425757646560668945e-01
7.479879856109619141e-01
7.468777298927307129e-01
7.490981221199035645e-01
7.549266219139099121e-01
7.535389065742492676e-01
7.488206028938293457e-01
7.489593625068664551e-01
7.459062933921813965e-01
7.518736124038696289e-01
7.421594858169555664e-01
7.418819069862365723e-01
7.497919797897338867e-01
7.461838722229003906e-01
7.504858374595642090e-01
7.521511316299438477e-01
7.535389065742492676e-01
7.424370050430297852e-01
7.522900104522705078e-01
7.509021759033203125e-01
7.525674700736999512e-01
7.517348527908325195e-01
7.460451722145080566e-01
7.486818432807922363e-01
7.504858970642089844e-01
7.546490430831909180e-01
7.407717704772949219e-01
7.496532201766967773e-01
7.511796951293945312e-01
7.471552491188049316e-01
7.517348527908325195e-01
7.489593029022216797e-01
7.513184547424316406e-01
7.522898912429809570e-01
7.525675296783447266e-01
7.472941279411315918e-01
7.509021759033203125e-01
7.471553087234497070e-01
7.524286508560180664e-01
7.608938217163085938e-01
7.543715238571166992e-01
7.497919797897338867e-01
7.515960335731506348e-01
7.495144605636596680e-01
7.482655048370361328e-01
7.546490430831909180e-01
7.535388469696044922e-01
7.496532201766967773e-01
7.549266219139099121e-01
7.542327642440795898e-01
7.472940087318420410e-01
7.567306756973266602e-01
7.497919797897338867e-01
7.570082545280456543e-01
7.534000873565673828e-01
7.496532201766967773e-01
7.532613277435302734e-01
7.517348527908325195e-01
7.531225681304931641e-01
7.497919797897338867e-01
7.474328279495239258e-01
7.553429603576660156e-01
7.613101601600646973e-01
7.561756372451782227e-01
7.504858970642089844e-01
7.531225681304931641e-01
7.484042644500732422e-01
7.482655048370361328e-01
7.510409355163574219e-01
7.528449892997741699e-01
7.572857141494750977e-01
7.499307394027709961e-01
7.524286508560180664e-01
7.571470141410827637e-01
7.563143372535705566e-01
7.463226318359375000e-01
7.575632333755493164e-01
7.557592988014221191e-01
7.514572143554687500e-01
7.570081949234008789e-01
7.504858970642089844e-01
7.506245970726013184e-01
7.524287104606628418e-01
7.557592391967773438e-01
7.542327046394348145e-01
7.534000873565673828e-01
7.540939450263977051e-01
7.528449892997741699e-01
7.545102834701538086e-01
7.535388469696044922e-01
7.560368776321411133e-01
7.543715238571166992e-01
7.578408718109130859e-01
7.554817199707031250e-01
7.545102834701538086e-01
7.567306756973266602e-01
7.545102834701538086e-01
7.550653815269470215e-01
7.588121891021728516e-01
7.564530968666076660e-01
7.575633525848388672e-01
7.607551217079162598e-01
7.592285871505737305e-01
7.596449255943298340e-01
7.560368776321411133e-01
7.550653219223022461e-01
7.524287104606628418e-01
7.536776065826416016e-01
7.567306756973266602e-01
7.532612681388854980e-01
7.561755776405334473e-01
7.560367584228515625e-01
7.539552450180053711e-01
7.565918564796447754e-01
7.556204795837402344e-01
7.560367584228515625e-01
7.531225681304931641e-01
7.592285871505737305e-01
7.546490430831909180e-01
7.532613277435302734e-01
7.539552450180053711e-01
7.582572698593139648e-01
7.565919160842895508e-01
7.635305523872375488e-01
7.610326409339904785e-01
7.556204199790954590e-01
7.568694353103637695e-01
7.581183314323425293e-01
7.550654411315917969e-01
7.593673467636108398e-01
7.571469545364379883e-01
7.596449255943298340e-01
7.536776661872863770e-01
7.578408718109130859e-01
7.524286508560180664e-01
7.554817199707031250e-01
7.521511912345886230e-01
7.582572102546691895e-01
7.564530968666076660e-01
7.578408718109130859e-01
7.590898275375366211e-01
7.539551854133605957e-01
7.621428370475769043e-01
7.599224448204040527e-01
7.518735527992248535e-01
7.550653815269470215e-01
7.545103430747985840e-01
7.581183910369873047e-01
7.545102834701538086e-01
7.599224448204040527e-01
7.560367584228515625e-01
7.578408718109130859e-01
7.589510083198547363e-01
7.503470778465270996e-01
7.597836256027221680e-01
7.554816603660583496e-01
7.588123083114624023e-01
7.575632929801940918e-01
7.545102834701538086e-01
7.628366947174072266e-01
7.588122487068176270e-01
7.586734890937805176e-01
7.558979988098144531e-01
7.543715238571166992e-01
7.552041411399841309e-01
7.603387236595153809e-01
7.582572102546691895e-01
7.636693716049194336e-01
7.575632333755493164e-01
7.614489793777465820e-01
7.550653815269470215e-01
7.542327046394348145e-01
7.542327642440795898e-01
7.582571506500244141e-01
7.552042007446289062e-01
7.589510679244995117e-01
7.509021759033203125e-01
7.543715238571166992e-01
7.592285275459289551e-01
7.578408718109130859e-01
7.603387236595153809e-01
7.593673467636108398e-01
7.596448659896850586e-01
7.572857737541198730e-01
7.611712813377380371e-01
7.615876197814941406e-01
7.545102834701538086e-01
7.517348527908325195e-01
7.593673467636108398e-01
7.595061063766479492e-01
7.595061063766479492e-01
7.608938217163085938e-01
7.575633525848388672e-01
7.567306756973266602e-01
7.595061063766479492e-01
7.656121850013732910e-01
7.592286467552185059e-01
7.545102834701538086e-01
7.608937621116638184e-01
7.567306160926818848e-01
7.536776661872863770e-01
7.568694353103637695e-01
7.550653815269470215e-01
7.611714005470275879e-01
7.557592391967773438e-01
7.649182677268981934e-01
7.589510679244995117e-01
7.604774832725524902e-01
7.585347890853881836e-01
7.603387832641601562e-01
7.595061063766479492e-01
7.626979351043701172e-01
7.590897679328918457e-01
7.595061659812927246e-01
7.603387832641601562e-01
7.585347294807434082e-01
7.604774832725524902e-01
7.618652582168579102e-01
7.565919160842895508e-01
7.564530968666076660e-01
7.639468908309936523e-01
7.631142735481262207e-01
7.589511275291442871e-01
7.620041370391845703e-01
7.564530968666076660e-01
7.603387236595153809e-01
7.586735486984252930e-01
7.568694949150085449e-01
7.631142735481262207e-01
7.614489793777465820e-01
7.604775428771972656e-01
7.618653178215026855e-01
7.678325772285461426e-01
7.561755776405334473e-01
7.613101601600646973e-01
7.593673467636108398e-01
7.599224448204040527e-01
7.608938217163085938e-01
7.629755139350891113e-01
7.610327005386352539e-01
7.607550621032714844e-01
7.603387832641601562e-01
7.624204158782958984e-01
7.614489197731018066e-01
7.656121253967285156e-01
7.600611448287963867e-01
7.593673467636108398e-01
7.597836852073669434e-01
7.608938217163085938e-01
7.657509446144104004e-01
7.553429007530212402e-01
7.585346698760986328e-01
7.631142735481262207e-01
7.626979351043701172e-01
7.564531564712524414e-01
7.657509446144104004e-01
7.636692523956298828e-01
7.610325813293457031e-01
7.656122446060180664e-01
7.622816562652587891e-01
7.607551217079162598e-01
7.645019888877868652e-01
7.629754543304443359e-01
7.649182677268981934e-01
7.647795081138610840e-01
7.614489793777465820e-01
7.618652582168579102e-01
7.622815966606140137e-01
7.575632333755493164e-01
7.608938813209533691e-01
7.628366947174072266e-01
7.638080120086669922e-01
7.567306756973266602e-01
7.607551217079162598e-01
7.611714601516723633e-01
7.632529735565185547e-01
7.625591158866882324e-01
7.657509446144104004e-01
7.588121891021728516e-01
7.572857737541198730e-01
7.614489197731018066e-01
7.645019292831420898e-01
7.657509446144104004e-01
7.579796314239501953e-01
7.606163620948791504e-01
7.617264986038208008e-01
7.614489197731018066e-01
7.635305523872375488e-01
7.620040178298950195e-01
7.593673467636108398e-01
7.613102197647094727e-01
7.618652582168579102e-01
7.661672830581665039e-01
7.642244696617126465e-01
7.681100368499755859e-01
7.624203562736511230e-01
7.639468908309936523e-01
7.656121850013732910e-01
7.626978754997253418e-01
7.629754543304443359e-01
7.661672234535217285e-01
7.653346061706542969e-01
7.649182677268981934e-01
7.620041370391845703e-01
7.597836256027221680e-01
7.640856504440307617e-01
7.631142139434814453e-01
7.629753947257995605e-01
7.615876793861389160e-01
7.636693120002746582e-01
7.697753906250000000e-01
7.624204158782958984e-01
7.668611407279968262e-01
7.628366947174072266e-01
7.613101601600646973e-01
7.611714005470275879e-01
7.639469504356384277e-01
7.671386599540710449e-01
7.658897042274475098e-01
7.622815966606140137e-01
7.607550621032714844e-01
7.620040774345397949e-01
7.636693120002746582e-01
7.651958465576171875e-01
7.602000236511230469e-01
7.615876793861389160e-01
7.647795081138610840e-01
7.669998407363891602e-01
7.622815370559692383e-01
7.602000236511230469e-01
7.643631696701049805e-01
7.568694353103637695e-01
7.628367543220520020e-01
7.650570273399353027e-01
7.674162387847900391e-01
7.654733657836914062e-01
7.578408718109130859e-01
7.653346061706542969e-01
7.617264986038208008e-01
7.638081312179565430e-01
7.593673467636108398e-01
7.645019888877868652e-01
7.645019292831420898e-01
7.629754543304443359e-01
7.624203562736511230e-01
7.629754543304443359e-01
7.588123083114624023e-01
7.622815966606140137e-01
7.628366947174072266e-01
7.635305523872375488e-01
7.671386599540710449e-01
7.622815966606140137e-01
7.595061063766479492e-01
7.643631696701049805e-01
7.682488560676574707e-01
7.672774791717529297e-01
7.617264986038208008e-01
7.592285275459289551e-01
7.636693120002746582e-01
7.590898871421813965e-01
7.668610811233520508e-01
7.638081312179565430e-01
7.669998407363891602e-01
7.651958465576171875e-01
7.617264986038208008e-01
7.626979351043701172e-01
7.650570869445800781e-01
7.606163620948791504e-01
7.628366947174072266e-01
7.636693120002746582e-01
7.643631696701049805e-01
7.601999640464782715e-01
7.690814733505249023e-01
7.654734253883361816e-01
7.625590562820434570e-01
7.603387832641601562e-01
7.647795677185058594e-01
7.651958465576171875e-01
7.689427137374877930e-01
7.628367543220520020e-01
7.636692523956298828e-01
7.682488560676574707e-01
7.669999599456787109e-01
7.615877389907836914e-01
7.671386599540710449e-01
7.639468908309936523e-01
7.596448659896850586e-01
7.624203562736511230e-01
7.646406888961791992e-01
7.645019888877868652e-01
7.650570869445800781e-01
7.663059830665588379e-01
7.624203562736511230e-01
7.699141502380371094e-01
7.633917331695556641e-01
7.602000236511230469e-01
7.611713409423828125e-01
7.602000236511230469e-01
7.645019888877868652e-01
7.613101005554199219e-01
7.649183273315429688e-01
7.646407485008239746e-01
7.628366947174072266e-01
7.657509446144104004e-01
7.667223215103149414e-01
7.710242867469787598e-01
7.620041370391845703e-01
7.683876156806945801e-01
7.642244100570678711e-01
7.632529735565185547e-01
7.650570273399353027e-01
7.631142139434814453e-01
7.625591754913330078e-01
7.645019292831420898e-01
7.631142139434814453e-01
7.618652582168579102e-01
7.700529098510742188e-01
7.657510042190551758e-01
7.713018655776977539e-01
7.650570869445800781e-01
7.647795677185058594e-01
7.629753947257995605e-01
7.647795081138610840e-01
7.678324580192565918e-01
7.657508850097656250e-01
7.699141502380371094e-01
7.653345465660095215e-01
7.656121253967285156e-01
7.651957869529724121e-01
7.599224448204040527e-01
7.699140906333923340e-01
7.711631059646606445e-01
7.656121253967285156e-01
7.694977521896362305e-01
7.664448022842407227e-01
7.657508850097656250e-01
7.665836215019226074e-01
7.700529098510742188e-01
7.664448618888854980e-01
7.664448022842407227e-01
7.679713368415832520e-01
7.628366947174072266e-01
7.643631100654602051e-01
7.624204158782958984e-01
7.608938217163085938e-01
7.671386599540710449e-01
7.624203562736511230e-01
7.654734253883361816e-01
7.651959061622619629e-01
7.667223215103149414e-01
7.667223215103149414e-01
7.664448022842407227e-01
7.674162387847900391e-01
7.683876156806945801e-01
7.672774195671081543e-01
7.675549387931823730e-01
7.714406251907348633e-01
7.693590521812438965e-01
7.647795081138610840e-01
7.633917927742004395e-01
7.650570273399353027e-01
7.611714005470275879e-01
7.667222619056701660e-01
7.674162387847900391e-01
7.646408081054687500e-01
7.678325772285461426e-01
7.685264348983764648e-01
7.675549387931823730e-01
7.672774791717529297e-01
7.696365714073181152e-01
7.660284638404846191e-01
7.714406251907348633e-01
7.681100964546203613e-01
7.645019292831420898e-01
7.669999003410339355e-01
7.676937580108642578e-01
7.710242867469787598e-01
7.614489793777465820e-01
7.625591158866882324e-01
7.686651945114135742e-01
7.714406847953796387e-01
7.682487964630126953e-01
7.628366947174072266e-01
7.665835618972778320e-01
7.667223215103149414e-01
7.678325772285461426e-01
7.704691886901855469e-01
7.672774195671081543e-01
7.694977521896362305e-01
7.651959061622619629e-01
7.667223811149597168e-01
7.681100368499755859e-01
7.700528502464294434e-01
7.675549983978271484e-01
7.660284638404846191e-01
7.646407485008239746e-01
7.678325176239013672e-01
7.697753906250000000e-01
7.658897042274475098e-01
7.653346061706542969e-01
7.661672234535217285e-01
7.690814733505249023e-01
7.646408081054687500e-01
7.660285234451293945e-01
7.628366947174072266e-01
7.667223215103149414e-01
7.635305523872375488e-01
7.656121253967285156e-01
7.685264348983764648e-01
7.622816562652587891e-01
7.657508850097656250e-01
7.649183273315429688e-01
7.643631696701049805e-01
7.679712772369384766e-01
7.660284638404846191e-01
7.635306119918823242e-01
7.676937580108642578e-01
7.629754543304443359e-01
7.643631696701049805e-01
7.724120020866394043e-01
7.688039541244506836e-01
7.663060426712036133e-01
7.674161791801452637e-01
7.669999003410339355e-01
7.697753906250000000e-01
7.611714601516723633e-01
7.692202925682067871e-01
7.628366947174072266e-01
7.706079483032226562e-01
7.628366351127624512e-01
7.640856504440307617e-01
7.692202329635620117e-01
7.686651349067687988e-01
7.626979351043701172e-01
7.690814733505249023e-01
7.693590521812438965e-01
7.731059789657592773e-01
7.668610811233520508e-01
7.671386599540710449e-01
7.650570869445800781e-01
7.692202329635620117e-01
7.671386599540710449e-01
7.665835618972778320e-01
7.710243463516235352e-01
7.751874923706054688e-01
7.682487964630126953e-01
7.642244696617126465e-01
7.682488560676574707e-01
7.689427137374877930e-01
7.656121253967285156e-01
7.710243463516235352e-01
7.714406251907348633e-01
7.649182677268981934e-01
7.638081312179565430e-01
7.674161791801452637e-01
7.721345424652099609e-01
7.656122446060180664e-01
7.640855908393859863e-01
7.679712772369384766e-01
7.718569636344909668e-01
7.674161791801452637e-01
7.645019888877868652e-01
7.661672830581665039e-01
7.635305523872375488e-01
7.653346061706542969e-01
7.729672193527221680e-01
7.690814137458801270e-01
7.668610811233520508e-01
7.685264348983764648e-01
7.700529098510742188e-01
7.721344828605651855e-01
7.701916098594665527e-01
7.667223215103149414e-01
7.678325176239013672e-01
7.689427137374877930e-01
7.676937580108642578e-01
7.642244100570678711e-01
7.661672234535217285e-01
7.733834385871887207e-01
7.658897042274475098e-01
7.667223811149597168e-01
7.674162387847900391e-01
7.657508850097656250e-01
7.719957232475280762e-01
7.692202329635620117e-01
7.714406251907348633e-01
7.667223811149597168e-01
7.643631696701049805e-01
7.700529694557189941e-01
7.713018655776977539e-01
7.656121850013732910e-01
7.636693120002746582e-01
7.736610174179077148e-01
7.643631696701049805e-01
7.660285234451293945e-01
7.667223215103149414e-01
7.654734253883361816e-01
7.604775428771972656e-01
7.629754543304443359e-01
7.704692482948303223e-01
7.686651349067687988e-01
7.671387195587158203e-01
7.678325176239013672e-01
7.685264348983764648e-01
7.704691886901855469e-01
7.667223811149597168e-01
7.725508213043212891e-01
7.707467675209045410e-01
7.703304290771484375e-01
7.708855867385864258e-01
7.696365118026733398e-01
7.711631059646606445e-01
7.703304290771484375e-01
7.643632292747497559e-01
7.696365714073181152e-01
7.704691886901855469e-01
7.668610215187072754e-01
7.643631696701049805e-01
7.686650753021240234e-01
7.650570273399353027e-01
7.690814733505249023e-01
7.678325176239013672e-01
7.699141502380371094e-01
7.693589925765991211e-01
7.721344232559204102e-01
7.703304290771484375e-01
7.660284638404846191e-01
7.692202329635620117e-01
7.685263752937316895e-01
7.750487327575683594e-01
7.683876752853393555e-01
7.679712772369384766e-01
7.733834385871887207e-01
7.675549983978271484e-01
7.689427733421325684e-01
7.660284638404846191e-01
7.724120616912841797e-01
7.704691886901855469e-01
7.704692482948303223e-01
7.718569636344909668e-01
7.719957828521728516e-01
7.764364480972290039e-01
7.696365714073181152e-01
7.694978117942810059e-01
7.650570869445800781e-01
7.704691886901855469e-01
7.685264348983764648e-01
7.628366947174072266e-01
7.694978117942810059e-01
7.714406847953796387e-01
7.692201733589172363e-01
7.700529098510742188e-01
7.678325176239013672e-01
7.685263752937316895e-01
7.692202329635620117e-01
7.685263752937316895e-01
7.692202925682067871e-01
7.672773599624633789e-01
7.675549983978271484e-01
7.710243463516235352e-01
7.667223215103149414e-01
7.690814733505249023e-01
7.688039541244506836e-01
7.689427137374877930e-01
7.653346061706542969e-01
7.697753310203552246e-01
7.707468271255493164e-01
7.653346061706542969e-01
7.707467675209045410e-01
7.713018655776977539e-01
7.731058597564697266e-01
7.732446789741516113e-01
7.674161791801452637e-01
7.669999003410339355e-01
7.715794444084167480e-01
7.700529098510742188e-01
7.706080675125122070e-01
7.692203521728515625e-01
7.606163024902343750e-01
7.640856504440307617e-01
7.707468271255493164e-01
7.722733020782470703e-01
7.679712772369384766e-01
7.744935750961303711e-01
7.706079483032226562e-01
7.651958465576171875e-01
7.728283405303955078e-01
7.697753310203552246e-01
7.713018655776977539e-01
7.701916694641113281e-01
7.657509446144104004e-01
7.722733020782470703e-01
7.694978713989257812e-01
7.676937580108642578e-01
7.699140906333923340e-01
7.683876156806945801e-01
7.706080079078674316e-01
7.732446193695068359e-01
7.694978117942810059e-01
7.715793848037719727e-01
7.714406251907348633e-01
7.713018655776977539e-01
7.694977521896362305e-01
7.651958465576171875e-01
7.692202329635620117e-01
7.713018655776977539e-01
7.669999003410339355e-01
7.647795677185058594e-01
7.672774195671081543e-01
7.667223215103149414e-01
7.737997770309448242e-01
7.682488560676574707e-01
7.707467675209045410e-01
7.700529098510742188e-01
7.736610174179077148e-01
7.703304290771484375e-01
7.628366947174072266e-01
7.721344828605651855e-01
7.653346061706542969e-01
7.674162387847900391e-01
7.703304290771484375e-01
7.678325176239013672e-01
7.663060426712036133e-01
7.736610174179077148e-01
7.708855271339416504e-01
7.707467675209045410e-01
7.690814733505249023e-01
7.694978117942810059e-01
7.668611407279968262e-01
7.717182040214538574e-01
7.676937580108642578e-01
7.660284638404846191e-01
7.679713368415832520e-01
7.757425904273986816e-01
7.731058597564697266e-01
7.668611407279968262e-01
7.711631059646606445e-01
7.667223215103149414e-01
7.645019292831420898e-01
7.664448022842407227e-01
7.661672830581665039e-01
7.693590521812438965e-01
7.761589288711547852e-01
7.656122446060180664e-01
7.685264348983764648e-01
7.678325176239013672e-01
7.739385366439819336e-01
7.700529694557189941e-01
7.664448022842407227e-01
7.718569636344909668e-01
7.700529098510742188e-01
7.689427733421325684e-01
7.699141502380371094e-01
7.726896405220031738e-01
7.711630463600158691e-01
7.683875560760498047e-01
7.682488560676574707e-01
7.668610811233520508e-01
7.613102197647094727e-01
7.710242867469787598e-01
7.685264348983764648e-01
7.722733020782470703e-01
7.676937580108642578e-01
7.764364480972290039e-01
7.715794444084167480e-01
7.711631059646606445e-01
7.688039541244506836e-01
7.714406251907348633e-01
7.775467038154602051e-01
7.690814733505249023e-01
7.713018655776977539e-01
7.746323943138122559e-01
7.668611407279968262e-01
7.719957232475280762e-01
7.739385366439819336e-01
7.622815966606140137e-01
7.756038308143615723e-01
7.710243463516235352e-01
7.737997770309448242e-01
7.744936347007751465e-01
7.678325772285461426e-01
7.726895809173583984e-01
7.675550580024719238e-01
7.714406251907348633e-01
7.726895809173583984e-01
7.721345424652099609e-01
7.718569636344909668e-01
7.689427137374877930e-01
7.714405655860900879e-01
7.690815329551696777e-01
7.679713368415832520e-01
7.699140906333923340e-01
7.694978117942810059e-01
7.733834981918334961e-01
7.740773558616638184e-01
7.708856463432312012e-01
7.742161154747009277e-01
7.632530331611633301e-01
7.660284638404846191e-01
7.731059193611145020e-01
7.747712135314941406e-01
7.668610811233520508e-01
7.700528502464294434e-01
7.689427137374877930e-01
7.707467079162597656e-01
7.688039541244506836e-01
7.701916694641113281e-01
7.706079483032226562e-01
7.724120020866394043e-01
7.704691886901855469e-01
7.743548750877380371e-01
7.674162387847900391e-01
7.694977521896362305e-01
7.671386599540710449e-01
7.729671001434326172e-01
7.699141502380371094e-01
7.693590521812438965e-01
7.689427137374877930e-01
7.694978117942810059e-01
7.711631059646606445e-01
7.732446789741516113e-01
7.724120020866394043e-01
7.737997174263000488e-01
7.743548750877380371e-01
7.735221982002258301e-01
7.688040137290954590e-01
7.707467675209045410e-01
7.736610174179077148e-01
7.713018655776977539e-01
7.697753310203552246e-01
7.696366310119628906e-01
7.731059193611145020e-01
7.663060426712036133e-01
7.726896405220031738e-01
7.753263115882873535e-01
7.710243463516235352e-01
7.749099731445312500e-01
7.714406251907348633e-01
7.654733657836914062e-01
7.675549387931823730e-01
7.719957232475280762e-01
7.753263115882873535e-01
7.704692482948303223e-01
7.708855867385864258e-01
7.726895213127136230e-01
7.725508213043212891e-01
7.653345465660095215e-01
7.775466442108154297e-01
7.690814733505249023e-01
7.714405655860900879e-01
7.692202329635620117e-01
7.715793251991271973e-01
7.674162387847900391e-01
7.722732424736022949e-01
7.692202329635620117e-01
7.710243463516235352e-01
7.722733020782470703e-01
7.697753906250000000e-01
7.721345424652099609e-01
7.668610811233520508e-01
7.726895213127136230e-01
7.722733020782470703e-01
7.665835618972778320e-01
7.756038904190063477e-01
7.737997770309448242e-01
7.710243463516235352e-01
7.696365714073181152e-01
7.651959061622619629e-01
7.715793848037719727e-01
7.724120616912841797e-01
7.751875519752502441e-01
7.653346061706542969e-01
7.729671001434326172e-01
7.690815329551696777e-01
7.724121212959289551e-01
7.711630463600158691e-01
7.678325176239013672e-01
7.706080079078674316e-01
7.732446193695068359e-01
7.710243463516235352e-01
7.729671001434326172e-01
7.737998366355895996e-01
7.722732424736022949e-01
7.710243463516235352e-01
7.700529694557189941e-01
7.671386003494262695e-01
7.681100964546203613e-01
7.693590521812438965e-01
7.722733020782470703e-01
7.710243463516235352e-01
7.704692482948303223e-01
7.737997770309448242e-01
7.682488560676574707e-01
7.733833789825439453e-01
7.744936347007751465e-01
7.732447385787963867e-01
7.708855271339416504e-01
7.650569677352905273e-01
7.728284001350402832e-01
7.747711539268493652e-01
7.665835022926330566e-01
7.699140906333923340e-01
7.646407485008239746e-01
7.711631059646606445e-01
7.717182040214538574e-01
7.726895809173583984e-01
7.732447385787963867e-01
7.701916694641113281e-01
7.721345424652099609e-01
7.735221982002258301e-01
7.624204158782958984e-01
7.722733020782470703e-01
7.645020484924316406e-01
7.704692482948303223e-01
7.728284001350402832e-01
7.669999003410339355e-01
7.696366310119628906e-01
7.663059830665588379e-01
7.731059193611145020e-01
7.744936943054199219e-01
7.737997770309448242e-01
7.700529098510742188e-01
7.688039541244506836e-01
7.696366310119628906e-01
7.743548750877380371e-01
7.692202925682067871e-01
7.740772962570190430e-01
7.667223811149597168e-01
7.725508213043212891e-01
7.699140906333923340e-01
7.736610770225524902e-01
7.700529098510742188e-01
7.707467675209045410e-01
7.697753906250000000e-01
7.699140906333923340e-01
7.724120020866394043e-01
7.729671001434326172e-01
7.739385962486267090e-01
7.739385366439819336e-01
7.681100368499755859e-01
7.703304290771484375e-01
7.721344232559204102e-01
7.674162387847900391e-01
7.721345424652099609e-01
7.744935750961303711e-01
7.737997770309448242e-01
7.742161154747009277e-01
7.711631059646606445e-01
7.746323943138122559e-01
7.663060426712036133e-01
7.729671597480773926e-01
7.618651986122131348e-01
7.726895809173583984e-01
7.649182677268981934e-01
7.681100368499755859e-01
7.719956636428833008e-01
7.713018655776977539e-01
7.704691886901855469e-01
7.746324539184570312e-01
7.758814096450805664e-01
7.700529098510742188e-01
7.672773599624633789e-01
7.718569040298461914e-01
7.692202925682067871e-01
7.754650712013244629e-01
7.697753310203552246e-01
7.681100368499755859e-01
7.688039541244506836e-01
7.728284001350402832e-01
7.711631059646606445e-01
7.760200500488281250e-01
7.744936347007751465e-01
7.713018655776977539e-01
7.696365118026733398e-01
7.706080079078674316e-01
7.718569040298461914e-01
7.735222578048706055e-01
7.751875519752502441e-01
7.717182040214538574e-01
7.711631059646606445e-01
7.721344232559204102e-01
7.658897042274475098e-01
7.735222578048706055e-01
7.778241634368896484e-01
7.725508213043212891e-01
7.682487964630126953e-01
7.715793848037719727e-01
7.721345424652099609e-01
7.682488560676574707e-01
7.721345424652099609e-01
7.736610174179077148e-01
7.747711539268493652e-01
7.728283405303955078e-01
7.771303653717041016e-01
7.726895809173583984e-01
7.708855271339416504e-01
7.735221982002258301e-01
7.726895809173583984e-01
7.681101560592651367e-01
7.753263115882873535e-01
7.749099731445312500e-01
7.724120020866394043e-01
7.750486731529235840e-01
7.704691886901855469e-01
7.724119424819946289e-01
7.737997770309448242e-01
7.718569636344909668e-01
7.690815329551696777e-01
7.761588692665100098e-01
7.740773558616638184e-01
7.757425904273986816e-01
7.742160558700561523e-01
7.710243463516235352e-01
7.722732424736022949e-01
7.674162387847900391e-01
7.746324539184570312e-01
7.704692482948303223e-01
7.676937580108642578e-01
7.722732424736022949e-01
7.737998366355895996e-01
7.710243463516235352e-01
7.729671001434326172e-01
7.779629826545715332e-01
7.761589288711547852e-01
7.721345424652099609e-01
7.733834385871887207e-01
7.719957232475280762e-01
7.743548750877380371e-01
7.728283405303955078e-01
7.679712772369384766e-01
7.737997174263000488e-01
7.751874923706054688e-01
7.746324539184570312e-01
7.686651945114135742e-01
7.710243463516235352e-01
7.707467675209045410e-01
7.678324580192565918e-01
7.707467675209045410e-01
7.726897001266479492e-01
7.746324539184570312e-01
7.762976884841918945e-01
7.682487964630126953e-01
7.739385366439819336e-01
7.737998366355895996e-01
7.758814096450805664e-01
7.722733020782470703e-01
7.754650712013244629e-01
7.731059193611145020e-01
7.718569636344909668e-01
7.737997770309448242e-01
7.713018655776977539e-01
7.781018018722534180e-01
7.704691886901855469e-01
7.743548750877380371e-01
7.771302461624145508e-01
7.714406251907348633e-01
7.771303057670593262e-01
7.708855867385864258e-01
7.719957828521728516e-01
7.740773558616638184e-01
7.676936984062194824e-01
7.736610174179077148e-01
7.696365714073181152e-01
7.701916694641113281e-01
7.771303653717041016e-01
7.744936943054199219e-01
7.713018655776977539e-01
7.692202925682067871e-01
7.725508213043212891e-01
7.744936943054199219e-01
7.742161154747009277e-01
7.719957232475280762e-01
7.714406251907348633e-01
7.737997770309448242e-01
7.718569636344909668e-01
7.692202925682067871e-01
7.700529098510742188e-01
7.750487327575683594e-01
7.710243463516235352e-01
7.724120616912841797e-01
7.760201096534729004e-01
7.757426500320434570e-01
7.737998366355895996e-01
7.743548750877380371e-01
7.799057960510253906e-01
7.746324539184570312e-01
7.732447385787963867e-01
7.751875519752502441e-01
7.682488560676574707e-01
7.746323347091674805e-01
7.672774791717529297e-01
7.737997770309448242e-01
7.764365077018737793e-01
7.771303653717041016e-01
7.751874923706054688e-01
7.760201096534729004e-01
7.732446789741516113e-01
7.657508850097656250e-01
7.721345424652099609e-01
7.708855271339416504e-01
7.717181444168090820e-01
7.758813500404357910e-01
7.731059193611145020e-01
7.767140865325927734e-01
7.710242867469787598e-01
7.760201692581176758e-01
7.743548750877380371e-01
7.747711539268493652e-01
7.736609578132629395e-01
7.774078845977783203e-01
7.736610174179077148e-01
7.744936943054199219e-01
7.696366310119628906e-01
7.736610174179077148e-01
7.729671597480773926e-01
7.668611407279968262e-01
7.728284001350402832e-01
7.735221385955810547e-01
7.782405614852905273e-01
7.775467038154602051e-01
7.774078845977783203e-01
7.706079483032226562e-01
7.733834981918334961e-01
7.732446789741516113e-01
7.737997174263000488e-01
7.792119383811950684e-01
7.722733020782470703e-01
7.747711539268493652e-01
7.761589288711547852e-01
7.740773558616638184e-01
7.714406251907348633e-01
7.735222578048706055e-01
7.721345424652099609e-01
7.732446789741516113e-01
7.774078845977783203e-01
7.740773558616638184e-01
7.740773558616638184e-01
7.718569040298461914e-01
7.751874923706054688e-01
7.754651308059692383e-01
7.750487327575683594e-01
7.686651945114135742e-01
7.692202329635620117e-01
7.699141502380371094e-01
7.744936943054199219e-01
7.701916694641113281e-01
7.744936347007751465e-01
7.704692482948303223e-01
7.733834385871887207e-01
7.768527865409851074e-01
7.771303653717041016e-01
7.729671001434326172e-01
7.775466442108154297e-01
7.756038308143615723e-01
7.771304249763488770e-01
7.718569040298461914e-01
7.731059193611145020e-01
7.714406251907348633e-01
7.737997770309448242e-01
7.744936943054199219e-01
7.762977480888366699e-01
7.731059193611145020e-01
7.728283405303955078e-01
7.710242867469787598e-01
7.754650115966796875e-01
7.735221385955810547e-01
7.718569040298461914e-01
7.737997770309448242e-01
7.715793848037719727e-01
7.746323943138122559e-01
7.740772962570190430e-01
7.690814137458801270e-01
7.706080079078674316e-01
7.729671597480773926e-01
7.725507616996765137e-01
7.746323943138122559e-01
7.728284001350402832e-01
