9.318203926086425781e+00
1.658863973617553711e+01
2.372978687286376953e+01
3.092291688919067383e+01
3.818709397315979004e+01
4.534318661689758301e+01
5.256040000915527344e+01
5.978353428840637207e+01
6.692666506767272949e+01
7.416080904006958008e+01
8.144605875015258789e+01
8.861715602874755859e+01
9.589932274818420410e+01
1.031235134601593018e+02
1.102886083126068115e+02
1.175998234748840332e+02
1.248239605426788330e+02
1.319901027679443359e+02
1.394414153099060059e+02
1.466545972824096680e+02
1.538417680263519287e+02
1.611930255889892578e+02
1.683841514587402344e+02
1.755832912921905518e+02
1.829135029315948486e+02
1.901536502838134766e+02
1.973328030109405518e+02
2.046259880065917969e+02
2.118031735420227051e+02
2.190257246494293213e+02
2.263038985729217529e+02
2.335070197582244873e+02
2.407405056953430176e+02
2.480717704296112061e+02
2.554159922599792480e+02
2.627553389072418213e+02
2.701135694980621338e+02
2.774567906856536865e+02
2.848270330429077148e+02
2.921953270435333252e+02
2.995828187465667725e+02
3.069801340103149414e+02
3.143524370193481445e+02
3.230796411037445068e+02
3.304358716011047363e+02
3.391661069393157959e+02
3.480675041675567627e+02
3.570909264087677002e+02
3.661924355030059814e+02
3.756902182102203369e+02
3.851469552516937256e+02
3.925822420120239258e+02
4.023722028732299805e+02
4.097804691791534424e+02
4.172267637252807617e+02
4.268726956844329834e+02
4.367577242851257324e+02
4.473592612743377686e+02
4.549746761322021484e+02
4.649908373355865479e+02
4.724171159267425537e+02
4.826453886032104492e+02
4.901026911735534668e+02
5.005161108970642090e+02
5.111141390800476074e+02
5.186605076789855957e+02
5.261508483886718750e+02
5.369282441139221191e+02
5.477378873825073242e+02
5.551911864280700684e+02
5.664932417869567871e+02
5.776251561641693115e+02
5.851735243797302246e+02
5.926428341865539551e+02
6.000962026119232178e+02
6.075474860668182373e+02
6.189786381721496582e+02
6.264469487667083740e+02
6.379181046485900879e+02
6.453954792022705078e+02
6.528918087482452393e+02
6.644551718235015869e+02
6.719204800128936768e+02
6.834847028255462646e+02
6.955913226604461670e+02
7.031597063541412354e+02
7.107300860881805420e+02
7.181893908977508545e+02
7.301108744144439697e+02
7.376162090301513672e+02
7.450795161724090576e+02
7.525798494815826416e+02
7.601092171669006348e+02
7.724802017211914062e+02
7.799925749301910400e+02
7.924816184043884277e+02
7.999949588775634766e+02
8.123750193119049072e+02
8.198863589763641357e+02
8.275438044071197510e+02
8.350481624603271484e+02
8.478283896446228027e+02
8.553207166194915771e+02
8.628531067371368408e+02
8.703735101222991943e+02
8.779065530300140381e+02
8.855620436668395996e+02
8.986256434917449951e+02
9.112509105205535889e+02
9.188143777847290039e+02
9.263307235240936279e+02
9.338590965270996094e+02
9.413584294319152832e+02
9.488677830696105957e+02
9.563821763992309570e+02
9.638905153274536133e+02
9.714048573970794678e+02
9.789402153491973877e+02
9.864535565376281738e+02
9.940429527759552002e+02
1.007376580476760864e+03
1.014896927833557129e+03
1.027778369426727295e+03
1.041150883436203003e+03
1.054573442697525024e+03
1.068156100034713745e+03
1.075677448034286499e+03
1.089208379268646240e+03
1.096784751892089844e+03
1.104309136390686035e+03
1.111863507032394409e+03
1.119398864746093750e+03
1.126931256294250488e+03
1.134461642265319824e+03
1.142148107051849365e+03
1.149689469575881958e+03
1.157311888933181763e+03
1.164868263244628906e+03
1.172475758790969849e+03
1.180058165311813354e+03
1.187676567554473877e+03
1.195200916767120361e+03
1.202844351291656494e+03
1.210392718076705933e+03
1.218030204057693481e+03
1.225674709558486938e+03
1.233225416660308838e+03
1.247190360307693481e+03
1.254843802928924561e+03
1.262400175333023071e+03
1.269937534809112549e+03
1.277592993021011353e+03
1.285155386447906494e+03
1.292801822423934937e+03
1.306533624649047852e+03
1.314084007263183594e+03
1.321626524209976196e+03
1.329184947013854980e+03
1.336742329597473145e+03
1.344294698476791382e+03
1.358711947917938232e+03
1.372866076946258545e+03
1.380439459562301636e+03
1.388000906467437744e+03
1.395579290866851807e+03
1.403167688608169556e+03
1.417953578472137451e+03
1.425601015567779541e+03
1.439911212682723999e+03
1.447502610445022583e+03
1.455095008134841919e+03
1.462659431934356689e+03
1.470264839649200439e+03
1.477841240406036377e+03
1.485557713031768799e+03
1.493203322410583496e+03
1.500824740409851074e+03
1.508507203817367554e+03
1.516094597578048706e+03
1.523705009222030640e+03
1.531336457014083862e+03
1.538969895839691162e+03
1.546574290990829468e+03
1.561565972328186035e+03
1.569274452447891235e+03
1.576901875257492065e+03
1.584575345754623413e+03
1.592250845432281494e+03
1.599832237958908081e+03
1.607483676195144653e+03
1.615065125703811646e+03
1.630503171920776367e+03
1.638100748300552368e+03
1.645676133394241333e+03
1.653303557872772217e+03
1.660887964248657227e+03
1.668471341133117676e+03
1.676059737443923950e+03
1.683648131847381592e+03
1.691227521419525146e+03
1.698830927371978760e+03
1.706463354110717773e+03
1.714104787349700928e+03
1.721673213243484497e+03
1.729246598720550537e+03
1.736831991910934448e+03
1.744417407751083374e+03
1.752001779317855835e+03
1.759624197244644165e+03
1.767236610651016235e+03
1.774849022626876831e+03
1.782489454984664917e+03
1.790137906551361084e+03
1.797749923706054688e+03
1.805355391025543213e+03
1.812962008714675903e+03
1.828330982208251953e+03
1.843783020257949829e+03
1.851734673738479614e+03
1.859426161527633667e+03
1.867118630647659302e+03
1.874772072315216064e+03
1.882395493745803833e+03
1.890076010227203369e+03
1.897696657657623291e+03
1.905342094182968140e+03
1.912962520837783813e+03
1.920597951173782349e+03
1.928212363243103027e+03
1.935847824335098267e+03
1.943460237503051758e+03
1.951160712242126465e+03
1.958852181434631348e+03
1.966601691484451294e+03
1.974249128580093384e+03
1.981936594724655151e+03
1.989554010152816772e+03
1.997198446035385132e+03
2.004909929037094116e+03
2.012596395254135132e+03
2.020404959201812744e+03
2.028080403566360474e+03
2.035734845399856567e+03
2.043518379926681519e+03
2.059196916580200195e+03
2.066885383367538452e+03
2.074710961103439331e+03
2.082389407873153687e+03
2.090216971874237061e+03
2.097908440589904785e+03
2.105617924213409424e+03
2.113403459072113037e+03
2.121108936548233032e+03
2.128858446598052979e+03
2.136650987386703491e+03
2.144542598724365234e+03
2.152203045606613159e+03
2.159832468986511230e+03
2.167543952941894531e+03
2.175233420372009277e+03
2.183015953302383423e+03
2.190697415828704834e+03
2.198419905662536621e+03
2.206106424570083618e+03
2.213750860691070557e+03
2.221403301477432251e+03
2.229096782207489014e+03
2.236761221170425415e+03
2.244624813079833984e+03
2.252449374914169312e+03
2.260108820438385010e+03
2.267943395853042603e+03
2.275591897487640381e+03
2.283238332748413086e+03
2.290853747606277466e+03
2.298545216083526611e+03
2.306198657512664795e+03
2.322273136377334595e+03
2.329924588918685913e+03
2.337585021972656250e+03
2.345388570308685303e+03
2.353128073453903198e+03
2.360914609909057617e+03
2.368578059673309326e+03
2.376471224069595337e+03
2.384158720254898071e+03
2.391926242828369141e+03
2.399669749259948730e+03
2.416023413181304932e+03
2.423783931255340576e+03
2.431667537212371826e+03
2.439498164892196655e+03
2.447367813348770142e+03
2.455083299398422241e+03
2.462808815956115723e+03
2.470763471603393555e+03
2.478621058940887451e+03
2.486368586063385010e+03
2.502308193445205688e+03
2.510096731424331665e+03
2.517849243640899658e+03
2.525551719903945923e+03
2.533391328334808350e+03
2.541172860383987427e+03
2.548928374767303467e+03
2.556596852779388428e+03
2.573411122322082520e+03
2.581077573776245117e+03
2.588802065849304199e+03
2.596447501659393311e+03
2.604113969087600708e+03
2.612437872171401978e+03
2.620174371719360352e+03
2.627836278915405273e+03
2.635481714248657227e+03
2.643161177396774292e+03
2.660472063302993774e+03
2.668134511470794678e+03
2.675792957067489624e+03
2.683461409330368042e+03
2.691206915855407715e+03
2.699010464668273926e+03
2.706696946620941162e+03
2.714463468313217163e+03
2.722170948028564453e+03
2.729827395915985107e+03
2.737508854866027832e+03
2.745356433629989624e+03
2.753012952804565430e+03
2.760678403615951538e+03
2.768412901878356934e+03
2.776087359189987183e+03
2.783761815309524536e+03
2.791501353740692139e+03
2.799155795574188232e+03
2.806874283552169800e+03
2.814640846729278564e+03
2.822486425399780273e+03
2.830219950199127197e+03
2.838057796955108643e+03
2.845710269927978516e+03
2.853425756216049194e+03
2.861128245830535889e+03
2.868833711624145508e+03
2.876518175363540649e+03
2.884186627388000488e+03
2.891870148897171021e+03
2.899552612066268921e+03
2.907235075473785400e+03
2.914948558092117310e+03
2.922670047283172607e+03
2.930336498975753784e+03
2.938013018846511841e+03
2.945683472156524658e+03
2.953393974304199219e+03
2.961091558933258057e+03
2.968840069532394409e+03
2.976517529487609863e+03
2.984214012384414673e+03
2.991930497884750366e+03
2.999585941791534424e+03
3.007300426006317139e+03
3.015006905794143677e+03
3.022687366962432861e+03
3.030421865463256836e+03
3.038110332965850830e+03
3.045870883703231812e+03
3.053564353942871094e+03
3.061278839111328125e+03
3.078601406574249268e+03
3.086361925363540649e+03
3.094059395790100098e+03
3.101754868268966675e+03
3.109455343484878540e+03
3.117149744749069214e+03
3.124827203035354614e+03
3.132536699295043945e+03
3.140240161418914795e+03
3.147943652391433716e+03
3.155640110731124878e+03
3.163362654685974121e+03
3.171055144309997559e+03
3.178774634122848511e+03
3.186468103170394897e+03
3.194156570672988892e+03
3.201862048864364624e+03
3.209543511152267456e+03
3.217230976104736328e+03
3.224924482583999634e+03
3.232597938776016235e+03
3.240282402515411377e+03
3.247970869779586792e+03
3.255681415557861328e+03
3.263408909559249878e+03
3.271120392799377441e+03
3.278817865848541260e+03
3.286667446851730347e+03
3.294376928567886353e+03
3.302149473190307617e+03
3.309842942476272583e+03
3.317546433925628662e+03
3.325244894027709961e+03
3.343131650924682617e+03
3.350820424079895020e+03
3.358546931505203247e+03
3.366223389387130737e+03
3.374052942276000977e+03
3.381803453445434570e+03
3.389496923685073853e+03
3.397261444330215454e+03
3.405039974927902222e+03
3.412761464595794678e+03
3.420479954242706299e+03
3.428390578746795654e+03
3.436172110557556152e+03
3.443905656814575195e+03
3.451651149988174438e+03
3.459467708826065063e+03
3.467220220088958740e+03
3.474966762781143188e+03
3.482755285739898682e+03
3.490479777574539185e+03
3.498214277267456055e+03
3.505985815763473511e+03
3.513726360797882080e+03
3.521419831752777100e+03
3.529220412015914917e+03
3.536923948049545288e+03
3.544611400604248047e+03
3.552293862104415894e+03
3.569901494741439819e+03
3.577606007575988770e+03
3.585450585126876831e+03
3.593167071342468262e+03
3.600856539249420166e+03
3.608621059656143188e+03
3.626294648408889771e+03
3.634013136386871338e+03
3.641761681556701660e+03
3.649534207105636597e+03
3.657278713703155518e+03
3.665021229267120361e+03
3.672761751651763916e+03
3.680489226818084717e+03
3.688213749647140503e+03
3.695941259145736694e+03
3.703676744222640991e+03
3.711382223367691040e+03
3.719075693130493164e+03
3.726809191226959229e+03
3.734548708677291870e+03
3.742258189916610718e+03
3.750043711423873901e+03
3.757782213687896729e+03
3.765541745424270630e+03
3.783556586742401123e+03
3.791283080339431763e+03
3.799006571531295776e+03
3.806954222440719604e+03
3.814718775510787964e+03
3.822304201126098633e+03
3.830545059919357300e+03
3.838325592041015625e+03
3.845979034900665283e+03
3.856272190570831299e+03
3.877097512006759644e+03
3.886972033262252808e+03
3.895081298589706421e+03
3.903159556865692139e+03
3.911187765598297119e+03
3.919080066204071045e+03
3.927125795125961304e+03
3.934955861806869507e+03
3.942852976799011230e+03
3.950920713186264038e+03
3.958847857475280762e+03
3.966799010515213013e+03
3.974711156845092773e+03
3.982583753824234009e+03
3.990721039295196533e+03
3.998591143369674683e+03
4.006479752063751221e+03
4.014416895627975464e+03
4.022251966953277588e+03
4.030221633672714233e+03
4.038110241889953613e+03
4.045994347333908081e+03
4.054025557756423950e+03
4.061844616889953613e+03
4.069784261941909790e+03
4.077737926721572876e+03
4.085553983449935913e+03
4.093505297183990479e+03
4.101401911497116089e+03
4.109216968536376953e+03
4.117229165077209473e+03
4.125173814058303833e+03
4.133082436800003052e+03
4.141024083614349365e+03
4.148876172065734863e+03
4.156876359462738037e+03
4.164797991991043091e+03
4.172683098316192627e+03
4.180758340358734131e+03
4.188942667722702026e+03
4.196999903678894043e+03
4.205117174386978149e+03
4.213281479358673096e+03
4.221364726781845093e+03
4.229421955823898315e+03
4.237718354225158691e+03
4.245764575242996216e+03
4.253786790370941162e+03
4.261812997341156006e+03
4.269830996751785278e+03
4.278024330854415894e+03
4.286103576183319092e+03
4.294346435785293579e+03
4.302701876640319824e+03
4.311196916580200195e+03
4.319581878423690796e+03
4.328020378351211548e+03
4.336477391481399536e+03
4.345655707597732544e+03
4.354123227834701538e+03
4.362352078676223755e+03
4.370565918684005737e+03
4.378786763906478882e+03
4.387015620946884155e+03
4.395195937395095825e+03
4.403480827331542969e+03
4.411736197710037231e+03
4.419832954168319702e+03
4.428107837915420532e+03
4.436209105491638184e+03
4.444368906736373901e+03
4.452532716274261475e+03
4.460602473974227905e+03
4.468717748641967773e+03
4.476843024969100952e+03
4.485059874534606934e+03
4.493156141042709351e+03
4.501290923595428467e+03
4.509373677730560303e+03
4.517468432664871216e+03
4.525518656253814697e+03
4.533602405071258545e+03
4.541690655231475830e+03
4.549907997369766235e+03
4.557981242418289185e+03
4.566068493843078613e+03
4.574145235776901245e+03
4.582222478151321411e+03
4.590313731193542480e+03
4.598398479938507080e+03
4.606490233421325684e+03
4.614578483819961548e+03
4.622663232326507568e+03
4.630730469942092896e+03
4.638826224327087402e+03
4.646893460273742676e+03
4.655002225875854492e+03
4.663068960905075073e+03
4.671165117740631104e+03
4.679245863199234009e+03
4.687313599586486816e+03
4.695403851747512817e+03
4.703472097158432007e+03
4.711559347152709961e+03
4.719630085468292236e+03
4.727743854999542236e+03
4.735809089660644531e+03
4.743886832952499390e+03
4.752098170042037964e+03
4.760195427894592285e+03
4.768274677515029907e+03
4.776372935295104980e+03
4.799813101768493652e+03
4.807925369501113892e+03
4.816344856023788452e+03
4.824454122066497803e+03
4.832727504730224609e+03
4.840822767257690430e+03
4.848935034990310669e+03
4.857282470703125000e+03
4.865436267375946045e+03
4.873515017986297607e+03
4.881702839612960815e+03
4.889825114727020264e+03
4.897985917091369629e+03
4.906102694988250732e+03
4.914218966722488403e+03
4.922356289386749268e+03
4.930461052179336548e+03
4.938521782875061035e+03
4.946644558429718018e+03
4.954774344205856323e+03
4.962903123617172241e+03
4.970993876218795776e+03
4.979245752573013306e+03
4.987456103801727295e+03
4.995564869403839111e+03
5.003699159860610962e+03
5.011806430101394653e+03
5.019925823211669922e+03
5.028012072563171387e+03
5.036123347759246826e+03
5.044223607778549194e+03
5.052366915702819824e+03
5.060512707233428955e+03
5.068612967014312744e+03
5.076788289070129395e+03
5.085039155006408691e+03
5.093296148777008057e+03
5.101396161079406738e+03
5.109473472833633423e+03
5.117524825572967529e+03
5.125635296583175659e+03
5.133678155422210693e+03
5.141772904396057129e+03
5.149924846887588501e+03
5.158035037040710449e+03
5.166170542240142822e+03
5.174449004411697388e+03
5.182549240827560425e+03
5.190750968456268311e+03
5.198825587034225464e+03
5.207048875808715820e+03
5.215136978387832642e+03
5.223350190401077271e+03
5.231522747755050659e+03
5.239684628248214722e+03
5.247751872301101685e+03
5.255985508441925049e+03
5.264036535024642944e+03
5.272094588518142700e+03
5.280335691213607788e+03
5.288437261343002319e+03
5.296535870313644409e+03
5.304611346244812012e+03
5.312665812253952026e+03
5.320861251115798950e+03
5.328956531524658203e+03
5.337084993839263916e+03
5.345185073375701904e+03
5.353588455915451050e+03
5.376875355482101440e+03
5.385133763551712036e+03
5.393454010009765625e+03
5.401870616436004639e+03
5.410198581218719482e+03
5.418472435474395752e+03
5.426737176895141602e+03
5.434841529369354248e+03
5.442982355594635010e+03
5.451103405475616455e+03
5.459213681936264038e+03
5.467345133066177368e+03
5.475447042703628540e+03
5.483591040849685669e+03
5.491915299177169800e+03
5.499989341974258423e+03
5.508123123407363892e+03
5.516287405967712402e+03
5.524449091434478760e+03
5.532605326890945435e+03
5.540718514442443848e+03
5.548997883081436157e+03
5.557074364662170410e+03
5.565242496013641357e+03
5.573358726978302002e+03
5.581475563526153564e+03
5.589553134202957153e+03
5.597632763147354126e+03
5.605724765300750732e+03
5.613802980422973633e+03
5.621927435398101807e+03
5.630011326313018799e+03
5.638098514795303345e+03
5.646214181900024414e+03
5.654356664896011353e+03
5.662597169160842896e+03
5.670686362266540527e+03
5.678879408359527588e+03
5.687059918880462646e+03
5.695200867891311646e+03
5.703309551715850830e+03
5.711422907114028931e+03
5.719495788574218750e+03
5.727601341247558594e+03
5.735729045867919922e+03
5.743817730426788330e+03
5.751908360958099365e+03
5.760046566724777222e+03
5.768130477428436279e+03
5.776222762107849121e+03
5.784305835247039795e+03
5.792437514781951904e+03
5.800598161935806274e+03
5.808708464384078979e+03
5.816802113771438599e+03
5.824911617279052734e+03
5.833010987043380737e+03
5.841112773418426514e+03
5.849215747356414795e+03
5.857312295198440552e+03
5.865477447271347046e+03
5.873613721370697021e+03
5.881805011987686157e+03
5.889947442293167114e+03
5.898087160110473633e+03
5.906214475631713867e+03
5.914316884517669678e+03
5.922427608013153076e+03
5.930542278766632080e+03
5.938664080381393433e+03
5.946760494709014893e+03
5.954916908740997314e+03
5.963028047084808350e+03
5.971275669813156128e+03
5.979402361154556274e+03
5.987555625200271606e+03
5.995659214019775391e+03
6.003789884090423584e+03
6.011939962625503540e+03
6.020096801757812500e+03
6.028188693046569824e+03
6.036288577079772949e+03
6.044527563333511353e+03
6.068799307823181152e+03
6.076931989908218384e+03
6.085065298557281494e+03
6.093228531599044800e+03
6.101328689813613892e+03
6.109500831365585327e+03
6.117610412359237671e+03
6.125712427854537964e+03
6.133898643732070923e+03
6.142018662452697754e+03
6.150124515771865845e+03
6.158220325946807861e+03
6.166356454849243164e+03
6.174585464715957642e+03
6.182707740068435669e+03
6.190839751958847046e+03
6.198946256160736084e+03
6.207149755239486694e+03
6.215442597866058350e+03
6.223610840559005737e+03
6.231868086576461792e+03
6.239975280761718750e+03
6.248089968442916870e+03
6.256233126163482666e+03
6.264327652692794800e+03
6.272447150945663452e+03
6.280584579467773438e+03
6.288738587617874146e+03
6.296815701484680176e+03
6.304900723934173584e+03
6.313022375583648682e+03
6.321147184848785400e+03
6.329278607845306396e+03
6.337431450605392456e+03
6.345549013853073120e+03
6.353864209651947021e+03
6.362001288890838623e+03
6.370115624189376831e+03
6.378262978792190552e+03
6.386383381843566895e+03
6.394507689714431763e+03
6.402619519948959351e+03
6.410714298009872437e+03
6.418831421136856079e+03
6.426952780485153198e+03
6.435071017265319824e+03
6.443188844442367554e+03
6.451355543613433838e+03
6.459590855121612549e+03
6.467719674348831177e+03
6.475857592344284058e+03
6.484012406826019287e+03
6.492182486295700073e+03
6.500343845367431641e+03
6.508477028846740723e+03
6.516588638782501221e+03
6.524810464620590210e+03
6.532984724044799805e+03
6.541133575439453125e+03
6.549288003444671631e+03
6.557393236875534058e+03
6.565515215873718262e+03
6.573638512611389160e+03
6.581786952018737793e+03
6.590067305803298950e+03
6.598206751585006714e+03
6.606324716806411743e+03
6.614463397741317749e+03
6.622587838172912598e+03
6.630747953653335571e+03
6.638905488729476929e+03
6.647049404382705688e+03
6.655194433212280273e+03
6.663334932088851929e+03
6.671512287616729736e+03
6.679660119533538818e+03
6.687793304920196533e+03
6.695915831327438354e+03
6.704058623552322388e+03
6.712190873146057129e+03
6.720379527330398560e+03
6.728493752717971802e+03
6.736643491268157959e+03
6.744803956747055054e+03
6.752928535461425781e+03
6.761162643909454346e+03
6.769317546844482422e+03
6.777484256267547607e+03
6.785617664575576782e+03
6.793745938301086426e+03
6.801856029272079468e+03
6.810045638561248779e+03
6.818171977281570435e+03
6.826305060625076294e+03
6.834455975294113159e+03
6.842749206542968750e+03
6.850873730182647705e+03
6.859016087770462036e+03
6.867169969081878662e+03
6.875321522474288940e+03
6.883493103981018066e+03
6.891733256816864014e+03
6.899886162996292114e+03
6.908117877244949341e+03
6.916267466783523560e+03
6.924445052623748779e+03
6.932654499053955078e+03
6.940889572381973267e+03
6.949085971832275391e+03
6.957252320528030396e+03
6.965420847415924072e+03
6.973567325830459595e+03
6.981742813348770142e+03
6.989903436183929443e+03
6.998352215051651001e+03
7.007318927049636841e+03
7.015418771028518677e+03
7.023780597209930420e+03
7.031835800647735596e+03
7.039895803928375244e+03
7.048420001983642578e+03
7.056569922685623169e+03
7.064771502971649170e+03
7.072875654697418213e+03
7.080897986888885498e+03
7.089170644044876099e+03
7.097151826143264771e+03
7.105230519294738770e+03
7.129672754049301147e+03
7.137666214704513550e+03
7.145837857246398926e+03
7.153979967594146729e+03
7.161991989850997925e+03
7.170134751796722412e+03
7.178188985586166382e+03
7.186264371871948242e+03
7.194486822366714478e+03
7.202528347015380859e+03
7.210642713546752930e+03
7.218784746646881104e+03
7.226811054944992065e+03
7.235075201511383057e+03
7.243142458438873291e+03
7.251232957124710083e+03
7.259321970701217651e+03
7.267280413389205933e+03
7.275455559253692627e+03
7.283596386194229126e+03
7.291631772994995117e+03
7.299825886249542236e+03
7.307899102926254272e+03
7.315991410493850708e+03
7.324184996366500854e+03
7.332162127733230591e+03
7.340501392602920532e+03
7.348475497484207153e+03
7.356631274938583374e+03
7.364759796380996704e+03
7.372779387950897217e+03
7.380763385534286499e+03
7.388757949590682983e+03
7.396776769399642944e+03
7.404788380146026611e+03
7.412833635807037354e+03
7.420983016014099121e+03
7.429030115127563477e+03
7.437121449708938599e+03
7.445231869697570801e+03
7.453418727874755859e+03
7.461561253070831299e+03
7.469627538681030273e+03
7.477645447731018066e+03
7.485853874683380127e+03
7.493960721492767334e+03
7.502067522048950195e+03
7.510197871446609497e+03
7.518352943420410156e+03
7.526362957000732422e+03
7.534363991022109985e+03
7.542320740938186646e+03
7.550387634754180908e+03
7.558371867895126343e+03
7.566490356206893921e+03
7.574542479038238525e+03
7.582555979490280151e+03
7.590537692308425903e+03
7.598551930904388428e+03
7.606561880350112915e+03
7.614540180921554565e+03
7.622548529386520386e+03
7.630576792478561401e+03
7.638584547042846680e+03
7.646593562841415405e+03
7.654616044521331787e+03
7.662628741025924683e+03
7.670695145845413208e+03
7.678694540500640869e+03
7.686705905437469482e+03
7.694688344001770020e+03
7.702697511196136475e+03
7.710694434404373169e+03
7.718721263647079468e+03
7.726752489089965820e+03
7.734739574909210205e+03
7.742777378320693970e+03
7.750786686182022095e+03
7.758829666137695312e+03
7.766825029850006104e+03
7.774839513540267944e+03
7.782831835508346558e+03
7.790867051839828491e+03
7.798900983572006226e+03
7.806928626775741577e+03
7.814940708398818970e+03
7.822930668592453003e+03
7.830919514179229736e+03
7.838959715843200684e+03
7.846986115455627441e+03
7.854996420145034790e+03
7.863001088857650757e+03
7.870999407052993774e+03
7.879045540094375610e+03
7.887040133714675903e+03
7.895051888704299927e+03
7.903065474033355713e+03
7.911073299646377563e+03
7.919099138498306274e+03
7.927164117813110352e+03
7.935213999509811401e+03
7.943226842403411865e+03
7.951235933780670166e+03
7.959254689693450928e+03
7.967317364931106567e+03
7.975325412750244141e+03
7.983330406904220581e+03
7.991393627882003784e+03
7.999369402647018433e+03
8.007378713846206665e+03
8.015360478162765503e+03
8.023352652788162231e+03
8.031363003015518188e+03
8.039375801563262939e+03
8.047405846118927002e+03
8.055417503118515015e+03
8.063425290107727051e+03
8.071431380033493042e+03
8.079469282388687134e+03
8.087467431068420410e+03
8.095482668638229370e+03
8.103524521112442017e+03
8.111557664155960083e+03
8.119550764560699463e+03
8.127570080280303955e+03
8.135574632406234741e+03
8.143576463460922241e+03
8.151621177673339844e+03
8.159659887313842773e+03
8.167664002180099487e+03
8.175642581462860107e+03
8.183642232656478882e+03
8.191653375625610352e+03
8.216693900823593140e+03
8.224728287935256958e+03
8.232751455068588257e+03
8.240767951965332031e+03
8.248774790287017822e+03
8.256822741270065308e+03
8.264875302791595459e+03
8.272905944824218750e+03
8.280916874885559082e+03
8.289001089334487915e+03
