1.007266187667846680e+01
1.799379348754882812e+01
2.557618522644042969e+01
3.312104916572570801e+01
4.084605240821838379e+01
4.844145250320434570e+01
5.600733184814453125e+01
6.363975882530212402e+01
7.112858366966247559e+01
7.849032998085021973e+01
8.605874109268188477e+01
9.344349312782287598e+01
1.007982211112976074e+02
1.082615277767181396e+02
1.156037554740905762e+02
1.230290563106536865e+02
1.307180235385894775e+02
1.381192910671234131e+02
1.457111895084381104e+02
1.532505605220794678e+02
1.606672000885009766e+02
1.682565970420837402e+02
1.757524256706237793e+02
1.831777050495147705e+02
1.907746131420135498e+02
1.982058968544006348e+02
2.056526918411254883e+02
2.132350888252258301e+02
2.206958932876586914e+02
2.281952254772186279e+02
2.357546002864837646e+02
2.432034039497375488e+02
2.507477672100067139e+02
2.583281564712524414e+02
2.658500049114227295e+02
2.734609162807464600e+02
2.810062811374664307e+02
2.885406384468078613e+02
2.962946512699127197e+02
3.038144979476928711e+02
3.113728723526000977e+02
3.190303165912628174e+02
3.264856276512145996e+02
3.339649448394775391e+02
3.415398309230804443e+02
3.490066390037536621e+02
3.565254850387573242e+02
3.639752821922302246e+02
3.714425978660583496e+02
3.789269189834594727e+02
3.864907972812652588e+02
3.940121445655822754e+02
4.017346353530883789e+02
4.092469768524169922e+02
4.184860463142395020e+02
4.260334212779998779e+02
4.357153055667877197e+02
4.434242863655090332e+02
4.529520754814147949e+02
4.606730649471282959e+02
4.705000519752502441e+02
4.810210323333740234e+02
4.888171370029449463e+02
4.993486328125000000e+02
5.073052983283996582e+02
5.154545927047729492e+02
5.263223197460174561e+02
5.373182287216186523e+02
5.449927246570587158e+02
5.527602844238281250e+02
5.603126797676086426e+02
5.680565125942230225e+02
5.790861454010009766e+02
5.870042812824249268e+02
5.981992607116699219e+02
6.059919064044952393e+02
6.172913775444030762e+02
6.282182245254516602e+02
6.361098687648773193e+02
6.474920589923858643e+02
6.588016269207000732e+02
6.666888139247894287e+02
6.781714332103729248e+02
6.854849922657012939e+02
6.927861123085021973e+02
7.031576046943664551e+02
7.138449540138244629e+02
7.211284170150756836e+02
7.321050887107849121e+02
7.433176920413970947e+02
7.506662192344665527e+02
7.580550467967987061e+02
7.653769259452819824e+02
7.765266697406768799e+02
7.875996639728546143e+02
7.949576408863067627e+02
8.023299961090087891e+02
8.096417248249053955e+02
8.172986752986907959e+02
8.246950540542602539e+02
8.358574910163879395e+02
8.432137453556060791e+02
8.545903813838958740e+02
8.619799163341522217e+02
8.693979151248931885e+02
8.767696046829223633e+02
8.841205079555511475e+02
8.916626350879669189e+02
9.032821879386901855e+02
9.106652674674987793e+02
9.181074025630950928e+02
9.255114250183105469e+02
9.372752964496612549e+02
9.446655926704406738e+02
9.565700335502624512e+02
9.682757904529571533e+02
9.756662604808807373e+02
9.829951713085174561e+02
9.903492004871368408e+02
9.977350292205810547e+02
1.005077166080474854e+03
1.012401940107345581e+03
1.020034656047821045e+03
1.027434674263000488e+03
1.039797084331512451e+03
1.047173476696014404e+03
1.054863410234451294e+03
1.062459876537322998e+03
1.069832834720611572e+03
1.082764903068542480e+03
1.090153137922286987e+03
1.097682289123535156e+03
1.105108228206634521e+03
1.112485667943954468e+03
1.125020028591156006e+03
1.137671225547790527e+03
1.145350655078887939e+03
1.157828571557998657e+03
1.165466178655624390e+03
1.172843051433563232e+03
1.185915108442306519e+03
1.198687146663665771e+03
1.206413575410842896e+03
1.213816446542739868e+03
1.221243592739105225e+03
1.228802819013595581e+03
1.237366912364959717e+03
1.244915009260177612e+03
1.252534276008605957e+03
1.265572447299957275e+03
1.273047236919403076e+03
1.280469662904739380e+03
1.288003567457199097e+03
1.295427874803543091e+03
1.302827083826065063e+03
1.310506411075592041e+03
1.317893053770065308e+03
1.325331733703613281e+03
1.333044089794158936e+03
1.340523615121841431e+03
1.348059359073638916e+03
1.355766635417938232e+03
1.369198772668838501e+03
1.376710412740707397e+03
1.389770461320877075e+03
1.397348065614700317e+03
1.404760695934295654e+03
1.412341646671295166e+03
1.419931609392166138e+03
1.427312268495559692e+03
1.434868648290634155e+03
1.448495304346084595e+03
1.456063128948211670e+03
1.463515215396881104e+03
1.470924433708190918e+03
1.485354088068008423e+03
1.492796910762786865e+03
1.500514008045196533e+03
1.507914946794509888e+03
1.515415591716766357e+03
1.523047111272811890e+03
1.537265594482421875e+03
1.544953663587570190e+03
1.558214070796966553e+03
1.565632152080535889e+03
1.573064750671386719e+03
1.580552392959594727e+03
1.587984590530395508e+03
1.595408564090728760e+03
1.602848567724227905e+03
1.610297633886337280e+03
1.617744035720825195e+03
1.625190310001373291e+03
1.632963869333267212e+03
1.648268790006637573e+03
1.655697151899337769e+03
1.663138111114501953e+03
1.670564234256744385e+03
1.684394239664077759e+03
1.691838861703872681e+03
1.699268251180648804e+03
1.706708111524581909e+03
1.714136639356613159e+03
1.721582374811172485e+03
1.729024376153945923e+03
1.736451148271560669e+03
1.743880743980407715e+03
1.751369032859802246e+03
1.758856527328491211e+03
1.766329487085342407e+03
1.773784988403320312e+03
1.781330103635787964e+03
1.788795766830444336e+03
1.796301635742187500e+03
1.803770883321762085e+03
1.811267766714096069e+03
1.825879034519195557e+03
1.833331171274185181e+03
1.840818572998046875e+03
1.848346991062164307e+03
1.855776425838470459e+03
1.863203672170639038e+03
1.870626384019851685e+03
1.878062016248703003e+03
1.885491487503051758e+03
1.892962788820266724e+03
1.900384001493453979e+03
1.907849011659622192e+03
1.915298884391784668e+03
1.922760610818862915e+03
1.930208999872207642e+03
1.937681111812591553e+03
1.945151918888092041e+03
1.959741952180862427e+03
1.967184848546981812e+03
1.974624495267868042e+03
1.982039170742034912e+03
1.989454368352890015e+03
1.996936518907546997e+03
2.004366470098495483e+03
2.011815370082855225e+03
2.019264607667922974e+03
2.026730394601821899e+03
2.034182124376296997e+03
2.041611382961273193e+03
2.049062938690185547e+03
2.056523877620697021e+03
2.063962399482727051e+03
2.071432364463806152e+03
2.078892878532409668e+03
2.086356329202651978e+03
2.101189879894256592e+03
2.108611875295639038e+03
2.116083293199539185e+03
2.123560553312301636e+03
2.131009588003158569e+03
2.138576688289642334e+03
2.146065578460693359e+03
2.153568480491638184e+03
2.168185873746871948e+03
2.175658852100372314e+03
2.183110183238983154e+03
2.190552462816238403e+03
2.197999704122543335e+03
2.213121718406677246e+03
2.228008559703826904e+03
2.235465511560440063e+03
2.242897975444793701e+03
2.250370996236801147e+03
2.257827997922897339e+03
2.265271399736404419e+03
2.272719920635223389e+03
2.280184598684310913e+03
2.287640752792358398e+03
2.295142725706100464e+03
2.302662723541259766e+03
2.310150043725967407e+03
2.317613655090332031e+03
2.325088221549987793e+03
2.332539200305938721e+03
2.340003084659576416e+03
2.347479332447052002e+03
2.354941086053848267e+03
2.370403342485427856e+03
2.377866177082061768e+03
2.385343332767486572e+03
2.392843295335769653e+03
2.400333594560623169e+03
2.407792258262634277e+03
2.415265887737274170e+03
2.422743956804275513e+03
2.430219431400299072e+03
2.437680978059768677e+03
2.445145968437194824e+03
2.452645067930221558e+03
2.460142284393310547e+03
2.467679766178131104e+03
2.475140382289886475e+03
2.482601343631744385e+03
2.490072452068328857e+03
2.497549383163452148e+03
2.505027014732360840e+03
2.512489181995391846e+03
2.519942501544952393e+03
2.527420296430587769e+03
2.534926083087921143e+03
2.542452248334884644e+03
2.549939341306686401e+03
2.557403223037719727e+03
2.564900539636611938e+03
2.572394884586334229e+03
2.579841868877410889e+03
2.587303365945816040e+03
2.602862404108047485e+03
2.610311205863952637e+03
2.617764538526535034e+03
2.625226800203323364e+03
2.632690599918365479e+03
2.640188381433486938e+03
2.647651050567626953e+03
2.655144533157348633e+03
2.662602791786193848e+03
2.670050212860107422e+03
2.677534760236740112e+03
2.685021778821945190e+03
2.692575092792510986e+03
2.700048711061477661e+03
2.707572818040847778e+03
2.715033913135528564e+03
2.722520125627517700e+03
2.730007415294647217e+03
2.737512140989303589e+03
2.744994252920150757e+03
2.752495906352996826e+03
2.759952285289764404e+03
2.767434129238128662e+03
2.774910795211791992e+03
2.782381405830383301e+03
2.789840786695480347e+03
2.797313147783279419e+03
2.804789112329483032e+03
2.812259025096893311e+03
2.819711759328842163e+03
2.827177785873413086e+03
2.834698837757110596e+03
2.842196148157119751e+03
2.849664265871047974e+03
2.857137298822402954e+03
2.864601551294326782e+03
2.872072272300720215e+03
2.879554790973663330e+03
2.887065478563308716e+03
2.894534466028213501e+03
2.902006722688674927e+03
2.909476982355117798e+03
2.916960321426391602e+03
2.924514791488647461e+03
2.931983037948608398e+03
2.939453471899032593e+03
2.955379033327102661e+03
2.962897090435028076e+03
2.970398351430892944e+03
2.977899947643280029e+03
2.985375544071197510e+03
2.992980240583419800e+03
3.000469202518463135e+03
3.007977232456207275e+03
3.015469305038452148e+03
3.022996819257736206e+03
3.030522608041763306e+03
3.038029343605041504e+03
3.045494925498962402e+03
3.052995045423507690e+03
3.060468909740447998e+03
3.067988137483596802e+03
3.075478930234909058e+03
3.082990169763565063e+03
3.090475561141967773e+03
3.097963688135147095e+03
3.105443751573562622e+03
3.112929911613464355e+03
3.120399880409240723e+03
3.127888889074325562e+03
3.135431777238845825e+03
3.142905310392379761e+03
3.150406623601913452e+03
3.157908296585083008e+03
3.165447217464447021e+03
3.172909896373748779e+03
3.180379226446151733e+03
3.187873296976089478e+03
3.195355552673339844e+03
3.202927205801010132e+03
3.210412621736526489e+03
3.217904957294464111e+03
3.225385620117187500e+03
3.232865297794342041e+03
3.240340854883193970e+03
3.247842726707458496e+03
3.255370405435562134e+03
3.262853352308273315e+03
3.270319145917892456e+03
3.277812310457229614e+03
3.285341324329376221e+03
3.292847941637039185e+03
3.300341020107269287e+03
3.307870970010757446e+03
3.315440095663070679e+03
3.322967875242233276e+03
3.330548820734024048e+03
3.338058583498001099e+03
3.345578500986099243e+03
3.353089460134506226e+03
3.360606838941574097e+03
3.376813979148864746e+03
3.384317767620086670e+03
3.391831243991851807e+03
3.399361059665679932e+03
3.406902874946594238e+03
3.414435225248336792e+03
3.421939306020736694e+03
3.429426683664321899e+03
3.436988080501556396e+03
3.444468628168106079e+03
3.451956953048706055e+03
3.459467418432235718e+03
3.466974721908569336e+03
3.474483060359954834e+03
3.481962392330169678e+03
3.489479799509048462e+03
3.496965151786804199e+03
3.504467594623565674e+03
3.511951930284500122e+03
3.519461255311965942e+03
3.526963591337203979e+03
3.534463969469070435e+03
3.541965302944183350e+03
3.549479200363159180e+03
3.556992681980133057e+03
3.573239225387573242e+03
3.580742619276046753e+03
3.588244055986404419e+03
3.595782401323318481e+03
3.603314757347106934e+03
3.610854417800903320e+03
3.618383799791336060e+03
3.625904147386550903e+03
3.633382494688034058e+03
3.640883560657501221e+03
3.658073805093765259e+03
3.665604784488677979e+03
3.673115124702453613e+03
3.680624494075775146e+03
3.688138835430145264e+03
3.695638920783996582e+03
3.703150332927703857e+03
3.710679753541946411e+03
3.718188146352767944e+03
3.734395752906799316e+03
3.742010179996490479e+03
3.749553529977798462e+03
3.757059716939926147e+03
3.764584510326385498e+03
3.772121022701263428e+03
3.779654410600662231e+03
3.787166953802108765e+03
3.794672379016876221e+03
3.802201765060424805e+03
3.809701161623001099e+03
3.817249561071395874e+03
3.824769954204559326e+03
3.832265269994735718e+03
3.839769845962524414e+03
3.847281232833862305e+03
3.854812282323837280e+03
3.862342622041702271e+03
3.869851961612701416e+03
3.877375385999679565e+03
3.884865711927413940e+03
3.892398116588592529e+03
3.899899450063705444e+03
3.907403995752334595e+03
3.914914251565933228e+03
3.922423591613769531e+03
3.929927926778793335e+03
3.937439107418060303e+03
3.944939426898956299e+03
3.952484982967376709e+03
3.960006111383438110e+03
3.967524456501007080e+03
3.975047322034835815e+03
3.982567052364349365e+03
3.990088431596755981e+03
3.997675814867019653e+03
4.005219190835952759e+03
4.012755535602569580e+03
4.020295896530151367e+03
4.027853348016738892e+03
4.035441756725311279e+03
4.042981103658676147e+03
