9.222557306289672852e+00
1.670948886871337891e+01
2.417479753494262695e+01
3.166011881828308105e+01
3.916745710372924805e+01
4.670881962776184082e+01
5.419614243507385254e+01
6.170548129081726074e+01
6.920881676673889160e+01
7.668513202667236328e+01
8.416845273971557617e+01
9.163976526260375977e+01
9.913609504699707031e+01
1.066734552383422852e+02
1.141667821407318115e+02
1.216551065444946289e+02
1.291424298286437988e+02
1.366377589702606201e+02
1.441180784702301025e+02
1.516104054450988770e+02
1.591394960880279541e+02
1.667158830165863037e+02
1.742512419223785400e+02
1.817545759677886963e+02
1.892819290161132812e+02
1.967702522277832031e+02
2.042665824890136719e+02
2.118439700603485107e+02
2.193693206310272217e+02
2.269146852493286133e+02
2.344454731941223145e+02
2.420208625793457031e+02
2.497154448032379150e+02
2.572692053318023682e+02
2.648059105873107910e+02
2.723292040824890137e+02
2.798664422035217285e+02
2.873837871551513672e+02
2.949011335372924805e+02
3.024685125350952148e+02
3.100198819637298584e+02
3.175362758636474609e+02
3.250736379623413086e+02
3.325979857444763184e+02
3.401858823299407959e+02
3.477667727470397949e+02
3.553209741115570068e+02
3.629066238403320312e+02
3.704834251403808594e+02
3.780232465267181396e+02
3.855669603347778320e+02
3.930953152179718018e+02
4.006176609992980957e+02
4.081610245704650879e+02
4.157394137382507324e+02
4.233418188095092773e+02
4.309422225952148438e+02
4.384855861663818359e+02
4.460319511890411377e+02
4.535813193321228027e+02
4.610936610698699951e+02
4.686210131645202637e+02
4.761623749732971191e+02
4.837037365436553955e+02
4.912511031627655029e+02
4.987874608039855957e+02
5.063288228511810303e+02
5.138861963748931885e+02
5.214372763633728027e+02
5.290366790294647217e+02
5.365680341720581055e+02
5.441164007186889648e+02
5.516627678871154785e+02
5.592081315517425537e+02
5.667895224094390869e+02
5.743428928852081299e+02
5.820613818168640137e+02
5.896617844104766846e+02
5.972191579341888428e+02
6.049656653404235840e+02
6.125490579605102539e+02
6.200984454154968262e+02
6.277048530578613281e+02
6.352642283439636230e+02
6.428165988922119141e+02
6.503689677715301514e+02
6.579143323898315430e+02
6.654687047004699707e+02
6.730200734138488770e+02
6.805734434127807617e+02
6.881448268890380859e+02
6.957792549133300781e+02
7.033882601261138916e+02
7.109556405544281006e+02
7.185020067691802979e+02
7.260463700294494629e+02
7.336047451496124268e+02
7.411541121006011963e+02
7.487074823379516602e+02
7.562708604335784912e+02
7.638358066082000732e+02
7.713931798934936523e+02
7.789485518932342529e+02
7.864939169883728027e+02
7.940382812023162842e+02
8.016006581783294678e+02
8.091400189399719238e+02
8.167244107723236084e+02
8.243708503246307373e+02
8.319822595119476318e+02
8.395816636085510254e+02
8.471630535125732422e+02
8.547454440593719482e+02
8.623068206310272217e+02
8.698601913452148438e+02
8.774175643920898438e+02
8.849819428920745850e+02
8.926704101562500000e+02
9.002307846546173096e+02
9.077672040462493896e+02
9.153435907363891602e+02
9.230120432376861572e+02
9.305944342613220215e+02
9.382228598594665527e+02
9.457982439994812012e+02
9.534096565246582031e+02
9.610040559768676758e+02
9.685494210720062256e+02
9.760997889041900635e+02
9.836721739768981934e+02
9.912225430011749268e+02
9.987922565937042236e+02
1.006345626831054688e+03
1.013918010234832764e+03
1.021512409925460815e+03
1.029120819807052612e+03
1.036688200950622559e+03
1.044337639093399048e+03
1.051935488939285278e+03
1.059491861581802368e+03
1.067255381107330322e+03
1.074907822132110596e+03
1.082449183940887451e+03
1.089989545345306396e+03
1.097551922082901001e+03
1.105100288629531860e+03
1.112648656368255615e+03
1.120195021152496338e+03
1.127828448772430420e+03
1.135421848297119141e+03
1.142973217725753784e+03
1.150526587724685669e+03
1.158117988109588623e+03
1.165670355081558228e+03
1.173237735033035278e+03
1.180803117036819458e+03
1.188345476865768433e+03
1.195880835533142090e+03
1.203444212436676025e+03
1.210995581388473511e+03
1.218601989746093750e+03
1.226169369935989380e+03
1.233705728054046631e+03
1.241278113126754761e+03
1.248829481601715088e+03
1.256394860744476318e+03
1.263942227363586426e+03
1.271505604267120361e+03
1.279066980600357056e+03
1.286635362148284912e+03
1.294192735910415649e+03
1.301744105100631714e+03
1.309293472766876221e+03
1.316849845170974731e+03
1.324437239885330200e+03
1.332010624408721924e+03
1.339584009170532227e+03
1.347151389598846436e+03
1.354705761194229126e+03
1.362250125169754028e+03
1.369816504955291748e+03
1.377381883859634399e+03
1.384934253931045532e+03
1.392495630025863647e+03
1.400034990072250366e+03
1.407604372978210449e+03
1.415186765432357788e+03
1.422746140480041504e+03
1.430313519001007080e+03
1.437890906333923340e+03
1.445437272071838379e+03
1.453011658430099487e+03
1.460566030740737915e+03
1.468128406047821045e+03
1.475691783666610718e+03
1.483240150213241577e+03
1.490808531522750854e+03
1.498375912189483643e+03
1.505930283069610596e+03
1.513505669593811035e+03
1.521070048093795776e+03
1.528636427164077759e+03
1.536192800283432007e+03
1.543759179353713989e+03
1.551341571569442749e+03
1.558930967092514038e+03
1.566488341093063354e+03
1.574117766141891479e+03
1.581678141117095947e+03
1.589245521306991577e+03
1.596812901496887207e+03
1.604389288425445557e+03
1.611955668687820435e+03
1.619540060997009277e+03
1.627107442140579224e+03
1.634676824092864990e+03
1.642247206211090088e+03
1.649839603900909424e+03
1.657470030546188354e+03
1.665039411306381226e+03
1.672611795663833618e+03
1.680193186044692993e+03
1.687750559091567993e+03
1.695315937995910645e+03
1.702993396997451782e+03
1.710551771640777588e+03
1.718115149974822998e+03
1.725700542211532593e+03
1.733326965093612671e+03
1.740956393480300903e+03
1.748538780212402344e+03
1.756122172832489014e+03
1.763696557283401489e+03
1.771266940593719482e+03
1.778879352807998657e+03
1.786504775047302246e+03
1.794074159383773804e+03
1.801645539999008179e+03
1.809235936880111694e+03
1.816854353666305542e+03
1.824432741880416870e+03
1.832054160594940186e+03
1.839789661645889282e+03
1.847364046096801758e+03
1.854942435026168823e+03
1.862540837049484253e+03
1.870163257122039795e+03
1.877811694622039795e+03
1.885395086526870728e+03
1.892975476741790771e+03
1.900561870574951172e+03
1.908157274007797241e+03
1.915774688959121704e+03
1.923347071170806885e+03
1.930949477195739746e+03
1.938533869028091431e+03
1.946122264862060547e+03
1.953708658695220947e+03
1.961299055337905884e+03
1.968901461124420166e+03
1.976495860338211060e+03
1.984224355936050415e+03
1.991795740365982056e+03
1.999379130363464355e+03
2.006960521221160889e+03
2.014546915292739868e+03
2.022134309530258179e+03
2.029775742530822754e+03
2.037372144699096680e+03
2.044965543031692505e+03
2.052560943603515625e+03
2.060166352033615112e+03
2.067748741865158081e+03
2.075348145484924316e+03
2.082933538436889648e+03
2.090526937484741211e+03
2.098133346319198608e+03
2.105706730604171753e+03
2.113358170986175537e+03
2.120940562486648560e+03
2.128528957366943359e+03
2.136121356964111328e+03
2.143699743986129761e+03
2.151284136295318604e+03
2.158862524747848511e+03
2.166453925132751465e+03
2.174052324771881104e+03
2.181644723176956177e+03
2.189243125438690186e+03
2.196833523035049438e+03
2.204438930034637451e+03
2.212031328439712524e+03
2.219620724439620972e+03
2.227232136726379395e+03
2.234823534250259399e+03
2.242402924299240112e+03
2.249997322559356689e+03
2.257611736536026001e+03
2.265329225540161133e+03
2.272918619871139526e+03
2.280524027347564697e+03
2.288115424871444702e+03
2.295723835229873657e+03
2.303309227943420410e+03
2.310910633325576782e+03
2.318535053730010986e+03
2.326122448205947876e+03
2.333770886421203613e+03
2.341430332422256470e+03
2.349044746398925781e+03
2.356658159494400024e+03
2.364246555089950562e+03
2.371866973161697388e+03
2.379536436319351196e+03
2.387129826307296753e+03
2.394710215330123901e+03
2.402312620401382446e+03
2.409908021211624146e+03
2.417504421710968018e+03
2.425099822044372559e+03
2.432704229593276978e+03
2.440311640024185181e+03
2.447926052093505859e+03
2.455529458284378052e+03
2.463138868808746338e+03
2.470726263046264648e+03
2.478358690261840820e+03
2.485966098546981812e+03
2.493574508905410767e+03
2.501225948810577393e+03
2.508836359739303589e+03
2.516442768335342407e+03
2.524117224454879761e+03
2.531827707052230835e+03
2.539554200410842896e+03
2.547193632602691650e+03
2.554851076841354370e+03
2.562473496198654175e+03
2.570076903581619263e+03
2.577719336509704590e+03
2.585334751367568970e+03
2.592945162296295166e+03
2.600617617368698120e+03
2.608342109203338623e+03
2.615963528394699097e+03
2.623595956325531006e+03
2.631232384681701660e+03
2.638844797372817993e+03
2.646448204040527344e+03
2.654043604373931885e+03
2.661664022922515869e+03
2.669300451517105103e+03
2.676911864042282104e+03
2.684520272970199585e+03
2.692139690399169922e+03
2.699752103567123413e+03
2.707348504543304443e+03
2.715051982164382935e+03
2.722685408592224121e+03
2.730362867832183838e+03
2.737966273784637451e+03
2.745582689046859741e+03
2.753189097404479980e+03
2.760794505119323730e+03
2.768390905857086182e+03
2.776052353858947754e+03
2.783706797122955322e+03
2.791378251791000366e+03
2.798978654146194458e+03
2.806592067480087280e+03
2.814209485054016113e+03
2.821808886528015137e+03
2.829414294242858887e+03
2.837044720411300659e+03
2.844654129743576050e+03
2.852258536815643311e+03
2.859852936267852783e+03
2.867457343339920044e+03
2.875080763578414917e+03
2.882694176673889160e+03
2.890305588960647583e+03
2.898177186012268066e+03
2.906038775205612183e+03
2.913836319208145142e+03
2.921591833829879761e+03
2.929392379999160767e+03
2.937148895263671875e+03
2.944902407169342041e+03
2.952706957340240479e+03
2.960474479198455811e+03
2.968210979938507080e+03
2.975969498395919800e+03
2.983703995466232300e+03
2.991518552064895630e+03
2.999304087400436401e+03
3.007028580665588379e+03
3.014742064237594604e+03
3.022455548763275146e+03
3.030189047574996948e+03
3.037928550004959106e+03
3.045739103555679321e+03
3.053530644893646240e+03
3.061399239063262939e+03
3.069168762683868408e+03
3.076914269924163818e+03
3.084686795949935913e+03
3.092453317880630493e+03
3.100263871431350708e+03
3.107988363981246948e+03
3.115755886554718018e+03
3.123521407842636108e+03
3.131422024965286255e+03
3.139237581968307495e+03
3.147004104614257812e+03
3.154940747022628784e+03
3.162669242620468140e+03
3.170516822099685669e+03
3.178487489938735962e+03
3.186378099203109741e+03
3.194270711183547974e+03
3.202143309831619263e+03
3.210012904882431030e+03
3.217830462455749512e+03
3.225590980052947998e+03
3.233383520603179932e+03
3.241341179609298706e+03
3.249179751873016357e+03
3.257020326614379883e+03
3.264844891309738159e+03
3.272758516788482666e+03
3.280658133745193481e+03
3.288500709533691406e+03
3.296368332386016846e+03
3.304449048995971680e+03
3.312298629999160767e+03
3.320028126955032349e+03
3.327915735006332397e+03
3.335701269865036011e+03
3.343485804796218872e+03
3.351434457302093506e+03
3.359261020898818970e+03
3.367071574449539185e+03
3.374901141166687012e+03
3.382831781148910522e+03
3.390655342817306519e+03
3.398819147109985352e+03
3.406649715423583984e+03
3.414546329259872437e+03
3.422407919168472290e+03
3.430122404575347900e+03
3.437947968721389771e+03
3.445658451080322266e+03
3.453598095417022705e+03
3.461340600967407227e+03
3.469121133565902710e+03
3.476842622995376587e+03
3.484607143163681030e+03
3.492424701929092407e+03
3.500206235408782959e+03
3.507889698266983032e+03
3.515568158388137817e+03
3.523230605125427246e+03
3.530983116865158081e+03
3.538685595273971558e+03
3.546462123155593872e+03
3.554204628229141235e+03
3.561894095182418823e+03
3.569519516944885254e+03
3.577224996328353882e+03
3.584871432065963745e+03
3.592526876688003540e+03
3.600232354164123535e+03
3.607945837974548340e+03
3.615617292881011963e+03
3.623401827812194824e+03
3.631092296361923218e+03
3.638913856983184814e+03
3.646643352985382080e+03
3.654275779962539673e+03
3.661916213512420654e+03
3.669715758085250854e+03
3.677397219419479370e+03
3.685162741184234619e+03
3.692785160303115845e+03
3.700564691543579102e+03
3.708218132972717285e+03
3.715903597831726074e+03
3.723547032594680786e+03
3.731224491596221924e+03
3.739028039693832397e+03
3.746678478479385376e+03
3.754357938766479492e+03
3.762021388769149780e+03
3.769744879245758057e+03
3.777391316413879395e+03
3.785123814582824707e+03
3.792938371181488037e+03
3.800735914230346680e+03
3.808466412305831909e+03
3.816188902616500854e+03
