8.717555284500122070e+00
1.614372444152832031e+01
2.335318207740783691e+01
3.060079002380371094e+01
3.789784669876098633e+01
4.531352663040161133e+01
5.268046164512634277e+01
5.995059847831726074e+01
6.712694835662841797e+01
7.442878317832946777e+01
8.168368268013000488e+01
8.887681388854980469e+01
9.618183064460754395e+01
1.034346580505371094e+02
1.106050405502319336e+02
1.180222086906433105e+02
1.252423970699310303e+02
1.324541780948638916e+02
1.404641900062561035e+02
1.476537718772888184e+02
1.548371534347534180e+02
1.623208811283111572e+02
1.694835228919982910e+02
1.767394652366638184e+02
1.841550042629241943e+02
1.913584928512573242e+02
1.986126000881195068e+02
2.060904052257537842e+02
2.132639071941375732e+02
2.206098110675811768e+02
2.280715880393981934e+02
2.352713496685028076e+02
2.425779829025268555e+02
2.500105948448181152e+02
2.571788535118103027e+02
2.645888924598693848e+02
2.718106272220611572e+02
2.789758687019348145e+02
2.863860671520233154e+02
2.936094841957092285e+02
3.007814385890960693e+02
3.081240296363830566e+02
3.153145141601562500e+02
3.224869151115417480e+02
3.299283492565155029e+02
3.370928118228912354e+02
3.446142678260803223e+02
3.521069741249084473e+02
3.593516426086425781e+02
3.665775890350341797e+02
3.739169077873229980e+02
3.811884727478027344e+02
3.886832644939422607e+02
3.961201741695404053e+02
4.033042116165161133e+02
4.107578806877136230e+02
4.181222972869873047e+02
4.252991466522216797e+02
4.328160693645477295e+02
4.400494329929351807e+02
4.472514503002166748e+02
4.544875533580780029e+02
4.616836926937103271e+02
4.688645992279052734e+02
4.760454561710357666e+02
4.832166099548339844e+02
4.904153702259063721e+02
4.976028683185577393e+02
5.048062911033630371e+02
5.119636828899383545e+02
5.191260409355163574e+02
5.262951712608337402e+02
5.334714229106903076e+02
5.406629583835601807e+02
5.478311052322387695e+02
5.549992465972900391e+02
5.621654155254364014e+02
5.693705399036407471e+02
5.765806653499603271e+02
5.839234461784362793e+02
5.911115412712097168e+02
5.983377346992492676e+02
6.056579501628875732e+02
6.128331096172332764e+02
6.200817677974700928e+02
6.273729522228240967e+02
6.345865375995635986e+02
6.423020229339599609e+02
6.496552517414093018e+02
6.568253619670867920e+02
6.641225376129150391e+02
6.714603631496429443e+02
6.786215317249298096e+02
6.860444502830505371e+02
6.933026254177093506e+02
7.009580543041229248e+02
7.084483797550201416e+02
7.156415255069732666e+02
7.228466956615447998e+02
7.302339985370635986e+02
7.374475419521331787e+02
7.446937434673309326e+02
7.525393214225769043e+02
7.597835354804992676e+02
7.671027400493621826e+02
7.746500773429870605e+02
7.818341853618621826e+02
7.891613955497741699e+02
7.964815998077392578e+02
8.036537795066833496e+02
8.109639775753021240e+02
8.186265861988067627e+02
8.258327090740203857e+02
8.332359890937805176e+02
8.404801239967346191e+02
8.476592450141906738e+02
8.551856441497802734e+02
8.623918240070343018e+02
8.696830396652221680e+02
8.768602490425109863e+02
8.841023976802825928e+02
8.913196091651916504e+02
8.986117942333221436e+02
9.058729667663574219e+02
9.131301796436309814e+02
9.203338134288787842e+02
9.275589995384216309e+02
9.348152348995208740e+02
9.420353691577911377e+02
9.492354872226715088e+02
9.564516680240631104e+02
9.636628823280334473e+02
9.708529615402221680e+02
9.780641057491302490e+02
9.853022902011871338e+02
9.924764494895935059e+02
9.996856086254119873e+02
1.006982783079147339e+03
1.014207318544387817e+03
1.021607649326324463e+03
1.028867888450622559e+03
1.036135176181793213e+03
1.043335340738296509e+03
1.050624508857727051e+03
1.058322984695434570e+03
1.065793308734893799e+03
1.073015443086624146e+03
1.080213616132736206e+03
1.087431838989257812e+03
1.094659313678741455e+03
1.101903514862060547e+03
1.109097630023956299e+03
1.116369855642318726e+03
1.123609051227569580e+03
1.130848299503326416e+03
1.138088305473327637e+03
1.145280498504638672e+03
1.152482666730880737e+03
1.159836896419525146e+03
1.167085051298141479e+03
1.174313188791275024e+03
1.181529356479644775e+03
1.188742485284805298e+03
1.195947690486907959e+03
1.203160929679870605e+03
1.210343086242675781e+03
1.217557216882705688e+03
1.224798501014709473e+03
1.232003623485565186e+03
1.239205744504928589e+03
1.246431935548782349e+03
1.253634055614471436e+03
1.260856191158294678e+03
1.268085331201553345e+03
1.275289453268051147e+03
1.282539657592773438e+03
1.289758857965469360e+03
1.296977976560592651e+03
1.304243227481842041e+03
1.311444362401962280e+03
1.318726539134979248e+03
1.325965729475021362e+03
1.333245938539505005e+03
1.340460053682327271e+03
1.347662194013595581e+03
1.354951406478881836e+03
1.362191541194915771e+03
1.369420681476593018e+03
1.376634861230850220e+03
1.383852057933807373e+03
1.391071177005767822e+03
1.398352354288101196e+03
1.405593607425689697e+03
1.412802849531173706e+03
1.420084013462066650e+03
1.427335168361663818e+03
1.434575316905975342e+03
1.441786443948745728e+03
1.449040700674057007e+03
1.456336232662200928e+03
1.463568358898162842e+03
1.470774555921554565e+03
1.477977677345275879e+03
1.485197811365127563e+03
1.492387485742568970e+03
1.499574743032455444e+03
1.506778940916061401e+03
1.513980153799057007e+03
1.521190346956253052e+03
1.528426492214202881e+03
1.535849770545959473e+03
1.543494205713272095e+03
1.550702330350875854e+03
1.557935487031936646e+03
1.565173619508743286e+03
1.572451806068420410e+03
1.579681946516036987e+03
1.586896089553833008e+03
1.594107202768325806e+03
1.601370381116867065e+03
1.608584556818008423e+03
1.615842717647552490e+03
1.623079927682876587e+03
1.630281033992767334e+03
1.637512306213378906e+03
1.644743448734283447e+03
1.651950571537017822e+03
1.659164716243743896e+03
1.666351872920989990e+03
1.673636050701141357e+03
1.680851239442825317e+03
1.688093496322631836e+03
1.695291600942611694e+03
1.702505871772766113e+03
1.709714983940124512e+03
1.716930170536041260e+03
1.724158386945724487e+03
1.731429543733596802e+03
1.738636667728424072e+03
1.745829939365386963e+03
1.753050054550170898e+03
1.760374261617660522e+03
1.767616411209106445e+03
1.775013670206069946e+03
1.782400182008743286e+03
1.789605305671691895e+03
1.796838539123535156e+03
1.804121714830398560e+03
1.811360731124877930e+03
1.818632915735244751e+03
1.826080196857452393e+03
1.833330364942550659e+03
1.840715668916702271e+03
1.847934815645217896e+03
1.855243999242782593e+03
1.862490199327468872e+03
1.869858439445495605e+03
1.877064595222473145e+03
1.884312806844711304e+03
1.891548952341079712e+03
1.898768085718154907e+03
1.906019254684448242e+03
1.913251382350921631e+03
1.920652659177780151e+03
1.927888789892196655e+03
1.935095914125442505e+03
1.942329071283340454e+03
1.949555195569992065e+03
1.956806350946426392e+03
1.964057521104812622e+03
1.971292682647705078e+03
1.978551844596862793e+03
1.985823091745376587e+03
1.993040335416793823e+03
2.000483649730682373e+03
2.007796862125396729e+03
2.015047153711318970e+03
2.022400426149368286e+03
2.029749711990356445e+03
2.037124010801315308e+03
2.044444216012954712e+03
2.051878551721572876e+03
2.059407301425933838e+03
2.067054739475250244e+03
2.074318982839584351e+03
2.081627179622650146e+03
2.088961393833160400e+03
2.096307617425918579e+03
2.103929050683975220e+03
2.111192200660705566e+03
2.118526414871215820e+03
2.125831641674041748e+03
2.133082811594009399e+03
2.140450035095214844e+03
2.147757327318191528e+03
2.155009483098983765e+03
2.162399737119674683e+03
2.169752965450286865e+03
2.176989110469818115e+03
2.184446413040161133e+03
2.191684610366821289e+03
2.199031835556030273e+03
2.206324076414108276e+03
2.213585253477096558e+03
2.220921492576599121e+03
2.228214690685272217e+03
2.235536881923675537e+03
2.242791159152984619e+03
2.250090395689010620e+03
2.257382693767547607e+03
2.264655878782272339e+03
2.271897013664245605e+03
2.279167280912399292e+03
2.286409481525421143e+03
2.293662701606750488e+03
2.300944865942001343e+03
2.308169002532958984e+03
2.315490317583084106e+03
2.322871597766876221e+03
2.330115748167037964e+03
2.337366904020309448e+03
2.344669309616088867e+03
2.351913493156433105e+03
2.359229636907577515e+03
2.366499873876571655e+03
2.373751029491424561e+03
2.381007202625274658e+03
2.388276356935501099e+03
2.395607594728469849e+03
2.402892828702926636e+03
2.410134024620056152e+03
2.417375226020812988e+03
2.424651398897171021e+03
2.431931595563888550e+03
2.439189754724502563e+03
2.446450921535491943e+03
2.453746196031570435e+03
2.461071435928344727e+03
2.468413780212402344e+03
2.475648924589157104e+03
2.482950345993041992e+03
2.490276635169982910e+03
2.498098400354385376e+03
2.505649768352508545e+03
2.513007001161575317e+03
2.520335210084915161e+03
2.527626837491989136e+03
2.535029151678085327e+03
2.542290363073348999e+03
2.549598558902740479e+03
2.556860722541809082e+03
2.564147958278656006e+03
2.571432222604751587e+03
2.578706393957138062e+03
2.585951545953750610e+03
2.593212838649749756e+03
2.600473085880279541e+03
2.607787438631057739e+03
2.615050686120986938e+03
2.622332865953445435e+03
2.629751138210296631e+03
2.637004295587539673e+03
2.644348531723022461e+03
2.651633852958679199e+03
2.658938103914260864e+03
2.666321434974670410e+03
2.673583584308624268e+03
2.680829736709594727e+03
2.688152080297470093e+03
2.695420280694961548e+03
2.702724472761154175e+03
2.710001660346984863e+03
2.717258873462677002e+03
2.724503023386001587e+03
2.731773193359375000e+03
2.739028962135314941e+03
2.746287136316299438e+03
2.753566373109817505e+03
2.760872574329376221e+03
2.768140736103057861e+03
2.775500407934188843e+03
2.782802600145339966e+03
2.790227583408355713e+03
2.797550840854644775e+03
2.804866060972213745e+03
2.812141247034072876e+03
2.819442424774169922e+03
2.826689577341079712e+03
2.833953742265701294e+03
2.841267943382263184e+03
2.848514095544815063e+03
2.855786278963088989e+03
2.863029415845870972e+03
2.870328676939010620e+03
2.877822005033493042e+03
2.885113190650939941e+03
2.892489463329315186e+03
2.899835723161697388e+03
2.907135965585708618e+03
2.914480642795562744e+03
2.921766945123672485e+03
2.929087185859680176e+03
2.936352444648742676e+03
2.943611591815948486e+03
2.950906778812408447e+03
2.958223041772842407e+03
2.965697354793548584e+03
2.973005599737167358e+03
2.980287765502929688e+03
2.987688091754913330e+03
2.995003391504287720e+03
3.002340608835220337e+03
3.009633849143981934e+03
3.016904089450836182e+03
3.024195273876190186e+03
3.031551605701446533e+03
3.038864871263504028e+03
3.046204185247421265e+03
3.053484376668930054e+03
3.060792557954788208e+03
3.068070689201354980e+03
3.075339971065521240e+03
3.082732213258743286e+03
3.090437691926956177e+03
3.097728983879089355e+03
3.105290360450744629e+03
3.112874767303466797e+03
3.120189953565597534e+03
3.127873417139053345e+03
3.135329717874526978e+03
3.142638915061950684e+03
3.150108227491378784e+03
3.157499495744705200e+03
3.164807677507400513e+03
3.172589212179183960e+03
3.179975476264953613e+03
3.187334749460220337e+03
3.195117329835891724e+03
3.202506597518920898e+03
3.210030953168869019e+03
3.217534286737442017e+03
3.224835477828979492e+03
3.232349821567535400e+03
3.239840180635452271e+03
3.247128466367721558e+03
3.254712858676910400e+03
3.262185225248336792e+03
3.269483501672744751e+03
3.277027913570404053e+03
3.284318909168243408e+03
3.291655125379562378e+03
3.299365607738494873e+03
3.306648785829544067e+03
3.314011035442352295e+03
3.321536430597305298e+03
3.328871663808822632e+03
3.336245965242385864e+03
3.343694308042526245e+03
3.350999501705169678e+03
3.358409770965576172e+03
3.365825043201446533e+03
3.373127234697341919e+03
3.380956802606582642e+03
3.388478149890899658e+03
3.395831378698348999e+03
3.403716985225677490e+03
3.411229326248168945e+03
3.418911788940429688e+03
3.426896466732025146e+03
3.434882158756256104e+03
3.442815785408020020e+03
3.450861505746841431e+03
3.458687070369720459e+03
3.466769816160202026e+03
3.474823544263839722e+03
3.482196797847747803e+03
3.489531014919281006e+03
3.497886941194534302e+03
3.505304214477539062e+03
3.512707543373107910e+03
3.520450100660324097e+03
3.527862399101257324e+03
3.535467813968658447e+03
3.542987175941467285e+03
3.550277358293533325e+03
3.557728655815124512e+03
3.565341085672378540e+03
3.572697298765182495e+03
3.580615929365158081e+03
3.587988171339035034e+03
3.595391541004180908e+03
3.603291156053543091e+03
3.610698465585708618e+03
3.618447974920272827e+03
3.626276541709899902e+03
3.633685832023620605e+03
3.641221189737319946e+03
3.649708224534988403e+03
3.657215575456619263e+03
3.664929046869277954e+03
3.672281288862228394e+03
3.679705553054809570e+03
3.687663210153579712e+03
3.695020455360412598e+03
3.702601833105087280e+03
3.710573500871658325e+03
3.718096896171569824e+03
3.725848408460617065e+03
3.733438804864883423e+03
3.740730031490325928e+03
3.748407479763031006e+03
3.756004904270172119e+03
3.763334116458892822e+03
3.770967564105987549e+03
3.779058317422866821e+03
3.786944924116134644e+03
3.794947651863098145e+03
3.803053415775299072e+03
3.810862002849578857e+03
3.818838719844818115e+03
3.826798366069793701e+03
3.834714994668960571e+03
3.842636626482009888e+03
3.850339103221893311e+03
3.858167669773101807e+03
3.865843127489089966e+03
3.873635701179504395e+03
3.881353188991546631e+03
3.889053663253784180e+03
3.896961319208145142e+03
3.904867941379547119e+03
3.912953691005706787e+03
3.920735248565673828e+03
3.928445734262466431e+03
3.936125191211700439e+03
3.944472125053405762e+03
3.952551870584487915e+03
3.960253347158432007e+03
3.968031877517700195e+03
3.976059585332870483e+03
3.984149336338043213e+03
3.992146021366119385e+03
4.000131699800491333e+03
4.008151415109634399e+03
4.015966959238052368e+03
4.023923616170883179e+03
4.031662132978439331e+03
4.039581753969192505e+03
4.047461351156234741e+03
4.055297924280166626e+03
4.063357726335525513e+03
4.071405483245849609e+03
4.079342158794403076e+03
4.086969581604003906e+03
4.094855222702026367e+03
4.102853909254074097e+03
4.110589463710784912e+03
4.118535126447677612e+03
4.126279620647430420e+03
4.134270314693450928e+03
4.142002798795700073e+03
4.149941444396972656e+03
4.157900627613067627e+03
4.165802244901657104e+03
4.173514753103256226e+03
4.181374397277832031e+03
4.189258002281188965e+03
4.197086638212203979e+03
4.204996300458908081e+03
4.212581692934036255e+03
4.220214135646820068e+03
4.228103729963302612e+03
4.235871252536773682e+03
4.243724836349487305e+03
4.251490413665771484e+03
4.259261939525604248e+03
4.266970421075820923e+03
4.274550809860229492e+03
4.282171228170394897e+03
4.289764627456665039e+03
4.297389048337936401e+03
4.305211609840393066e+03
4.313058189868927002e+03
4.320849730730056763e+03
4.328534193038940430e+03
4.336193638563156128e+03
4.344124292135238647e+03
4.352010886907577515e+03
4.360046656608581543e+03
4.367885229587554932e+03
4.375694782495498657e+03
4.383622418642044067e+03
4.391434973239898682e+03
4.399296564817428589e+03
4.407261226892471313e+03
4.415276926040649414e+03
4.423662954092025757e+03
4.431677651643753052e+03
4.439649320125579834e+03
4.447488893747329712e+03
4.455333508729934692e+03
4.463050998210906982e+03
4.470768483400344849e+03
4.478434952259063721e+03
4.486107389211654663e+03
4.493779844284057617e+03
4.501517345428466797e+03
4.509085727930068970e+03
4.516967331647872925e+03
4.524766877174377441e+03
4.532353272199630737e+03
4.539977726459503174e+03
4.547518101930618286e+03
4.555433715581893921e+03
4.563131192207336426e+03
4.570732593059539795e+03
4.578540144443511963e+03
4.586380737543106079e+03
4.594035193920135498e+03
4.601721645832061768e+03
4.609458146333694458e+03
4.617266698360443115e+03
4.624833085775375366e+03
4.632568577289581299e+03
4.640168981790542603e+03
4.647732359409332275e+03
4.655454849720001221e+03
4.663021231174468994e+03
4.670746722936630249e+03
4.678451200723648071e+03
4.686120653629302979e+03
4.694009263038635254e+03
4.701637686014175415e+03
4.709252100944519043e+03
4.716823498010635376e+03
4.724518955469131470e+03
4.732247450113296509e+03
4.739854859590530396e+03
4.747651415824890137e+03
4.755478983163833618e+03
4.763201459884643555e+03
4.770912941932678223e+03
4.778571392059326172e+03
4.786300885200500488e+03
4.793966332674026489e+03
4.801652800559997559e+03
4.809315246582031250e+03
4.816923656702041626e+03
4.824520057201385498e+03
4.832301605224609375e+03
4.840112156629562378e+03
4.847687529325485229e+03
4.855314953804016113e+03
4.863069466829299927e+03
4.870667868852615356e+03
4.878314305543899536e+03
4.885927718639373779e+03
4.893504152059555054e+03
4.901067528963088989e+03
4.908724973678588867e+03
4.916332381963729858e+03
4.924085896253585815e+03
4.931746341705322266e+03
4.939448818445205688e+03
4.947219365119934082e+03
4.955266064643859863e+03
4.962860463857650757e+03
4.970488922834396362e+03
4.978419561862945557e+03
4.986246126174926758e+03
4.993825546026229858e+03
5.001595138549804688e+03
5.009344648838043213e+03
5.017006096363067627e+03
5.024762625455856323e+03
5.032458082914352417e+03
5.040185577630996704e+03
5.047926080703735352e+03
5.055623575925827026e+03
5.063381090879440308e+03
5.071094575405120850e+03
5.078744014263153076e+03
5.086334177494049072e+03
5.094031649827957153e+03
5.101694097757339478e+03
5.109297886610031128e+03
5.117094451189041138e+03
5.124776911497116089e+03
5.132472382783889771e+03
5.140341977834701538e+03
5.147910359382629395e+03
5.155562815427780151e+03
5.163301302194595337e+03
5.170954745292663574e+03
5.178776305198669434e+03
5.186532843828201294e+03
5.194419451475143433e+03
5.202311072111129761e+03
5.210087591171264648e+03
5.218067265987396240e+03
5.225987896203994751e+03
5.233728400468826294e+03
5.241384844064712524e+03
5.249189394712448120e+03
5.257218101501464844e+03
5.265141735315322876e+03
5.272953303575515747e+03
5.280705803155899048e+03
5.288426291465759277e+03
5.296114758014678955e+03
5.303888285636901855e+03
5.311610776662826538e+03
5.319503387451171875e+03
5.327157830476760864e+03
5.334815274238586426e+03
5.342398679018020630e+03
5.349927018880844116e+03
5.357529425621032715e+03
5.365080807209014893e+03
5.372701275587081909e+03
5.380429770708084106e+03
5.388029173851013184e+03
5.395759670734405518e+03
5.403476156711578369e+03
5.411140607833862305e+03
5.418819065809249878e+03
5.426639626026153564e+03
5.434354110956192017e+03
5.442092612981796265e+03
5.449786101579666138e+03
5.457530590057373047e+03
5.465225060701370239e+03
5.472911526918411255e+03
5.480698110342025757e+03
5.488464618444442749e+03
5.496148081302642822e+03
5.503998724460601807e+03
5.511556096792221069e+03
5.519598815679550171e+03
5.527341319799423218e+03
5.535256949186325073e+03
5.542923398733139038e+03
5.550658899545669556e+03
5.558365379095077515e+03
5.565959812879562378e+03
5.573616256713867188e+03
5.581187640190124512e+03
5.588767029285430908e+03
5.596338413000106812e+03
5.603899789094924927e+03
5.611612304210662842e+03
5.619231721639633179e+03
5.627092310190200806e+03
5.634747754096984863e+03
5.642373175382614136e+03
5.649979583501815796e+03
5.657636041879653931e+03
5.665286480903625488e+03
5.672993966579437256e+03
5.680621389389038086e+03
5.688289841413497925e+03
5.695998338222503662e+03
5.703743829965591431e+03
5.711382260799407959e+03
5.719305894851684570e+03
5.727009372949600220e+03
5.734696873426437378e+03
5.742555459737777710e+03
5.750291960239410400e+03
5.758004443645477295e+03
5.765590838193893433e+03
5.773428410768508911e+03
5.781120880365371704e+03
5.788749304056167603e+03
5.796341702222824097e+03
5.803939104080200195e+03
5.811534518957138062e+03
5.819228989362716675e+03
5.826781414031982422e+03
5.834343776464462280e+03
5.841920177936553955e+03
5.849792760372161865e+03
5.857447204589843750e+03
5.865102646589279175e+03
5.872715059041976929e+03
5.880333475828170776e+03
5.888038954257965088e+03
5.895820535421371460e+03
5.903415935993194580e+03
5.911154423475265503e+03
5.918988993883132935e+03
5.926645437717437744e+03
5.934385035276412964e+03
5.942082508325576782e+03
5.949757964849472046e+03
5.957500470399856567e+03
5.965161916971206665e+03
5.972908676862716675e+03
5.980700216770172119e+03
5.988463736534118652e+03
5.996080153226852417e+03
6.003744601249694824e+03
6.011539196729660034e+03
6.019098565101623535e+03
6.026739092588424683e+03
6.034422555446624756e+03
6.042078998804092407e+03
6.049727439165115356e+03
6.057351887702941895e+03
6.064912264585494995e+03
6.072464633703231812e+03
6.080301205396652222e+03
6.088013776063919067e+03
6.095463238477706909e+03
6.103020599126815796e+03
6.110577986001968384e+03
6.118362508535385132e+03
6.125940913677215576e+03
6.133431238651275635e+03
6.140782560110092163e+03
6.148440058231353760e+03
6.155864337444305420e+03
6.163234800577163696e+03
6.170815210580825806e+03
6.178239488601684570e+03
6.185614809036254883e+03
6.193370322704315186e+03
6.200790613412857056e+03
6.208232909679412842e+03
6.215710206747055054e+03
6.223104498386383057e+03
6.230666899442672729e+03
6.238175237417221069e+03
6.245639558553695679e+03
6.253199666261672974e+03
6.260642958164215088e+03
6.267978173255920410e+03
6.275623624801635742e+03
6.283002855777740479e+03
6.290403172492980957e+03
6.298155683755874634e+03
6.305502999305725098e+03
6.312915255308151245e+03
6.320510656833648682e+03
6.327840919494628906e+03
6.335302223682403564e+03
6.342767532348632812e+03
6.350116771697998047e+03
6.357607083320617676e+03
6.365040368556976318e+03
6.372404621601104736e+03
6.380038032531738281e+03
6.387420280694961548e+03
6.394785518169403076e+03
6.402335527181625366e+03
6.409740805387496948e+03
6.417362210750579834e+03
6.424952643156051636e+03
6.432351499319076538e+03
6.439843827724456787e+03
6.447397197484970093e+03
6.454791442632675171e+03
6.462380851268768311e+03
6.469936209201812744e+03
6.477327464103698730e+03
6.485143021821975708e+03
6.492539281129837036e+03
6.499929535865783691e+03
6.507730094194412231e+03
6.515112329483032227e+03
6.522641698122024536e+03
6.530294124364852905e+03
6.537703392267227173e+03
6.545191716909408569e+03
6.552687048196792603e+03
6.560176370620727539e+03
6.567684709072113037e+03
6.575268114805221558e+03
6.582642359495162964e+03
6.590340819358825684e+03
6.597759322166442871e+03
6.605123542308807373e+03
6.612685934782028198e+03
6.620102193832397461e+03
6.627709602594375610e+03
6.635407075166702271e+03
6.643093540430068970e+03
6.650729969501495361e+03
6.658440452814102173e+03
6.666129919290542603e+03
6.673745333909988403e+03
6.681785658359527588e+03
6.689959494590759277e+03
6.697864137411117554e+03
6.705649685859680176e+03
6.713340140819549561e+03
6.721241758823394775e+03
6.728916215658187866e+03
6.736757790565490723e+03
6.744419238805770874e+03
6.752063515186309814e+03
6.759833027601242065e+03
6.767726638317108154e+03
6.775501167058944702e+03
6.783331631422042847e+03
6.791143171072006226e+03
6.798772631883621216e+03
6.806529147386550903e+03
6.814227620363235474e+03
6.821919089555740356e+03
6.829620566368103027e+03
6.837407114744186401e+03
6.845050508499145508e+03
6.852713957071304321e+03
6.860422484397888184e+03
6.868129015922546387e+03
6.875860526323318481e+03
6.883512951374053955e+03
6.891183405637741089e+03
6.899056002616882324e+03
6.906767484426498413e+03
6.914495979785919189e+03
6.922183477163314819e+03
6.930110113859176636e+03
6.937852360963821411e+03
6.946046199321746826e+03
6.954149953842163086e+03
6.961998528957366943e+03
6.969874128818511963e+03
6.977819787979125977e+03
6.985862590074539185e+03
6.993560063600540161e+03
7.001523725509643555e+03
7.009443356037139893e+03
7.017188897371292114e+03
7.025085511684417725e+03
7.032727968931198120e+03
7.040652604341506958e+03
7.048462155818939209e+03
7.056413809537887573e+03
7.064249380350112915e+03
7.072122979879379272e+03
7.080213731765747070e+03
7.088330509185791016e+03
7.096294164657592773e+03
7.104305862188339233e+03
7.112052370071411133e+03
7.119879988670349121e+03
7.127770598888397217e+03
7.135615176200866699e+03
7.143293635606765747e+03
7.151479455232620239e+03
7.159221974849700928e+03
7.167025508880615234e+03
7.175290385246276855e+03
7.183214032411575317e+03
7.191276771783828735e+03
7.199016273736953735e+03
7.206881866693496704e+03
7.214546317100524902e+03
7.222493967294692993e+03
7.230376504659652710e+03
7.238096006155014038e+03
7.245703401565551758e+03
7.253547979354858398e+03
7.261417576074600220e+03
7.269204113006591797e+03
7.276939611196517944e+03
7.284631080389022827e+03
7.292322564125061035e+03
7.300225167036056519e+03
7.308181824445724487e+03
7.315884301662445068e+03
7.323916030645370483e+03
7.331937716245651245e+03
7.339910383939743042e+03
7.347553819179534912e+03
7.355518481492996216e+03
7.363185933589935303e+03
7.370958459138870239e+03
7.378863128423690796e+03
7.386820799827575684e+03
7.394517260313034058e+03
7.402452900648117065e+03
7.410105342388153076e+03
7.417891938686370850e+03
7.425813571453094482e+03
7.433488041400909424e+03
7.441493719577789307e+03
7.449233222723007202e+03
7.457032783746719360e+03
7.464956402063369751e+03
7.472626918792724609e+03
7.480398457765579224e+03
7.488032871484756470e+03
7.495701324224472046e+03
7.503523886442184448e+03
7.511281401634216309e+03
7.519162006378173828e+03
7.526826455354690552e+03
7.534648015975952148e+03
7.542925901651382446e+03
7.550725446701049805e+03
7.558376887559890747e+03
7.566196447849273682e+03
7.573904928207397461e+03
7.581684459447860718e+03
7.589370926141738892e+03
7.597137446165084839e+03
7.604860938072204590e+03
7.612709518671035767e+03
7.620777254581451416e+03
7.628499745368957520e+03
7.636413372278213501e+03
7.644162881851196289e+03
7.651816323995590210e+03
7.659504790067672729e+03
7.667191256523132324e+03
7.675010245561599731e+03
7.682651665687561035e+03
7.690360146760940552e+03
7.698113660335540771e+03
7.705845156669616699e+03
7.713543630123138428e+03
7.721243104934692383e+03
7.728961592435836792e+03
7.736599024295806885e+03
7.744217439174652100e+03
7.751949937820434570e+03
7.759651413202285767e+03
7.767572044849395752e+03
7.775431633949279785e+03
7.783223172664642334e+03
7.791049737930297852e+03
7.798704181432723999e+03
7.806370631694793701e+03
7.814079111814498901e+03
7.821762575387954712e+03
7.829418072700500488e+03
7.837105538845062256e+03
7.844838036775588989e+03
7.852603557825088501e+03
7.860238986492156982e+03
7.867868411064147949e+03
7.875471817255020142e+03
7.883180297613143921e+03
7.890806720972061157e+03
7.898510198116302490e+03
7.906178683757781982e+03
7.913832125425338745e+03
7.921686708927154541e+03
7.929337148904800415e+03
7.937100667953491211e+03
7.944870202064514160e+03
7.952728809118270874e+03
7.960676460266113281e+03
7.968424969911575317e+03
7.976196495532989502e+03
7.983967019796371460e+03
7.991785578250885010e+03
7.999490056276321411e+03
8.007295607328414917e+03
8.015282285690307617e+03
8.023423073768615723e+03
8.031113540887832642e+03
8.038846040248870850e+03
8.046576536417007446e+03
8.054202972412109375e+03
8.062010509729385376e+03
8.069635991573333740e+03
8.077367489099502563e+03
8.085259123325347900e+03
8.093030647754669189e+03
8.100781144380569458e+03
8.108549667596817017e+03
8.116377232789993286e+03
8.124252890348434448e+03
8.132089463233947754e+03
8.140050495147705078e+03
8.147852073907852173e+03
8.155265396595001221e+03
8.162791637897491455e+03
8.170668794155120850e+03
8.178080064058303833e+03
8.185550869703292847e+03
8.193170665979385376e+03
8.200577325820922852e+03
8.208201746463775635e+03
8.215763123273849487e+03
8.223217436552047729e+03
8.230997955083847046e+03
8.238588525295257568e+03
8.246027813434600830e+03
8.253936450719833374e+03
8.261404760599136353e+03
8.268932099103927612e+03
8.276804711818695068e+03
8.284233978509902954e+03
8.292105279684066772e+03
8.299962866306304932e+03
8.307435178518295288e+03
8.315605988502502441e+03
8.323101755142211914e+03
8.330629274368286133e+03
8.338498868227005005e+03
8.346040299892425537e+03
8.353737938165664673e+03
8.361948846578598022e+03
8.369682611227035522e+03
8.377369076490402222e+03
8.385086300611495972e+03
8.392494624137878418e+03
8.400247476816177368e+03
8.408015986680984497e+03
8.415737722873687744e+03
8.423477225780487061e+03
8.430855471611022949e+03
8.438670072555541992e+03
8.446523226976394653e+03
8.454005589962005615e+03
8.461744093179702759e+03
8.469291864395141602e+03
8.476717193603515625e+03
8.484217526912689209e+03
8.491633799314498901e+03
8.499048071622848511e+03
8.506491363525390625e+03
8.513928723335266113e+03
8.521415277242660522e+03
8.528860964298248291e+03
8.536300175189971924e+03
8.543713461160659790e+03
8.551114708900451660e+03
8.558525952100753784e+03
8.565936115264892578e+03
8.573389011621475220e+03
8.580793276786804199e+03
8.588204545736312866e+03
8.595641833543777466e+03
8.603089129209518433e+03
8.610567460298538208e+03
8.618000798463821411e+03
8.625417086124420166e+03
8.632906486511230469e+03
8.640329764604568481e+03
8.647749090671539307e+03
8.655175455093383789e+03
8.662581804037094116e+03
8.669988115310668945e+03
8.677423460245132446e+03
8.684825723648071289e+03
8.692223990440368652e+03
8.699660325050354004e+03
8.707093523502349854e+03
8.714538530111312866e+03
8.721970865726470947e+03
8.729362179279327393e+03
8.736792462587356567e+03
8.744218230485916138e+03
8.751637174367904663e+03
8.759076123476028442e+03
8.766474383115768433e+03
8.773893711090087891e+03
8.781304060935974121e+03
8.788729393243789673e+03
8.796164278984069824e+03
8.803591560363769531e+03
8.811027913093566895e+03
8.818597295522689819e+03
8.826011076927185059e+03
8.833464442014694214e+03
8.840902767419815063e+03
8.848316126585006714e+03
8.855743421077728271e+03
8.863190715789794922e+03
8.870651021242141724e+03
8.878066306591033936e+03
8.885483580589294434e+03
8.892910847187042236e+03
8.900345133781433105e+03
8.907794996023178101e+03
8.915243292093276978e+03
8.922678565025329590e+03
8.930138259410858154e+03
8.937554520130157471e+03
8.944968817472457886e+03
8.952440304994583130e+03
8.959880789756774902e+03
8.967312273979187012e+03
8.974802849054336548e+03
8.982239122867584229e+03
8.989708432912826538e+03
8.997142719030380249e+03
9.004593016147613525e+03
9.012032750844955444e+03
9.019495057106018066e+03
9.026936344861984253e+03
9.034365678787231445e+03
9.041811026811599731e+03
9.049286340951919556e+03
9.056735489845275879e+03
9.064276851654052734e+03
9.071709189414978027e+03
9.079119445562362671e+03
9.086597792625427246e+03
9.094017099857330322e+03
9.101443466186523438e+03
9.108909788370132446e+03
9.116354067564010620e+03
9.123802363395690918e+03
9.131201709747314453e+03
9.138623000144958496e+03
9.146058274030685425e+03
9.153488614797592163e+03
9.160919983386993408e+03
9.168345282077789307e+03
9.175798598766326904e+03
9.183251880884170532e+03
9.190669226646423340e+03
9.198112537384033203e+03
9.205528885364532471e+03
9.212949146270751953e+03
9.220375462055206299e+03
9.227820846080780029e+03
9.235304152250289917e+03
9.242749478340148926e+03
9.250256817102432251e+03
9.257712154150009155e+03
9.265217478036880493e+03
9.272807872533798218e+03
9.280278339624404907e+03
9.287838701725006104e+03
9.295426096916198730e+03
9.302910491228103638e+03
9.310522904396057129e+03
9.318067371129989624e+03
9.325496654272079468e+03
9.333149149179458618e+03
9.340661558389663696e+03
9.348178961992263794e+03
9.355858480453491211e+03
9.363321786403656006e+03
9.370855158805847168e+03
9.378524673700332642e+03
9.385976971387863159e+03
9.393550380706787109e+03
9.401079824447631836e+03
9.408514126539230347e+03
9.416151556253433228e+03
9.423724941253662109e+03
9.431207261562347412e+03
9.438905753612518311e+03
9.446343521833419800e+03
9.453843171596527100e+03
9.461466642379760742e+03
9.468969202995300293e+03
9.476510565519332886e+03
9.484086985588073730e+03
9.491700398921966553e+03
9.499334827423095703e+03
9.506851437568664551e+03
9.514292747259140015e+03
9.521977211713790894e+03
9.529431404590606689e+03
9.536934342861175537e+03
9.544575908422470093e+03
9.552039216041564941e+03
9.559524536848068237e+03
9.567011992692947388e+03
9.574618399143218994e+03
9.582144047021865845e+03
9.589781476259231567e+03
9.597243768692016602e+03
9.604827160120010376e+03
9.612493625402450562e+03
9.620133079528808594e+03
9.628153903007507324e+03
9.636240778684616089e+03
9.643729109764099121e+03
9.651434596776962280e+03
9.658903946399688721e+03
9.666498412847518921e+03
9.674110873222351074e+03
9.681625214815139771e+03
9.689252625226974487e+03
9.696843056201934814e+03
9.704315424919128418e+03
9.711969926357269287e+03
9.719591395854949951e+03
9.727109761238098145e+03
9.734822244644165039e+03
9.742302564144134521e+03
9.749818907976150513e+03
9.757461394548416138e+03
9.764925595283508301e+03
9.772538008689880371e+03
9.780170434713363647e+03
9.787640307664871216e+03
9.795332883358001709e+03
9.802898358106613159e+03
9.810347654581069946e+03
9.818220266103744507e+03
9.825702571868896484e+03
9.833208909749984741e+03
9.840878375530242920e+03
9.848366010904312134e+03
9.855899367809295654e+03
9.863583886384963989e+03
9.871063251733779907e+03
9.878710675239562988e+03
9.886390724658966064e+03
9.893893059253692627e+03
9.901684599399566650e+03
9.909226961612701416e+03
9.916732298612594604e+03
9.924469813823699951e+03
9.932027173042297363e+03
9.939671609401702881e+03
9.947347064971923828e+03
9.954860624551773071e+03
9.962549270629882812e+03
9.970179693698883057e+03
9.977644397735595703e+03
9.985541013002395630e+03
9.993034903049468994e+03
1.000053728747367859e+04
1.000839531373977661e+04
1.001590429043769836e+04
1.002347260904312134e+04
1.003148430514335632e+04
1.003944996881484985e+04
1.004750267457962036e+04
1.005528350877761841e+04
1.006308105373382568e+04
1.007091862630844116e+04
1.007886327481269836e+04
1.008658176207542419e+04
1.009451340198516846e+04
1.010225990939140320e+04
1.011029462265968323e+04
1.011819453907012939e+04
1.012592618203163147e+04
1.013366968846321106e+04
1.014140718865394592e+04
1.014912072753906250e+04
1.015696930789947510e+04
1.016482689523696899e+04
1.017256439709663391e+04
1.018029889559745789e+04
1.018812045764923096e+04
1.019584401559829712e+04
1.020358151602745056e+04
1.021140708065032959e+04
1.021932871198654175e+04
1.022717414546012878e+04
1.023490064001083374e+04
1.024263217306137085e+04
1.025054081010818481e+04
1.025833734488487244e+04
1.026630400371551514e+04
1.027408457326889038e+04
1.028185609769821167e+04
1.028977672958374023e+04
1.029757127022743225e+04
1.030532578468322754e+04
1.031328644394874573e+04
1.032112101483345032e+04
1.032890554976463318e+04
1.033668908667564392e+04
1.034453766417503357e+04
1.035240028691291809e+04
1.036021538972854614e+04
1.036807397794723511e+04
1.037594168305397034e+04
1.038378125476837158e+04
1.039154277396202087e+04
1.039931229758262634e+04
1.040711284375190735e+04
1.041518758535385132e+04
1.042342690277099609e+04
1.043133752608299255e+04
1.043933621335029602e+04
1.044714876747131348e+04
1.045505739021301270e+04
1.046302805924415588e+04
1.047089765429496765e+04
1.047876524710655212e+04
1.048666286253929138e+04
1.049462352180480957e+04
1.050252814316749573e+04
1.051064891672134399e+04
1.051862658882141113e+04
1.052645515656471252e+04
1.053429072618484497e+04
1.054208126521110535e+04
1.054984978938102722e+04
1.055765333843231201e+04
1.056542245435714722e+04
1.057314494514465332e+04
1.058094555616378784e+04
1.058870807456970215e+04
1.059654464650154114e+04
1.060433218359947205e+04
1.061214774060249329e+04
1.062002839589118958e+04
1.062797803473472595e+04
1.063572155499458313e+04
1.064347005510330200e+04
1.065150777840614319e+04
1.065926327943801880e+04
1.066699880123138428e+04
1.067498849487304688e+04
1.068281704688072205e+04
1.069076870036125183e+04
1.069858525848388672e+04
1.070633982515335083e+04
1.071413436746597290e+04
1.072199295902252197e+04
1.072981057310104370e+04
1.073755507969856262e+04
1.074549572563171387e+04
1.075323422813415527e+04
1.076099974918365479e+04
1.076879028868675232e+04
1.077654480195045471e+04
1.078431432723999023e+04
1.079207485747337341e+04
1.079994243764877319e+04
1.080778301262855530e+04
1.081573167896270752e+04
1.082351920151710510e+04
1.083140582227706909e+04
1.083915832114219666e+04
1.084713098955154419e+04
1.085491652536392212e+04
1.086270105981826782e+04
1.087063970446586609e+04
1.087850930142402649e+04
1.088641692328453064e+04
1.089431255030632019e+04
1.090227019357681274e+04
1.091007374262809753e+04
1.091800939846038818e+04
1.092585496330261230e+04
1.093388767457008362e+04
1.094183132243156433e+04
1.094961488986015320e+04
1.095764359831809998e+04
1.096551825213432312e+04
1.097369912409782410e+04
1.098155959582328796e+04
1.098909399986267090e+04
1.099677751135826111e+04
1.100458766651153564e+04
1.101209567284584045e+04
1.101990221095085144e+04
1.102750364995002747e+04
1.103505300402641296e+04
1.105142697000503540e+04
1.106379817414283752e+04
1.107249635839462280e+04
1.108156903314590454e+04
1.109010260009765625e+04
1.109930464363098145e+04
1.110761605310440063e+04
1.111581288075447083e+04
1.112419685792922974e+04
1.113244322204589844e+04
1.114266604089736938e+04
1.115092040991783142e+04
1.115902967619895935e+04
1.116706089448928833e+04
1.117501855278015137e+04
1.118335548043251038e+04
1.119150127172470093e+04
1.119968208956718445e+04
1.120783638644218445e+04
1.121608626699447632e+04
1.122535785865783691e+04
1.123447083854675293e+04
1.124759216833114624e+04
1.125607369804382324e+04
1.126486544966697693e+04
1.127311481499671936e+04
1.128197111153602600e+04
1.129045314311981201e+04
1.129855790472030640e+04
1.130667217469215393e+04
1.131467996144294739e+04
1.132272669315338135e+04
1.133110264849662781e+04
1.133950362205505371e+04
1.134907767796516418e+04
1.135846963906288147e+04
1.136690613675117493e+04
1.137533513045310974e+04
1.138328228044509888e+04
1.139202649807929993e+04
1.140041045904159546e+04
1.140855525231361389e+04
