1.456037282943725586e+00
2.837519407272338867e+00
4.223519325256347656e+00
5.593979120254516602e+00
6.948755741119384766e+00
8.325734138488769531e+00
9.679697513580322266e+00
1.110004162788391113e+01
1.246800065040588379e+01
1.391252851486206055e+01
1.545662689208984375e+01
1.687763786315917969e+01
1.826462388038635254e+01
1.965461254119873047e+01
2.101958322525024414e+01
2.246499133110046387e+01
2.384797477722167969e+01
2.523596215248107910e+01
2.669900298118591309e+01
2.819406652450561523e+01
2.996532607078552246e+01
3.161900281906127930e+01
3.312057065963745117e+01
3.469071841239929199e+01
3.610022020339965820e+01
3.753123879432678223e+01
3.905882620811462402e+01
4.054288077354431152e+01
4.214051747322082520e+01
4.382771730422973633e+01
4.558096528053283691e+01
4.725716543197631836e+01
4.872170758247375488e+01
5.024429011344909668e+01
5.170783066749572754e+01
5.320289444923400879e+01
5.464441967010498047e+01
5.621103429794311523e+01
5.764281082153320312e+01
5.909234142303466797e+01
6.052686190605163574e+01
6.200641465187072754e+01
6.344643855094909668e+01
6.492198872566223145e+01
6.640104055404663086e+01
6.786508274078369141e+01
6.933213877677917480e+01
7.077966833114624023e+01
7.229224419593811035e+01
7.374077510833740234e+01
7.520394897460937500e+01
7.665197920799255371e+01
7.813203215599060059e+01
7.962359285354614258e+01
8.107762670516967773e+01
8.267025971412658691e+01
8.413580274581909180e+01
8.561435437202453613e+01
8.708940339088439941e+01
8.859347367286682129e+01
9.004950928688049316e+01
9.163613772392272949e+01
9.317973566055297852e+01
9.480389070510864258e+01
9.650910449028015137e+01
9.813375973701477051e+01
9.967935895919799805e+01
1.012349653244018555e+02
1.027895715236663818e+02
1.042826328277587891e+02
1.057431716918945312e+02
1.073353047370910645e+02
1.088713977336883545e+02
1.103829724788665771e+02
1.118395082950592041e+02
1.133165590763092041e+02
1.147971119880676270e+02
1.163146920204162598e+02
1.177932438850402832e+02
1.193188288211822510e+02
1.208602929115295410e+02
1.223433475494384766e+02
1.237783679962158203e+02
1.253099575042724609e+02
1.267965154647827148e+02
1.282640593051910400e+02
1.297606236934661865e+02
1.312296686172485352e+02
1.326837027072906494e+02
1.341747636795043945e+02
1.356232945919036865e+02
1.370893361568450928e+02
1.385648860931396484e+02
1.401154885292053223e+02
1.416525824069976807e+02
1.431101186275482178e+02
1.445996782779693604e+02
1.460602178573608398e+02
1.476608562469482422e+02
1.491143898963928223e+02
1.505789320468902588e+02
1.521195275783538818e+02
1.535765645503997803e+02
1.550348474979400635e+02
1.565128996372222900e+02
1.579659328460693359e+02
1.594479870796203613e+02
1.609195337295532227e+02
1.624075920581817627e+02
1.638536205291748047e+02
1.654537589550018311e+02
1.670538971424102783e+02
1.687651150226593018e+02
1.703822646141052246e+02
1.719758982658386230e+02
1.735044851303100586e+02
1.750125582218170166e+02
1.765316386222839355e+02
1.780682315826416016e+02
1.796538596153259277e+02
1.813245477676391602e+02
1.828301188945770264e+02
1.842456259727478027e+02
1.856771438121795654e+02
1.871351811885833740e+02
1.885656986236572266e+02
1.900757732391357422e+02
1.916093642711639404e+02
1.931604671478271484e+02
1.946670391559600830e+02
1.964783272743225098e+02
1.981214959621429443e+02
1.998942570686340332e+02
2.017070469856262207e+02
2.032141184806823730e+02
2.046678929328918457e+02
2.061261785030364990e+02
2.077133066654205322e+02
2.092123732566833496e+02
2.109636189937591553e+02
2.125717632770538330e+02
2.140738308429718018e+02
2.155678935050964355e+02
2.170849733352661133e+02
2.186706013679504395e+02
2.202071940898895264e+02
2.217242732048034668e+02
2.232483572959899902e+02
2.247354149818420410e+02
2.262660033702850342e+02
2.277600667476654053e+02
2.294352588653564453e+02
2.311659891605377197e+02
2.328231675624847412e+02
2.345503966808319092e+02
2.361615424156188965e+02
2.378592503070831299e+02
2.394118542671203613e+02
2.408939085006713867e+02
2.423884716033935547e+02
2.438735284805297852e+02
2.453866043090820312e+02
2.468891730308532715e+02
2.483792331218719482e+02
2.498627879619598389e+02
2.513708605766296387e+02
2.528584189414978027e+02
2.543389723300933838e+02
2.558395397663116455e+02
2.574606933593750000e+02
2.589672644138336182e+02
2.607265160083770752e+02
2.622379269599914551e+02
2.637409946918487549e+02
2.652750861644744873e+02
2.667796561717987061e+02
2.683292584419250488e+02
2.698338294029235840e+02
2.713208863735198975e+02
2.728349633216857910e+02
2.743280253410339355e+02
2.758681209087371826e+02
2.774214200973510742e+02
2.789064757823944092e+02
2.804580798149108887e+02
2.819851658344268799e+02
2.834802300930023193e+02
2.849807965755462646e+02
2.865404059886932373e+02
2.880294668674468994e+02
2.895115199089050293e+02
2.910005784034729004e+02
2.924716250896453857e+02
2.939716916084289551e+02
2.954732604026794434e+02
2.969453201293945312e+02
2.984338784217834473e+02
2.999189348220825195e+02
3.014159996509552002e+02
3.029205706119537354e+02
