1.904761791229248047e-02
2.068965509533882141e-02
1.477832533419132233e-02
1.773398928344249725e-02
1.477832440286874771e-02
2.003283798694610596e-02
1.477832533419132233e-02
1.871921122074127197e-02
1.083743851631879807e-02
1.871921122074127197e-02
1.707717590034008026e-02
1.871921308338642120e-02
1.839080452919006348e-02
2.200328558683395386e-02
2.134647034108638763e-02
1.609195396304130554e-02
1.937602832913398743e-02
3.546797856688499451e-02
5.385878309607505798e-02
6.732348352670669556e-02
8.078818023204803467e-02
9.425286948680877686e-02
1.083743870258331299e-01
1.408867090940475464e-01
1.487684696912765503e-01
1.743842363357543945e-01
1.931034475564956665e-01
2.091954052448272705e-01
2.380952388048171997e-01
2.528735697269439697e-01
2.847290635108947754e-01
3.037766814231872559e-01
3.254515528678894043e-01
3.385878205299377441e-01
3.559933900833129883e-01
3.645319640636444092e-01
3.756978809833526611e-01
3.977011144161224365e-01
4.022988379001617432e-01
4.082101285457611084e-01
4.288997948169708252e-01
4.440065622329711914e-01
4.321838915348052979e-01
4.584564864635467529e-01
4.666666388511657715e-01
4.686370790004730225e-01
4.847290217876434326e-01
4.899834990501403809e-01
5.008209943771362305e-01
5.123152136802673340e-01
5.014777779579162598e-01
5.142856836318969727e-01
5.257799029350280762e-01
5.330048799514770508e-01
5.303775668144226074e-01
5.441706776618957520e-01
5.540229082107543945e-01
5.507388710975646973e-01
5.569785833358764648e-01
5.648603439331054688e-01
5.674875974655151367e-01
5.651887655258178711e-01
5.789818763732910156e-01
5.947453975677490234e-01
5.862068533897399902e-01
5.678160190582275391e-01
5.773398876190185547e-01
5.891624689102172852e-01
6.029555797576904297e-01
5.940885543823242188e-01
5.914613604545593262e-01
5.950738191604614258e-01
6.141214370727539062e-01
5.996715426445007324e-01
6.032840609550476074e-01
6.164203286170959473e-01
6.121510267257690430e-01
6.170771121978759766e-01
6.213463544845581055e-01
6.157634854316711426e-01
6.206895709037780762e-01
6.177339553833007812e-01
6.170771121978759766e-01
6.394087672233581543e-01
6.482757925987243652e-01
6.308701634407043457e-01
6.357963085174560547e-01
6.443349123001098633e-01
6.295565366744995117e-01
6.469621658325195312e-01
6.446633338928222656e-01
6.456485390663146973e-01
6.423644423484802246e-01
6.525450944900512695e-01
6.541870832443237305e-01
6.541870832443237305e-01
6.525450944900512695e-01
6.397372484207153320e-01
6.525450348854064941e-01
6.571428179740905762e-01
6.571427583694458008e-01
6.584563851356506348e-01
6.689654588699340820e-01
6.614121198654174805e-01
6.653529405593872070e-01
6.729063391685485840e-01
6.679801940917968750e-01
6.696223020553588867e-01
6.650245785713195801e-01
6.623972654342651367e-01
6.758619546890258789e-01
6.857142448425292969e-01
6.735631823539733887e-01
6.781607866287231445e-01
6.794744729995727539e-01
6.722494959831237793e-01
6.788176298141479492e-01
6.880130171775817871e-01
6.801312565803527832e-01
6.821016669273376465e-01
6.807880997657775879e-01
6.909686923027038574e-01
6.942528486251831055e-01
7.001641988754272461e-01
6.889982819557189941e-01
6.876846551895141602e-01
6.922823190689086914e-01
6.981937289237976074e-01
6.978652477264404297e-01
6.942527890205383301e-01
6.821017265319824219e-01
6.991788744926452637e-01
7.060754299163818359e-01
7.034481763839721680e-01
7.021345496177673340e-01
7.004925608634948730e-01
7.077174186706542969e-01
7.083743214607238770e-01
6.916254758834838867e-01
6.916255950927734375e-01
7.050902843475341797e-01
7.126435637474060059e-01
7.014778256416320801e-01
7.034482359886169434e-01
7.047618627548217773e-01
6.968800425529479980e-01
7.126436233520507812e-01
7.047618627548217773e-01
7.139571905136108398e-01
7.142856121063232422e-01
7.087027430534362793e-01
7.077175378799438477e-01
7.126435637474060059e-01
7.129719853401184082e-01
7.067322731018066406e-01
7.136288285255432129e-01
7.106730937957763672e-01
7.113299369812011719e-01
7.113299369812011719e-01
7.182265520095825195e-01
7.159276008605957031e-01
7.261083126068115234e-01
7.080458998680114746e-01
7.234810590744018555e-01
7.142856121063232422e-01
7.244662642478942871e-01
7.389161586761474609e-01
7.261083126068115234e-01
7.159276604652404785e-01
7.192117571830749512e-01
7.221673727035522461e-01
7.113299965858459473e-01
7.238094806671142578e-01
7.261081933975219727e-01
7.277503013610839844e-01
7.244662642478942871e-01
7.215105891227722168e-01
7.274218797683715820e-01
7.300491333007812500e-01
7.231526374816894531e-01
7.313627600669860840e-01
7.205253243446350098e-01
7.208537459373474121e-01
7.162560820579528809e-01
7.316911816596984863e-01
7.267650365829467773e-01
7.316912412643432617e-01
7.198685407638549805e-01
7.412149906158447266e-01
7.234810590744018555e-01
7.251231074333190918e-01
7.280787229537963867e-01
7.395730018615722656e-01
7.320196032524108887e-01
7.293923497200012207e-01
7.257798910140991211e-01
7.287355661392211914e-01
7.313628196716308594e-01
7.313627004623413086e-01
7.284071445465087891e-01
