1.707717590034008026e-02
1.379310339689254761e-02
1.379310339689254761e-02
1.444991864264011383e-02
2.003283798694610596e-02
1.642036251723766327e-02
1.839080266654491425e-02
1.609195396304130554e-02
1.904761791229248047e-02
1.642036251723766327e-02
1.937602646648883820e-02
1.674876734614372253e-02
1.576354727149009705e-02
1.510673388838768005e-02
1.609195396304130554e-02
1.477832626551389694e-02
1.773398928344249725e-02
1.510673388838768005e-02
1.970443315804004669e-02
1.937602832913398743e-02
1.707717590034008026e-02
1.970443315804004669e-02
1.609195396304130554e-02
1.740558259189128876e-02
1.871921122074127197e-02
1.806239783763885498e-02
1.806239783763885498e-02
1.871921122074127197e-02
2.036124840378761292e-02
3.415435180068016052e-02
5.385877937078475952e-02
7.750410586595535278e-02
9.425286948680877686e-02
1.303776651620864868e-01
1.573070585727691650e-01
2.072249650955200195e-01
2.262725830078125000e-01
2.548440098762512207e-01
2.853858768939971924e-01
3.165845572948455811e-01
3.303776383399963379e-01
3.454844057559967041e-01
3.668308556079864502e-01
3.832511901855468750e-01
3.954022526741027832e-01
4.243021011352539062e-01
4.229884743690490723e-01
4.367815852165222168e-01
4.479474127292633057e-01
4.620689153671264648e-01
4.679802954196929932e-01
4.676518440246582031e-01
4.922823905944824219e-01
4.968800544738769531e-01
4.893267154693603516e-01
5.142856836318969727e-01
5.037766695022583008e-01
5.198686122894287109e-01
5.326765179634094238e-01
5.369457602500915527e-01
5.497536659240722656e-01
5.507388710975646973e-01
5.619047284126281738e-01
5.517240762710571289e-01
5.628899335861206055e-01
5.750409364700317383e-01
5.812807679176330566e-01
5.934318304061889648e-01
5.891625285148620605e-01
5.908045172691345215e-01
5.940886735916137695e-01
6.055828332901000977e-01
5.904760956764221191e-01
6.059112548828125000e-01
6.059113144874572754e-01
6.072248816490173340e-01
6.049260497093200684e-01
6.164202690124511719e-01
6.243020296096801758e-01
6.216748356819152832e-01
6.236452460289001465e-01
6.328406333923339844e-01
6.206895709037780762e-01
6.387519240379333496e-01
6.410507559776306152e-01
6.371099352836608887e-01
6.417076587677001953e-01
6.295566558837890625e-01
6.558291316032409668e-01
6.459769010543823242e-01
6.505746245384216309e-01
6.561574935913085938e-01
6.591132879257202148e-01
6.357963085174560547e-01
6.541871428489685059e-01
6.617404222488403320e-01
6.630541086196899414e-01
6.558291912078857422e-01
6.630541086196899414e-01
6.574711799621582031e-01
6.653530001640319824e-01
6.663382053375244141e-01
6.725779175758361816e-01
6.637109518051147461e-01
6.561575531959533691e-01
6.804596781730651855e-01
6.778323650360107422e-01
6.794744729995727539e-01
6.781608462333679199e-01
6.834153532981872559e-01
6.725779771804809570e-01
6.729062795639038086e-01
6.857141852378845215e-01
6.958948373794555664e-01
6.962231993675231934e-01
6.844005584716796875e-01
6.798028945922851562e-01
6.821016669273376465e-01
6.863709688186645508e-01
6.863710284233093262e-01
6.926107406616210938e-01
6.761903762817382812e-01
6.906403303146362305e-01
6.932675838470458984e-01
6.919539570808410645e-01
6.958948373794555664e-01
7.041050195693969727e-01
6.965516209602355957e-01
6.995073556900024414e-01
7.027913331985473633e-01
6.972084045410156250e-01
6.955664157867431641e-01
6.965515613555908203e-01
7.083743810653686523e-01
7.090311050415039062e-01
6.962232589721679688e-01
6.998357772827148438e-01
7.067322731018066406e-01
6.995073556900024414e-01
7.034481763839721680e-01
7.146140933036804199e-01
7.103447318077087402e-01
7.162560820579528809e-01
7.064038515090942383e-01
7.103447318077087402e-01
7.155992388725280762e-01
7.142856121063232422e-01
7.126435637474060059e-01
7.093594670295715332e-01
7.064038515090942383e-01
7.175697088241577148e-01
7.146140336990356445e-01
7.146140336990356445e-01
7.185549736022949219e-01
7.133004665374755859e-01
7.152708172798156738e-01
7.155992388725280762e-01
7.188833355903625488e-01
7.178980708122253418e-01
7.100163698196411133e-01
7.165845632553100586e-01
7.195401191711425781e-01
7.205253839492797852e-01
7.090311050415039062e-01
7.172413468360900879e-01
7.208538055419921875e-01
7.221674323081970215e-01
7.297207713127136230e-01
7.159277200698852539e-01
7.215105295181274414e-01
7.228242158889770508e-01
7.261083126068115234e-01
7.313627600669860840e-01
7.218389511108398438e-01
7.198685407638549805e-01
7.280787229537963867e-01
7.142856121063232422e-01
7.241378426551818848e-01
7.241378426551818848e-01
7.261082530021667480e-01
7.182265520095825195e-01
7.215106487274169922e-01
7.320196032524108887e-01
7.241378426551818848e-01
7.293923497200012207e-01
7.267651557922363281e-01
7.201969623565673828e-01
7.267650365829467773e-01
7.297207713127136230e-01
7.241377830505371094e-01
7.343184947967529297e-01
7.257798314094543457e-01
7.343184947967529297e-01
7.241378426551818848e-01
7.310343980789184570e-01
7.323480844497680664e-01
7.297207713127136230e-01
7.244662046432495117e-01
7.349752783775329590e-01
7.346469163894653320e-01
