3.307875633239746094e+00
6.368549585342407227e+00
9.467251062393188477e+00
1.255855345726013184e+01
1.561174869537353516e+01
1.866892099380493164e+01
2.241057968139648438e+01
2.599363636970520020e+01
2.908883476257324219e+01
3.225008058547973633e+01
3.532176232337951660e+01
3.840645432472229004e+01
4.150818657875061035e+01
4.461239767074584961e+01
4.767257189750671387e+01
5.075776386260986328e+01
5.389048933982849121e+01
5.700119924545288086e+01
6.012942075729370117e+01
6.321811580657958984e+01
6.629329991340637207e+01
6.939900660514831543e+01
7.249320483207702637e+01
7.559841060638427734e+01
7.873263692855834961e+01
8.180532860755920410e+01
8.489803218841552734e+01
8.799923539161682129e+01
9.111044502258300781e+01
9.420865893363952637e+01
9.728334355354309082e+01
1.004390852451324463e+02
1.035092658996582031e+02
1.066349871158599854e+02
1.098102486133575439e+02
1.128904366493225098e+02
1.160322000980377197e+02
1.190983779430389404e+02
1.221970794200897217e+02
1.253228001594543457e+02
1.284445176124572754e+02
1.315442268848419189e+02
1.346289191246032715e+02
1.378797276020050049e+02
1.410054485797882080e+02
1.441401751041412354e+02
1.472110753059387207e+02
1.502962675094604492e+02
1.535916090011596680e+02
1.566762995719909668e+02
1.597995181083679199e+02
1.629342455863952637e+02
1.660374503135681152e+02
1.691256437301635742e+02
1.722418575286865234e+02
1.754681739807128906e+02
1.788020422458648682e+02
1.819709565639495850e+02
1.850486431121826172e+02
1.881698706150054932e+02
1.912080290317535400e+02
1.943067302703857422e+02
1.974169397354125977e+02
2.005426599979400635e+02
2.036398603916168213e+02
2.067991044521331787e+02
2.099118158817291260e+02
2.129820036888122559e+02
2.161152286529541016e+02
2.191774044036865234e+02
2.222500927448272705e+02
2.253448143005371094e+02
2.284905495643615723e+02
2.315699744224548340e+02
2.346811847686767578e+02
2.377865593433380127e+02
2.408752532005310059e+02
2.443437173366546631e+02
2.474439206123352051e+02
2.505381181240081787e+02
2.536873784065246582e+02
2.569476950168609619e+02
2.601044373512268066e+02
2.633212227821350098e+02
2.664779646396636963e+02
2.697047572135925293e+02
2.728243451118469238e+02
2.759440622329711914e+02
2.790862941741943359e+02
2.822510430812835693e+02
2.853812661170959473e+02
2.884559500217437744e+02
2.915456459522247314e+02
2.947489211559295654e+02
2.979021613597869873e+02
3.010003616809844971e+02
3.041490988731384277e+02
3.072877862453460693e+02
3.103479597568511963e+02
3.134661896228790283e+02
3.165753974914550781e+02
3.196776013374328613e+02
3.227677962779998779e+02
3.259210374355316162e+02
3.290352489948272705e+02
3.321234433650970459e+02
3.352987110614776611e+02
3.384099285602569580e+02
3.415016219615936279e+02
3.446323459148406982e+02
3.477841308116912842e+02
3.510079216957092285e+02
3.541601610183715820e+02
3.574119706153869629e+02
3.605637173652648926e+02
3.636611809730529785e+02
3.667398684024810791e+02
3.698550815582275391e+02
3.729613020420074463e+02
3.760554866790771484e+02
3.791501843929290771e+02
3.822974717617034912e+02
3.853991603851318359e+02
3.885609381198883057e+02
3.917467010021209717e+02
3.948884332180023193e+02
3.981717660427093506e+02
4.013355209827423096e+02
4.046673946380615234e+02
4.079197118282318115e+02
4.111755247116088867e+02
4.143848345279693604e+02
4.175210626125335693e+02
4.207790446281433105e+02
4.239933283329010010e+02
4.272366328239440918e+02
4.304554617404937744e+02
4.337272856235504150e+02
4.368545069694519043e+02
4.409609310626983643e+02
4.447311098575592041e+02
4.480314111709594727e+02
4.513968021869659424e+02
4.548887906074523926e+02
4.584693334102630615e+02
4.619630038738250732e+02
4.652743568420410156e+02
4.685051519870758057e+02
4.717499563694000244e+02
4.749437253475189209e+02
4.782301352024078369e+02
4.813783717155456543e+02
4.846216807365417480e+02
4.880781359672546387e+02
4.914680445194244385e+02
4.948779668807983398e+02
4.984480025768280029e+02
5.017578544616699219e+02
5.051862900257110596e+02
5.085541932582855225e+02
5.119075763225555420e+02
5.152709655761718750e+02
5.185878212451934814e+02
5.220282652378082275e+02
5.252970874309539795e+02
5.286894977092742920e+02
5.319658250808715820e+02
5.353557407855987549e+02
5.389007515907287598e+02
5.422796518802642822e+02
5.458621973991394043e+02
5.491565370559692383e+02
5.524418716430664062e+02
5.558944151401519775e+02
5.591957826614379883e+02
5.625226459503173828e+02
5.659010465145111084e+02
5.692234475612640381e+02
5.726814048290252686e+02
5.758421492576599121e+02
5.790809504985809326e+02
5.822352032661437988e+02
5.853894441127777100e+02
5.885982236862182617e+02
5.918675460815429688e+02
5.950493071079254150e+02
5.983361413478851318e+02
6.014914150238037109e+02
6.047252120971679688e+02
6.080505750179290771e+02
6.112113201618194580e+02
6.143565542697906494e+02
6.176223745346069336e+02
6.208101391792297363e+02
6.248570518493652344e+02
6.285651862621307373e+02
6.329012665748596191e+02
6.361795845031738281e+02
6.393658480644226074e+02
6.425175869464874268e+02
