3.737155675888061523e+00
7.360229492187500000e+00
1.109089970588684082e+01
1.458336663246154785e+01
1.816446948051452637e+01
2.165995287895202637e+01
2.532605791091918945e+01
2.887157630920410156e+01
3.238357186317443848e+01
3.592308545112609863e+01
3.943057775497436523e+01
4.305715417861938477e+01
4.664170098304748535e+01
5.042989110946655273e+01
5.406901669502258301e+01
5.765956687927246094e+01
6.118006896972656250e+01
6.468806052207946777e+01
6.825809645652770996e+01
7.197823977470397949e+01
7.571539378166198730e+01
7.946305608749389648e+01
8.305460786819458008e+01
8.682979083061218262e+01
9.052237606048583984e+01
9.415745854377746582e+01
9.770898151397705078e+01
1.012284820079803467e+02
1.048655657768249512e+02
1.084610581398010254e+02
1.122112219333648682e+02
1.157117097377777100e+02
1.195436325073242188e+02
1.232943038940429688e+02
1.273762025833129883e+02
1.310653235912322998e+02
1.346443660259246826e+02
1.383204886913299561e+02
1.418700103759765625e+02
1.453975243568420410e+02
1.489665594100952148e+02
1.524645447731018066e+02
1.560621004104614258e+02
1.597217004299163818e+02
1.632872331142425537e+02
1.668217442035675049e+02
1.703957929611206055e+02
1.742695448398590088e+02
1.778881151676177979e+02
1.822472121715545654e+02
1.860694279670715332e+02
1.896829943656921387e+02
1.936187908649444580e+02
1.975295693874359131e+02
2.014528567790985107e+02
2.052776112556457520e+02
2.090462892055511475e+02
2.128064596652984619e+02
2.164525504112243652e+02
2.202833149433135986e+02
2.239239013195037842e+02
2.299892103672027588e+02
2.341241786479949951e+02
2.381905677318572998e+02
2.422654628753662109e+02
2.464474332332611084e+02
2.500875339508056641e+02
2.552602090835571289e+02
2.590639314651489258e+02
2.641240262985229492e+02
2.687087833881378174e+02
2.729387798309326172e+02
2.770051755905151367e+02
2.809369692802429199e+02
2.848657667636871338e+02
2.896621744632720947e+02
2.940768527984619141e+02
2.987286579608917236e+02
3.029121384620666504e+02
3.068219170570373535e+02
3.112190406322479248e+02
3.159439222812652588e+02
3.198732206821441650e+02
3.240391800403594971e+02
3.280100007057189941e+02
3.315685677528381348e+02
3.350937631130218506e+02
3.391631643772125244e+02
3.432050359249114990e+02
3.471678767204284668e+02
3.510141093730926514e+02
3.549758222103118896e+02
3.590241978168487549e+02
3.629614951610565186e+02
3.667321739196777344e+02
3.706259400844573975e+02
3.745577397346496582e+02
3.783214130401611328e+02
3.822612121105194092e+02
3.861159512996673584e+02
3.900265197753906250e+02
3.935985577106475830e+02
3.971861486434936523e+02
4.008057200908660889e+02
4.044938399791717529e+02
4.081469426155090332e+02
4.117144770622253418e+02
4.152740225791931152e+02
4.188130371570587158e+02
4.224090991020202637e+02
4.260386769771575928e+02
4.295998759269714355e+02
4.331564028263092041e+02
4.368084976673126221e+02
4.404247331619262695e+02
4.440508091449737549e+02
4.475908243656158447e+02
4.511688735485076904e+02
4.547894797325134277e+02
4.586212246417999268e+02
4.622452995777130127e+02
4.660280199050903320e+02
4.696140763759613037e+02
4.732561631202697754e+02
4.771274249553680420e+02
4.808523569107055664e+02
4.845830080509185791e+02
4.881851043701171875e+02
4.920028326511383057e+02
4.956048760414123535e+02
4.994446034431457520e+02
5.031402282714843750e+02
5.067487919330596924e+02
5.105605196952819824e+02
5.142221207618713379e+02
5.179832928180694580e+02
5.217664811611175537e+02
5.254495973587036133e+02
5.292923264503479004e+02
5.331780872344970703e+02
5.369457643032073975e+02
5.405943555831909180e+02
5.443555278778076172e+02
5.480946838855743408e+02
5.519624321460723877e+02
5.557686364650726318e+02
5.594702942371368408e+02
5.632739968299865723e+02
5.669120805263519287e+02
5.706839256286621094e+02
5.744310882091522217e+02
5.782783279418945312e+02
5.823722362518310547e+02
5.864616491794586182e+02
5.901417627334594727e+02
5.937072961330413818e+02
5.973678963184356689e+02
6.009069108963012695e+02
6.046895978450775146e+02
6.088435482978820801e+02
6.129859914779663086e+02
6.168802583217620850e+02
6.211848158836364746e+02
6.250070307254791260e+02
6.290173807144165039e+02
6.329161565303802490e+02
6.367728960514068604e+02
6.403499736785888672e+02
6.439485301971435547e+02
6.478207807540893555e+02
6.516431205272674561e+02
6.553657658100128174e+02
6.590589108467102051e+02
6.627050008773803711e+02
6.663065595626831055e+02
6.698815994262695312e+02
6.735106775760650635e+02
6.771202416419982910e+02
6.811356017589569092e+02
6.849823346138000488e+02
6.887329998016357422e+02
6.925562152862548828e+02
6.964194598197937012e+02
7.003452482223510742e+02
7.043709056377410889e+02
7.084190454483032227e+02
7.122732830047607422e+02
7.161010024547576904e+02
7.197415885925292969e+02
7.235047621726989746e+02
7.272399482727050781e+02
7.310911982059478760e+02
7.350730271339416504e+02
7.393015308380126953e+02
7.431472632884979248e+02
7.470550389289855957e+02
7.509368114471435547e+02
7.548605990409851074e+02
7.586192691326141357e+02
7.622573535442352295e+02
