4.321581363677978516e+00
8.352444171905517578e+00
1.237130784988403320e+01
1.642218661308288574e+01
2.058013916015625000e+01
2.435084128379821777e+01
2.833218240737915039e+01
3.226947879791259766e+01
3.604215955734252930e+01
3.996081495285034180e+01
4.377552509307861328e+01
4.755821299552917480e+01
5.151352262496948242e+01
5.524917602539062500e+01
5.927303504943847656e+01
6.325886654853820801e+01
6.740230941772460938e+01
7.154175043106079102e+01
7.550658297538757324e+01
7.930826759338378906e+01
8.332261991500854492e+01
8.733547067642211914e+01
9.137033748626708984e+01
9.521406769752502441e+01
9.955115461349487305e+01
1.033703811168670654e+02
1.072811594009399414e+02
1.113255414962768555e+02
1.164031491279602051e+02
1.213581688404083252e+02
1.259244132041931152e+02
1.300363337993621826e+02
1.350273940563201904e+02
1.390767800807952881e+02
1.431767008304595947e+02
1.472621026039123535e+02
1.513465044498443604e+02
1.554203991889953613e+02
1.607211647033691406e+02
1.646814775466918945e+02
1.686963295936584473e+02
1.725200464725494385e+02
1.764283349514007568e+02
1.803521471023559570e+02
1.841538903713226318e+02
1.879250700473785400e+02
1.917507977485656738e+02
1.955384881496429443e+02
1.993997411727905273e+02
2.032409901618957520e+02
2.070161714553833008e+02
2.108809168338775635e+02
2.148632464408874512e+02
2.198237776756286621e+02
2.247297708988189697e+02
2.287085981369018555e+02
2.325558309555053711e+02
2.363460233211517334e+02
2.401442220211029053e+02
2.440920555591583252e+02
2.479097673892974854e+02
2.517215054035186768e+02
2.555692515373229980e+02
2.593459351062774658e+02
2.631346261501312256e+02
2.670824308395385742e+02
2.708360981941223145e+02
2.746147818565368652e+02
2.784134812355041504e+02
2.822452204227447510e+02
2.860359134674072266e+02
2.898406169414520264e+02
2.936693403720855713e+02
2.974770448207855225e+02
3.013312835693359375e+02
3.050954582691192627e+02
3.088791453838348389e+02
3.126833164691925049e+02
3.165075335502624512e+02
3.204396042823791504e+02
3.242332985401153564e+02
3.286744542121887207e+02
3.329319787025451660e+02
3.369483318328857422e+02
3.407682468891143799e+02
3.447071392536163330e+02
3.484688305854797363e+02
3.523040621280670166e+02
3.561318051815032959e+02
3.599275016784667969e+02
3.644517233371734619e+02
3.687718019485473633e+02
3.733465535640716553e+02
3.773624348640441895e+02
3.811801750659942627e+02
3.850018901824951172e+02
3.887991104125976562e+02
3.925862932205200195e+02
3.963810212612152100e+02
4.001722428798675537e+02
4.039694488048553467e+02
4.077486336231231689e+02
4.115498337745666504e+02
4.153155088424682617e+02
4.190986967086791992e+02
4.232671582698822021e+02
4.270638554096221924e+02
4.308435401916503906e+02
4.346852693557739258e+02
4.385149900913238525e+02
4.422911725044250488e+02
4.460918726921081543e+02
4.499781334400177002e+02
4.538048524856567383e+02
4.578822631835937500e+02
4.617550146579742432e+02
4.659434897899627686e+02
4.697817170619964600e+02
4.736039414405822754e+02
4.774651849269866943e+02
4.812803955078125000e+02
4.850530385971069336e+02
4.888732533454895020e+02
4.926764547824859619e+02
4.973832986354827881e+02
5.013040843009948730e+02
5.052043547630310059e+02
5.090365769863128662e+02
5.130279126167297363e+02
5.168281128406524658e+02
5.206273224353790283e+02
5.245506162643432617e+02
5.283973498344421387e+02
5.321840393543243408e+02
5.360998208522796631e+02
5.398950178623199463e+02
5.436696989536285400e+02
5.474764027595520020e+02
5.512715995311737061e+02
5.550888109207153320e+02
5.588704974651336670e+02
5.626952288150787354e+02
5.664498960971832275e+02
5.702641057968139648e+02
5.741263494491577148e+02
5.779485645294189453e+02
5.823251819610595703e+02
5.863980748653411865e+02
5.906195745468139648e+02
5.947660198211669922e+02
5.988334171772003174e+02
6.028407642841339111e+02
6.069822061061859131e+02
6.114914095401763916e+02
6.157234375476837158e+02
6.198418629169464111e+02
6.236730844974517822e+02
6.274607760906219482e+02
6.314921393394470215e+02
6.362590258121490479e+02
6.406506454944610596e+02
6.448711438179016113e+02
6.490591187477111816e+02
6.529864091873168945e+02
6.569482233524322510e+02
6.607944555282592773e+02
6.648478355407714844e+02
6.688431735038757324e+02
6.727354390621185303e+02
6.768443577289581299e+02
6.806850862503051758e+02
6.846899318695068359e+02
6.888524072170257568e+02
6.927656934261322021e+02
6.966384449005126953e+02
7.006042616367340088e+02
7.045855906009674072e+02
7.084928660392761230e+02
7.124491767883300781e+02
7.163239290714263916e+02
7.201636571884155273e+02
7.240874445438385010e+02
7.279402074813842773e+02
7.317514157295227051e+02
7.356256670951843262e+02
7.395434639453887939e+02
7.433401603698730469e+02
7.471468777656555176e+02
7.509646170139312744e+02
7.547928357124328613e+02
7.586520774364471436e+02
7.624878025054931641e+02
7.663595526218414307e+02
7.702177934646606445e+02
7.740440115928649902e+02
7.779277706146240234e+02
7.817927136421203613e+02
7.862874069213867188e+02
7.906310021877288818e+02
7.946378779411315918e+02
