1.379310432821512222e-02
1.707717403769493103e-02
1.839080266654491425e-02
1.970443315804004669e-02
2.167487703263759613e-02
1.839080266654491425e-02
1.576354540884494781e-02
1.707717590034008026e-02
1.806239597499370575e-02
1.806239783763885498e-02
1.674876734614372253e-02
1.477832533419132233e-02
1.313628815114498138e-02
1.904761791229248047e-02
2.167487516999244690e-02
1.806239783763885498e-02
1.609195396304130554e-02
2.003283984959125519e-02
1.806239597499370575e-02
2.068965509533882141e-02
2.134646847844123840e-02
1.773399114608764648e-02
1.313628815114498138e-02
1.576354540884494781e-02
1.970443502068519592e-02
2.068965509533882141e-02
1.576354727149009705e-02
1.674876920878887177e-02
1.674876920878887177e-02
2.101806178689002991e-02
2.331691235303878784e-02
1.904761791229248047e-02
2.068965509533882141e-02
2.068965509533882141e-02
1.970443129539489746e-02
1.970443315804004669e-02
2.430213429033756256e-02
2.266009710729122162e-02
2.397372759878635406e-02
2.627257816493511200e-02
3.382594138383865356e-02
4.105090349912643433e-02
4.203612357378005981e-02
5.550082400441169739e-02
6.699507683515548706e-02
8.440065383911132812e-02
9.031198173761367798e-02
8.768473565578460693e-02
9.983579814434051514e-02
1.149425283074378967e-01
1.293924450874328613e-01
1.333333253860473633e-01
1.405582875013351440e-01
1.467980295419692993e-01
1.678160727024078369e-01
1.825944185256958008e-01
1.977011412382125854e-01
2.059113383293151855e-01
2.200328409671783447e-01
2.430213391780853271e-01
2.568144798278808594e-01
2.761904895305633545e-01
2.899835705757141113e-01
2.784893214702606201e-01
3.064039349555969238e-01
3.070607483386993408e-01
3.093595802783966064e-01
3.310344517230987549e-01
3.379310071468353271e-01
3.642036318778991699e-01
3.494253158569335938e-01
3.671592772006988525e-01
3.668308556079864502e-01
3.888341188430786133e-01
3.934318423271179199e-01
4.016419947147369385e-01
4.049260616302490234e-01
4.065681099891662598e-01
4.164203405380249023e-01
4.252873361110687256e-01
4.252873361110687256e-01
4.410508573055267334e-01
4.403940737247467041e-01
4.459769725799560547e-01
4.459770023822784424e-01
4.502462744712829590e-01
4.591132998466491699e-01
4.653530418872833252e-01
4.738915860652923584e-01
4.686371088027954102e-01
4.768472611904144287e-01
4.699506759643554688e-01
4.729063808917999268e-01
4.837438166141510010e-01
4.752052426338195801e-01
5.060755014419555664e-01
5.106731653213500977e-01
5.060755014419555664e-01
5.142856836318969727e-01
5.142856836318969727e-01
5.054187178611755371e-01
5.238094925880432129e-01
5.100164413452148438e-01
5.349752902984619141e-01
5.195401906967163086e-01
5.257799029350280762e-01
5.320196151733398438e-01
5.221675038337707520e-01
5.205253958702087402e-01
5.201969742774963379e-01
5.366173982620239258e-01
5.481116175651550293e-01
5.500820279121398926e-01
5.277503728866577148e-01
5.451559424400329590e-01
5.589490532875061035e-01
5.533660650253295898e-01
5.448275804519653320e-01
5.441707372665405273e-01
5.642035603523254395e-01
5.609195232391357422e-01
5.592774748802185059e-01
5.520524978637695312e-01
5.661739706993103027e-01
5.839080214500427246e-01
5.543513298034667969e-01
5.737273693084716797e-01
5.688012838363647461e-01
5.816091299057006836e-01
5.753693580627441406e-01
5.681444406509399414e-01
5.878489017486572266e-01
5.770114064216613770e-01
5.793102383613586426e-01
5.816091299057006836e-01
5.825943350791931152e-01
5.891625285148620605e-01
5.740557312965393066e-01
5.957306623458862305e-01
6.075533628463745117e-01
5.931033492088317871e-01
5.977010726928710938e-01
5.957306623458862305e-01
6.029555797576904297e-01
5.980294942855834961e-01
6.059112548828125000e-01
5.983579158782958984e-01
6.026271581649780273e-01
6.029555797576904297e-01
6.108373999595642090e-01
6.134646534919738770e-01
6.177338957786560059e-01
6.019703745841979980e-01
6.147782802581787109e-01
6.022987961769104004e-01
6.118226051330566406e-01
6.223316192626953125e-01
6.167486906051635742e-01
6.190475225448608398e-01
6.252872943878173828e-01
6.226600408554077148e-01
6.197043657302856445e-01
6.167486906051635742e-01
6.213463544845581055e-01
6.269293427467346191e-01
6.223316192626953125e-01
6.183907985687255859e-01
6.141214370727539062e-01
6.357963085174560547e-01
6.233168840408325195e-01
6.377667188644409180e-01
6.334974169731140137e-01
6.174054741859436035e-01
6.308702230453491211e-01
6.357963085174560547e-01
6.449917554855346680e-01
6.351394653320312500e-01
6.292281150817871094e-01
6.426928639411926270e-01
6.466337442398071289e-01
6.440064907073974609e-01
6.390804052352905273e-01
6.459769606590270996e-01
6.357963681221008301e-01
6.407223939895629883e-01
6.371098756790161133e-01
6.403939723968505859e-01
6.430212259292602539e-01
6.607552766799926758e-01
6.440064907073974609e-01
6.423645019531250000e-01
6.374384164810180664e-01
6.482757329940795898e-01
6.430212855339050293e-01
6.561574935913085938e-01
6.505746245384216309e-01
6.453201174736022949e-01
6.433496475219726562e-01
6.614120006561279297e-01
6.430212259292602539e-01
