1.491059780120849609e+00
2.931582689285278320e+00
4.307059764862060547e+00
5.689123868942260742e+00
7.142656326293945312e+00
8.477604389190673828e+00
9.792768955230712891e+00
1.112899184226989746e+01
1.245865917205810547e+01
1.377154541015625000e+01
1.507479786872863770e+01
1.639850473403930664e+01
1.772176194190979004e+01
1.903381586074829102e+01
2.037145137786865234e+01
2.170108437538146973e+01
2.303603291511535645e+01
2.434690332412719727e+01
2.570493078231811523e+01
2.699824595451354980e+01
2.830572366714477539e+01
2.962731838226318359e+01
3.096463513374328613e+01
3.227312421798706055e+01
3.360502433776855469e+01
3.498050117492675781e+01
3.633096003532409668e+01
3.772795248031616211e+01
3.921500897407531738e+01
4.065503239631652832e+01
4.201499843597412109e+01
4.336996173858642578e+01
4.479347229003906250e+01
4.626351618766784668e+01
4.762172627449035645e+01
4.900256991386413574e+01
5.036086702346801758e+01
5.166361618041992188e+01
5.297423124313354492e+01
5.428366088867187500e+01
5.565030288696289062e+01
5.700195384025573730e+01
5.833570480346679688e+01
5.968227195739746094e+01
6.110078024864196777e+01
6.241440701484680176e+01
6.373684287071228027e+01
6.508774805068969727e+01
6.647939825057983398e+01
6.788592600822448730e+01
6.927028822898864746e+01
7.065351772308349609e+01
7.201969265937805176e+01
7.335161137580871582e+01
7.475132703781127930e+01
7.620686125755310059e+01
7.777947854995727539e+01
7.928855037689208984e+01
8.077660799026489258e+01
8.288060259819030762e+01
8.471640634536743164e+01
8.638759350776672363e+01
8.789916753768920898e+01
8.935069894790649414e+01
9.074218702316284180e+01
9.223875045776367188e+01
9.382037377357482910e+01
9.521536540985107422e+01
9.661373877525329590e+01
9.800011324882507324e+01
9.936978125572204590e+01
1.007483189105987549e+02
1.021602449417114258e+02
1.037081410884857178e+02
1.053022735118865967e+02
1.067122750282287598e+02
1.081147708892822266e+02
1.094817421436309814e+02
1.108942582607269287e+02
1.122772405147552490e+02
1.136612234115600586e+02
1.150266575813293457e+02
1.163941092491149902e+02
1.178953959941864014e+02
1.192637608051300049e+02
1.206376345157623291e+02
1.221058101654052734e+02
1.234938902854919434e+02
1.248928840160369873e+02
1.263829429149627686e+02
1.277779335975646973e+02
1.291426510810852051e+02
1.305166888236999512e+02
1.319548883438110352e+02
1.333461215496063232e+02
1.347657179832458496e+02
1.361119837760925293e+02
1.375017745494842529e+02
1.389154157638549805e+02
1.403422274589538574e+02
1.416903147697448730e+02
1.431718358993530273e+02
1.446487691402435303e+02
1.460205974578857422e+02
1.475544974803924561e+02
1.489313945770263672e+02
1.503681712150573730e+02
1.518668787479400635e+02
1.532606999874114990e+02
1.546769700050354004e+02
1.560628850460052490e+02
1.574542562961578369e+02
1.588226153850555420e+02
1.602623217105865479e+02
1.616572737693786621e+02
1.631678524017333984e+02
1.646304152011871338e+02
1.660157201290130615e+02
1.674023990631103516e+02
1.687576379776000977e+02
1.701450207233428955e+02
1.715582222938537598e+02
1.730305681228637695e+02
1.744858574867248535e+02
1.758866713047027588e+02
1.775028395652770996e+02
1.788846144676208496e+02
1.803144671916961670e+02
1.818160545825958252e+02
1.832356328964233398e+02
1.846217162609100342e+02
1.860873837471008301e+02
1.877005302906036377e+02
1.893196804523468018e+02
1.909765102863311768e+02
1.925596349239349365e+02
1.941227450370788574e+02
1.959780633449554443e+02
1.976787712574005127e+02
1.992493867874145508e+02
2.007884805202484131e+02
2.024281456470489502e+02
2.040673098564147949e+02
2.057870318889617920e+02
2.074207012653350830e+02
2.089422819614410400e+02
2.103630831241607666e+02
2.117198300361633301e+02
2.132054953575134277e+02
2.146329500675201416e+02
2.162018826007843018e+02
2.176499683856964111e+02
2.189963111877441406e+02
2.204612641334533691e+02
2.219119672775268555e+02
2.233955502510070801e+02
2.248581938743591309e+02
2.262395820617675781e+02
2.276428072452545166e+02
2.290305435657501221e+02
2.304276902675628662e+02
2.319872829914093018e+02
2.333886005878448486e+02
2.347593138217926025e+02
2.362280795574188232e+02
2.376472954750061035e+02
2.392171516418457031e+02
2.407305736541748047e+02
2.421683886051177979e+02
2.436343245506286621e+02
2.450522716045379639e+02
2.465365493297576904e+02
2.479371199607849121e+02
2.494399497509002686e+02
2.509760518074035645e+02
2.523830637931823730e+02
2.538746926784515381e+02
2.551868894100189209e+02
2.566308369636535645e+02
2.580851144790649414e+02
2.594244809150695801e+02
2.609211688041687012e+02
2.623011872768402100e+02
2.637299003601074219e+02
2.650770659446716309e+02
2.664160349369049072e+02
2.677896356582641602e+02
2.691100554466247559e+02
2.705178935527801514e+02
2.718847644329071045e+02
2.732252480983734131e+02
2.745727272033691406e+02
2.759967777729034424e+02
2.773187367916107178e+02
2.787615797519683838e+02
2.801137123107910156e+02
2.814920649528503418e+02
2.829150173664093018e+02
2.844500524997711182e+02
2.858844077587127686e+02
