1.412151008844375610e-02
1.674876734614372253e-02
1.346469670534133911e-02
1.970443315804004669e-02
1.477832533419132233e-02
1.871921122074127197e-02
1.543513964861631393e-02
2.068965323269367218e-02
1.477832533419132233e-02
1.609195210039615631e-02
1.642036065459251404e-02
2.101806178689002991e-02
1.707717590034008026e-02
1.707717590034008026e-02
1.773399114608764648e-02
1.576354540884494781e-02
1.871921122074127197e-02
2.068965695798397064e-02
2.068965509533882141e-02
1.806239597499370575e-02
2.068965509533882141e-02
1.707717403769493103e-02
1.773398928344249725e-02
1.806239783763885498e-02
2.068965509533882141e-02
2.101806364953517914e-02
1.839080452919006348e-02
1.609195396304130554e-02
2.331691421568393707e-02
1.609195396304130554e-02
2.003283984959125519e-02
1.839080452919006348e-02
1.871921122074127197e-02
2.036124840378761292e-02
1.609195396304130554e-02
2.036124840378761292e-02
2.134646847844123840e-02
2.003283984959125519e-02
2.627258002758026123e-02
3.349753841757774353e-02
3.119868785142898560e-02
4.991790279746055603e-02
5.287356302142143250e-02
5.747126415371894836e-02
6.535303592681884766e-02
7.389162480831146240e-02
8.407224714756011963e-02
8.669950813055038452e-02
9.261082857847213745e-02
1.037766709923744202e-01
1.004926115274429321e-01
1.211822703480720520e-01
1.231527030467987061e-01
1.313628852367401123e-01
1.461412012577056885e-01
1.602627336978912354e-01
1.490968763828277588e-01
1.760262846946716309e-01
1.848932653665542603e-01
2.022988349199295044e-01
2.160919457674026489e-01
2.256157547235488892e-01
2.354679703712463379e-01
2.325123250484466553e-01
2.466338276863098145e-01
2.738916277885437012e-01
2.906403839588165283e-01
2.926108241081237793e-01
2.991789579391479492e-01
3.116584420204162598e-01
3.155993521213531494e-01
3.264367580413818359e-01
3.412151038646697998e-01
3.444991409778594971e-01
3.517241179943084717e-01
3.688012957572937012e-01
3.691297173500061035e-01
3.848932087421417236e-01
3.822659552097320557e-01
3.855500817298889160e-01
3.908045887947082520e-01
3.885057270526885986e-01
4.091953933238983154e-01
4.072249531745910645e-01
4.059113264083862305e-01
4.167487025260925293e-01
4.279145598411560059e-01
4.279145896434783936e-01
4.305418431758880615e-01
4.384236335754394531e-01
4.417077004909515381e-01
4.499178826808929443e-01
4.476190209388732910e-01
4.574712216854095459e-01
4.587848484516143799e-01
4.515599310398101807e-01
4.689655005931854248e-01
4.653530120849609375e-01
4.699507355690002441e-01
4.932675957679748535e-01
4.807881712913513184e-01
4.798029065132141113e-01
4.932676255702972412e-01
4.942528605461120605e-01
4.916255474090576172e-01
4.817733764648437500e-01
4.850574731826782227e-01
4.952380657196044922e-01
5.188833475112915039e-01
5.050902962684631348e-01
5.146141052246093750e-01
5.041050314903259277e-01
5.185549855232238770e-01
5.185549855232238770e-01
5.178981423377990723e-01
5.172413587570190430e-01
5.274220108985900879e-01
5.293924212455749512e-01
5.356321334838867188e-01
5.415434241294860840e-01
5.484400391578674316e-01
5.254515409469604492e-01
5.369457602500915527e-01
5.376026034355163574e-01
5.395730733871459961e-01
5.431854724884033203e-01
5.513957142829895020e-01
5.520524978637695312e-01
5.484400391578674316e-01
5.743841528892517090e-01
5.622330904006958008e-01
5.779966711997985840e-01
5.586206316947937012e-01
5.727421641349792480e-01
5.619047284126281738e-01
5.579638481140136719e-01
5.563217997550964355e-01
5.714285373687744141e-01
5.684728622436523438e-01
5.714285373687744141e-01
5.678160190582275391e-01
5.668308138847351074e-01
5.704432725906372070e-01
5.770114064216613770e-01
5.789818763732910156e-01
5.691296458244323730e-01
5.701148509979248047e-01
5.865352749824523926e-01
5.750409364700317383e-01
6.009851694107055664e-01
5.911329388618469238e-01
5.980294942855834961e-01
5.950738191604614258e-01
5.842363834381103516e-01
5.881773233413696289e-01
6.042692661285400391e-01
6.042692661285400391e-01
5.977010726928710938e-01
6.052544713020324707e-01
5.934318304061889648e-01
6.059112548828125000e-01
5.963874459266662598e-01
6.009851694107055664e-01
6.121510267257690430e-01
6.134645938873291016e-01
6.082100868225097656e-01
6.249588727951049805e-01
6.068965196609497070e-01
6.180623769760131836e-01
6.147782802581787109e-01
6.226600408554077148e-01
6.216748356819152832e-01
6.170770525932312012e-01
6.183907389640808105e-01
6.082100868225097656e-01
6.118226051330566406e-01
6.266009211540222168e-01
6.085385084152221680e-01
6.321838498115539551e-01
6.266008615493774414e-01
6.239736080169677734e-01
6.236452460289001465e-01
6.180623173713684082e-01
6.262724995613098145e-01
6.262724995613098145e-01
6.305418610572814941e-01
6.246304512023925781e-01
6.305418014526367188e-01
6.252872943878173828e-01
6.348110437393188477e-01
6.239736080169677734e-01
6.164203286170959473e-01
6.266009211540222168e-01
6.374384164810180664e-01
6.114941835403442383e-01
6.331690549850463867e-01
6.328405737876892090e-01
6.334974169731140137e-01
6.436780691146850586e-01
6.371099948883056641e-01
