1.707717590034008026e-02
1.576354727149009705e-02
1.510673202574253082e-02
2.036124840378761292e-02
1.871921122074127197e-02
1.806239783763885498e-02
1.871921122074127197e-02
1.510673202574253082e-02
1.576354727149009705e-02
1.379310339689254761e-02
1.576354727149009705e-02
2.233169227838516235e-02
2.036124840378761292e-02
2.298850566148757935e-02
1.839080452919006348e-02
2.003283984959125519e-02
2.200328372418880463e-02
1.806239597499370575e-02
1.871921122074127197e-02
2.233169041574001312e-02
2.266009896993637085e-02
2.266009896993637085e-02
2.233169041574001312e-02
3.711001574993133545e-02
3.973727300763130188e-02
4.236453026533126831e-02
4.302134364843368530e-02
4.991789907217025757e-02
6.371100991964340210e-02
6.798029690980911255e-02
7.881773263216018677e-02
8.472906053066253662e-02
8.604270219802856445e-02
9.983579814434051514e-02
1.100164204835891724e-01
1.182266026735305786e-01
1.356321871280670166e-01
1.389162540435791016e-01
1.461412161588668823e-01
1.563218384981155396e-01
1.743842214345932007e-01
1.891625523567199707e-01
2.062397301197052002e-01
2.134646922349929810e-01
2.354679703712463379e-01
2.472906410694122314e-01
2.413792908191680908e-01
2.679802775382995605e-01
2.715927660465240479e-01
2.863711118698120117e-01
3.018062412738800049e-01
3.149425089359283447e-01
3.218390941619873047e-01
3.277504146099090576e-01
3.353037536144256592e-01
3.372741937637329102e-01
3.497537076473236084e-01
3.546797931194305420e-01
3.697865009307861328e-01
3.885057568550109863e-01
3.881773352622985840e-01
3.950738310813903809e-01
3.888341486454010010e-01
4.266009330749511719e-01
4.082101583480834961e-01
4.137930870056152344e-01
4.288997948169708252e-01
4.341543316841125488e-01
4.443349540233612061e-01
4.463053643703460693e-01
4.371100068092346191e-01
4.502462744712829590e-01
4.538587331771850586e-01
4.584564864635467529e-01
4.587848484516143799e-01
4.597700536251068115e-01
4.909687638282775879e-01
4.791461229324340820e-01
4.926107823848724365e-01
4.860426485538482666e-01
4.978653490543365479e-01
4.939244091510772705e-01
4.981937408447265625e-01
4.958948791027069092e-01
5.031198263168334961e-01
5.178981423377990723e-01
5.169128775596618652e-01
5.205254554748535156e-01
5.257799625396728516e-01
5.251231789588928223e-01
5.379309654235839844e-01
5.215106606483459473e-01
5.303776264190673828e-01
5.399014353752136230e-01
5.330048799514770508e-01
5.507388710975646973e-01
5.464695692062377930e-01
5.471264123916625977e-01
5.701149106025695801e-01
5.573070645332336426e-01
5.569785833358764648e-01
5.638751387596130371e-01
5.566502213478088379e-01
5.658456087112426758e-01
5.658456087112426758e-01
5.681444406509399414e-01
5.829227566719055176e-01
5.658456087112426758e-01
5.862067937850952148e-01
5.816091895103454590e-01
5.825943946838378906e-01
5.832511782646179199e-01
5.825943350791931152e-01
5.773397684097290039e-01
5.898193120956420898e-01
5.901477336883544922e-01
5.885056853294372559e-01
5.911329388618469238e-01
6.036124229431152344e-01
6.036124229431152344e-01
5.921181440353393555e-01
6.144498586654663086e-01
6.032839417457580566e-01
6.009852290153503418e-01
6.082101464271545410e-01
6.128078103065490723e-01
6.164202690124511719e-01
6.068964600563049316e-01
6.045976281166076660e-01
6.128078699111938477e-01
6.108373999595642090e-01
6.200327873229980469e-01
6.154350638389587402e-01
6.249588131904602051e-01
6.174055337905883789e-01
6.197043657302856445e-01
6.210180521011352539e-01
6.364530920982360840e-01
6.361247301101684570e-01
6.318554282188415527e-01
6.354678869247436523e-01
6.285713911056518555e-01
6.266009211540222168e-01
6.354679465293884277e-01
6.279145479202270508e-01
6.295565366744995117e-01
6.453200578689575195e-01
6.394087672233581543e-01
6.456485986709594727e-01
6.443349123001098633e-01
6.525450944900512695e-01
6.341542601585388184e-01
6.476190090179443359e-01
6.486042141914367676e-01
6.515598297119140625e-01
6.403940320014953613e-01
6.446632742881774902e-01
6.426929235458374023e-01
6.545155048370361328e-01
6.558291912078857422e-01
6.446632742881774902e-01
6.669949889183044434e-01
6.463053822517395020e-01
6.479474306106567383e-01
6.538587212562561035e-01
6.423645019531250000e-01
6.643676757812500000e-01
6.512314677238464355e-01
6.492609977722167969e-01
6.499178409576416016e-01
6.584563255310058594e-01
6.660097837448120117e-01
6.643677353858947754e-01
6.548439264297485352e-01
6.538587212562561035e-01
6.512314081192016602e-01
6.630541086196899414e-01
6.699506640434265137e-01
6.669949889183044434e-01
6.725779771804809570e-01
6.623972654342651367e-01
6.663382053375244141e-01
6.686370372772216797e-01
6.686370372772216797e-01
6.722494959831237793e-01
6.778324246406555176e-01
6.643677353858947754e-01
6.712642908096313477e-01
6.781608462333679199e-01
6.719211339950561523e-01
6.719211339950561523e-01
6.755335927009582520e-01
6.778324842453002930e-01
6.768472790718078613e-01
6.729063391685485840e-01
6.761904954910278320e-01
6.765188574790954590e-01
6.798028945922851562e-01
6.755335927009582520e-01
6.742199659347534180e-01
