1.444991864264011383e-02
1.871921308338642120e-02
2.068965695798397064e-02
1.642036065459251404e-02
1.609195396304130554e-02
1.839080452919006348e-02
1.576354727149009705e-02
1.215106714516878128e-02
1.642036251723766327e-02
1.839080266654491425e-02
1.773399114608764648e-02
1.444991864264011383e-02
1.609195396304130554e-02
2.167487703263759613e-02
1.576354540884494781e-02
1.642036065459251404e-02
1.247947476804256439e-02
1.642036251723766327e-02
1.609195210039615631e-02
1.839080452919006348e-02
1.773399114608764648e-02
1.477832533419132233e-02
1.477832533419132233e-02
1.707717590034008026e-02
1.806239597499370575e-02
1.576354540884494781e-02
1.477832626551389694e-02
1.642036065459251404e-02
1.477832533419132233e-02
1.773398928344249725e-02
1.674876734614372253e-02
1.740558259189128876e-02
1.609195396304130554e-02
1.871921122074127197e-02
2.134647034108638763e-02
1.674876920878887177e-02
1.609195396304130554e-02
1.707717590034008026e-02
1.871921308338642120e-02
1.707717590034008026e-02
1.674876734614372253e-02
1.740558259189128876e-02
1.609195396304130554e-02
1.609195396304130554e-02
1.674876734614372253e-02
1.839080266654491425e-02
1.642036065459251404e-02
2.036124654114246368e-02
1.609195396304130554e-02
1.904761791229248047e-02
1.839080452919006348e-02
1.839080452919006348e-02
1.806239783763885498e-02
1.674876734614372253e-02
1.904761791229248047e-02
1.740558259189128876e-02
2.003283984959125519e-02
1.707717403769493103e-02
1.904761977493762970e-02
1.937602460384368896e-02
1.806239783763885498e-02
1.740558259189128876e-02
1.806239597499370575e-02
1.806239783763885498e-02
1.839080452919006348e-02
1.839080452919006348e-02
1.609195396304130554e-02
1.773398928344249725e-02
1.707717403769493103e-02
1.543513871729373932e-02
1.707717590034008026e-02
1.707717590034008026e-02
1.806239783763885498e-02
2.068965509533882141e-02
1.707717590034008026e-02
1.740558259189128876e-02
1.707717590034008026e-02
1.806239597499370575e-02
1.806239783763885498e-02
1.707717590034008026e-02
1.839080266654491425e-02
1.609195396304130554e-02
1.806239783763885498e-02
1.707717403769493103e-02
1.576354727149009705e-02
1.806239597499370575e-02
1.707717590034008026e-02
1.674876734614372253e-02
1.970443315804004669e-02
2.003284171223640442e-02
1.806239597499370575e-02
1.543513964861631393e-02
1.806239597499370575e-02
1.609195396304130554e-02
1.674876920878887177e-02
1.707717590034008026e-02
1.806239597499370575e-02
2.003283984959125519e-02
1.707717590034008026e-02
1.904761977493762970e-02
1.773399114608764648e-02
1.707717590034008026e-02
1.740558259189128876e-02
1.674876920878887177e-02
1.674876734614372253e-02
1.740558445453643799e-02
1.773398928344249725e-02
1.773398928344249725e-02
1.642036251723766327e-02
1.871921122074127197e-02
1.740558259189128876e-02
1.970443315804004669e-02
1.937602460384368896e-02
1.806239597499370575e-02
1.674876920878887177e-02
1.806239783763885498e-02
1.773398928344249725e-02
1.773399114608764648e-02
1.707717403769493103e-02
1.674876734614372253e-02
1.674876920878887177e-02
1.806239597499370575e-02
1.642036065459251404e-02
1.773398928344249725e-02
1.773398928344249725e-02
1.806239597499370575e-02
1.642036065459251404e-02
1.773398928344249725e-02
1.707717590034008026e-02
1.609195396304130554e-02
1.773399114608764648e-02
1.839080452919006348e-02
1.740558259189128876e-02
1.871921308338642120e-02
1.773398928344249725e-02
1.674876920878887177e-02
1.937602646648883820e-02
1.707717403769493103e-02
1.773398928344249725e-02
1.773398928344249725e-02
1.740558259189128876e-02
1.740558259189128876e-02
1.806239597499370575e-02
1.674876734614372253e-02
1.839080452919006348e-02
1.773398928344249725e-02
1.707717590034008026e-02
1.707717590034008026e-02
1.839080266654491425e-02
1.904761791229248047e-02
1.871921308338642120e-02
1.740558259189128876e-02
1.609195396304130554e-02
1.871921122074127197e-02
1.806239597499370575e-02
1.871921122074127197e-02
1.642036065459251404e-02
1.609195210039615631e-02
1.674876734614372253e-02
2.266009896993637085e-02
1.839080452919006348e-02
1.970443315804004669e-02
1.740558259189128876e-02
1.806239597499370575e-02
1.806239783763885498e-02
1.707717590034008026e-02
1.674876734614372253e-02
1.773398928344249725e-02
1.806239597499370575e-02
1.904761791229248047e-02
1.642036065459251404e-02
1.707717590034008026e-02
1.707717590034008026e-02
1.412151008844375610e-02
1.674876920878887177e-02
1.871921308338642120e-02
1.839080452919006348e-02
1.806239597499370575e-02
1.904761977493762970e-02
1.773398928344249725e-02
1.904761791229248047e-02
1.740558259189128876e-02
1.609195396304130554e-02
1.510673295706510544e-02
1.609195582568645477e-02
2.266009896993637085e-02
1.839080452919006348e-02
1.543513871729373932e-02
1.740558259189128876e-02
1.707717590034008026e-02
1.773398928344249725e-02
1.773399114608764648e-02
1.510673388838768005e-02
1.674876734614372253e-02
1.740558259189128876e-02
1.477832533419132233e-02
1.609195396304130554e-02
1.674876920878887177e-02
1.576354540884494781e-02
1.707717590034008026e-02
