3.435440301895141602e+00
6.707764625549316406e+00
1.000210547447204590e+01
1.384083223342895508e+01
1.786719346046447754e+01
2.122358441352844238e+01
2.431628084182739258e+01
2.726187348365783691e+01
3.022197628021240234e+01
3.317807626724243164e+01
3.620110654830932617e+01
3.918346667289733887e+01
4.209475946426391602e+01
4.503053736686706543e+01
4.803025746345520020e+01
5.102038121223449707e+01
5.395746827125549316e+01
5.690606260299682617e+01
5.987917470932006836e+01
6.285679006576538086e+01
6.579187560081481934e+01
6.871645307540893555e+01
7.168155980110168457e+01
7.462264895439147949e+01
7.763478922843933105e+01
8.067494845390319824e+01
8.367007613182067871e+01
8.664869236946105957e+01
8.970686507225036621e+01
9.270099186897277832e+01
9.565709209442138672e+01
9.863620829582214355e+01
1.016148240566253662e+02
1.045348994731903076e+02
1.075545442104339600e+02
1.105631816387176514e+02
1.135918328762054443e+02
1.165479326248168945e+02
1.195595726966857910e+02
1.226227483749389648e+02
1.256298849582672119e+02
1.285949916839599609e+02
1.315761089324951172e+02
1.345547258853912354e+02
1.375083243846893311e+02
1.404429082870483398e+02
1.434380357265472412e+02
1.464224867820739746e+02
1.494056062698364258e+02
1.523987321853637695e+02
1.553938598632812500e+02
1.584220275878906250e+02
1.613826315402984619e+02
1.643482375144958496e+02
1.673273541927337646e+02
1.703229830265045166e+02
1.736118185520172119e+02
1.765504167079925537e+02
1.795960805416107178e+02
1.825571837425231934e+02
1.855763497352600098e+02
1.885209412574768066e+02
1.915005578994750977e+02
1.944901819229125977e+02
1.974552884101867676e+02
2.004514169692993164e+02
2.034030137062072754e+02
2.063946394920349121e+02
2.093677508831024170e+02
2.123253524303436279e+02
2.152730324268341064e+02
2.182341361045837402e+02
2.212112507820129395e+02
2.242118825912475586e+02
2.272250232696533203e+02
2.301791217327117920e+02
2.332843279838562012e+02
2.362604544162750244e+02
2.392315979003906250e+02
2.424018495082855225e+02
2.456569781303405762e+02
2.486616125106811523e+02
2.516437315940856934e+02
2.546703293323516846e+02
2.576323423385620117e+02
2.606065349578857422e+02
2.635869326591491699e+02
2.665312025547027588e+02
2.695409390926361084e+02
2.725365674495697021e+02
2.757328376770019531e+02
2.787059502601623535e+02
2.819002192020416260e+02
2.851695487499237061e+02
2.882166609764099121e+02
2.912973573207855225e+02
2.942389471530914307e+02
2.972400791645050049e+02
3.001986813545227051e+02
3.032223293781280518e+02
3.061529107093811035e+02
3.091195192337036133e+02
3.121201500892639160e+02
3.150627408027648926e+02
3.180288484096527100e+02
3.210034606456756592e+02
3.239745934009552002e+02
3.269804992675781250e+02
3.299232969284057617e+02
3.328984160423278809e+02
3.358590192794799805e+02
3.387790937423706055e+02
3.417447011470794678e+02
3.446727800369262695e+02
3.476523978710174561e+02
3.506225080490112305e+02
3.536016235351562500e+02
3.565427339076995850e+02
3.594993348121643066e+02
3.624444267749786377e+02
3.653975396156311035e+02
3.683761558532714844e+02
3.713472666740417480e+02
3.743248820304870605e+02
3.772604675292968750e+02
3.803451590538024902e+02
3.835994710922241211e+02
3.868366546630859375e+02
3.900469355583190918e+02
3.932612183094024658e+02
3.964945201873779297e+02
3.997478313446044922e+02
4.028895635604858398e+02
4.060933423042297363e+02
4.092703003883361816e+02
4.122274320125579834e+02
4.153270206451416016e+02
4.183281342983245850e+02
4.212887375354766846e+02
4.242943725585937500e+02
4.275201649665832520e+02
4.308188884258270264e+02
4.338130161762237549e+02
4.369882714748382568e+02
4.402696022987365723e+02
4.432111921310424805e+02
4.462153265476226807e+02
4.491579167842864990e+02
4.521750602722167969e+02
4.551271574497222900e+02
4.580732500553131104e+02
4.610688791275024414e+02
4.640104684829711914e+02
4.669685699939727783e+02
4.699031546115875244e+02
4.728662595748901367e+02
4.758233652114868164e+02
4.787257816791534424e+02
4.816847550868988037e+02
4.846681661605834961e+02
4.876286842823028564e+02
4.906308164596557617e+02
4.936149373054504395e+02
4.965665330886840820e+02
4.995116302967071533e+02
5.024444026947021484e+02
5.053654928207397461e+02
5.083255956172943115e+02
5.113927752971649170e+02
5.146436374187469482e+02
5.176998085975646973e+02
5.206433990001678467e+02
5.236850597858428955e+02
5.268938405513763428e+02
5.301091475486755371e+02
5.334320075511932373e+02
5.364771711826324463e+02
5.394392757415771484e+02
5.424534163475036621e+02
5.453900022506713867e+02
5.484031429290771484e+02
5.515989136695861816e+02
5.545660214424133301e+02
5.575941724777221680e+02
5.605722880363464355e+02
5.635999512672424316e+02
5.665885736942291260e+02
5.696112339496612549e+02
5.726378836631774902e+02
5.756915528774261475e+02
5.785966165065765381e+02
5.815532174110412598e+02
5.845003404617309570e+02
5.877471477985382080e+02
5.909714384078979492e+02
5.941877231597900391e+02
5.975005760192871094e+02
6.009835503101348877e+02
6.042853968143463135e+02
6.072334904670715332e+02
