1.951219327747821808e-02
1.463414542376995087e-02
1.707316935062408447e-02
1.951219327747821808e-02
2.439024299383163452e-02
2.439024299383163452e-02
9.756097570061683655e-03
2.195121906697750092e-02
2.926829271018505096e-02
1.951219327747821808e-02
1.219512149691581726e-02
9.756097570061683655e-03
2.682926878333091736e-02
2.195121720433235168e-02
1.707316935062408447e-02
1.951219514012336731e-02
2.195121720433235168e-02
2.439024299383163452e-02
3.170731663703918457e-02
4.390244558453559875e-02
3.658536449074745178e-02
1.951219514012336731e-02
4.390244185924530029e-02
1.707316935062408447e-02
5.365853756666183472e-02
5.365853756666183472e-02
5.121951550245285034e-02
5.365853756666183472e-02
5.853658542037010193e-02
6.341463327407836914e-02
7.560975849628448486e-02
7.804878056049346924e-02
8.780488371849060059e-02
7.073170691728591919e-02
1.073170676827430725e-01
1.121951267123222351e-01
1.121951192617416382e-01
1.170731633901596069e-01
1.463414579629898071e-01
1.682926714420318604e-01
1.536585241556167603e-01
1.756097674369812012e-01
1.829268336296081543e-01
1.756097674369812012e-01
2.073170691728591919e-01
2.146341651678085327e-01
2.414634078741073608e-01
2.317073196172714233e-01
2.634146213531494141e-01
2.682926654815673828e-01
2.829268276691436768e-01
2.951219379901885986e-01
2.902438938617706299e-01
3.024390339851379395e-01
2.853658497333526611e-01
3.243902325630187988e-01
3.268292546272277832e-01
3.853658437728881836e-01
3.634146451950073242e-01
3.999999761581420898e-01
3.829268217086791992e-01
4.073170423507690430e-01
3.853658735752105713e-01
3.756097555160522461e-01
4.365853369235992432e-01
4.292682707309722900e-01
4.365853667259216309e-01
4.073170423507690430e-01
4.243902266025543213e-01
4.341463148593902588e-01
4.756097793579101562e-01
4.487804770469665527e-01
4.682926833629608154e-01
4.243902266025543213e-01
4.634146392345428467e-01
4.804877936840057373e-01
5.121951103210449219e-01
5.073170661926269531e-01
4.999999701976776123e-01
4.804877936840057373e-01
4.707317054271697998e-01
5.365853905677795410e-01
4.975609779357910156e-01
5.219511985778808594e-01
5.390244126319885254e-01
5.292683243751525879e-01
5.121951103210449219e-01
4.975609481334686279e-01
5.487805008888244629e-01
5.121951103210449219e-01
5.073170661926269531e-01
5.243902206420898438e-01
5.341463088989257812e-01
5.219511985778808594e-01
5.487805008888244629e-01
5.341463685035705566e-01
5.536584854125976562e-01
5.487805008888244629e-01
5.585365891456604004e-01
5.365853309631347656e-01
5.536586046218872070e-01
5.243902802467346191e-01
5.463414788246154785e-01
5.487805008888244629e-01
5.487804412841796875e-01
5.682926774024963379e-01
5.731707215309143066e-01
5.853658318519592285e-01
5.975609421730041504e-01
5.951219797134399414e-01
5.975610017776489258e-01
6.000000238418579102e-01
5.780487656593322754e-01
6.048780083656311035e-01
5.463414788246154785e-01
5.853657722473144531e-01
5.682926774024963379e-01
5.731707215309143066e-01
5.609756112098693848e-01
5.999999642372131348e-01
5.878048539161682129e-01
5.853658318519592285e-01
5.999999642372131348e-01
5.975609421730041504e-01
5.707316994667053223e-01
6.097561120986938477e-01
5.804877877235412598e-01
5.682926774024963379e-01
6.097561120986938477e-01
6.219512224197387695e-01
5.560975074768066406e-01
6.048780083656311035e-01
5.853658318519592285e-01
5.829268097877502441e-01
5.951219797134399414e-01
5.804877877235412598e-01
6.121951341629028320e-01
6.195122003555297852e-01
6.243902444839477539e-01
6.024389863014221191e-01
6.121951341629028320e-01
6.317073106765747070e-01
6.073170900344848633e-01
5.853658318519592285e-01
6.170731782913208008e-01
6.048780083656311035e-01
5.804877877235412598e-01
5.804877877235412598e-01
6.073170900344848633e-01
5.756098031997680664e-01
5.902438759803771973e-01
6.024389863014221191e-01
6.048780679702758789e-01
6.292682886123657227e-01
5.999999642372131348e-01
6.073170900344848633e-01
6.048780083656311035e-01
6.195122003555297852e-01
6.219512224197387695e-01
6.341463327407836914e-01
6.292682886123657227e-01
6.024390459060668945e-01
6.146341562271118164e-01
6.073170900344848633e-01
6.170731186866760254e-01
6.146341562271118164e-01
6.390243768692016602e-01
6.243902444839477539e-01
6.390243768692016602e-01
6.243902444839477539e-01
6.658536195755004883e-01
6.341463923454284668e-01
6.292682886123657227e-01
6.243902444839477539e-01
6.268292665481567383e-01
6.317073106765747070e-01
6.292682886123657227e-01
6.243902444839477539e-01
6.341463327407836914e-01
5.951219201087951660e-01
6.073170900344848633e-01
6.317073106765747070e-01
6.390243768692016602e-01
6.292682886123657227e-01
6.097561120986938477e-01
6.243902444839477539e-01
6.243901848793029785e-01
6.658536195755004883e-01
6.341463327407836914e-01
6.317073106765747070e-01
6.146340966224670410e-01
6.390243768692016602e-01
6.243902444839477539e-01
6.292682886123657227e-01
6.317073106765747070e-01
6.268292665481567383e-01
6.414634585380554199e-01
6.219512224197387695e-01
6.243902444839477539e-01
6.341463327407836914e-01
