2.926829271018505096e-02
7.317073177546262741e-03
7.317073177546262741e-03
1.463414542376995087e-02
9.756097570061683655e-03
1.463414635509252548e-02
2.926829084753990173e-02
1.463414635509252548e-02
2.682926878333091736e-02
1.707316935062408447e-02
1.951219514012336731e-02
1.219512149691581726e-02
2.439024299383163452e-02
7.317073177546262741e-03
2.195121720433235168e-02
3.170731663703918457e-02
1.707316935062408447e-02
2.439024299383163452e-02
1.707316935062408447e-02
1.463414542376995087e-02
2.439024299383163452e-02
2.439024299383163452e-02
1.219512149691581726e-02
1.463414542376995087e-02
2.926829084753990173e-02
1.951219514012336731e-02
1.951219327747821808e-02
3.170731663703918457e-02
1.707316935062408447e-02
3.414634242653846741e-02
2.439024299383163452e-02
1.951219327747821808e-02
2.439024299383163452e-02
9.756097570061683655e-03
2.439024113118648529e-02
2.926829084753990173e-02
1.951219514012336731e-02
3.902439028024673462e-02
1.463414635509252548e-02
2.195121720433235168e-02
1.951219514012336731e-02
1.707316935062408447e-02
2.682926878333091736e-02
2.682926878333091736e-02
2.195121720433235168e-02
2.195121906697750092e-02
2.195121906697750092e-02
2.195121906697750092e-02
2.439024299383163452e-02
2.926829457283020020e-02
2.195121906697750092e-02
2.926829084753990173e-02
2.195121720433235168e-02
3.658536449074745178e-02
2.439024113118648529e-02
4.878048598766326904e-02
3.414634242653846741e-02
4.390244185924530029e-02
5.365853756666183472e-02
3.658536449074745178e-02
5.853658169507980347e-02
6.829268485307693481e-02
6.341463327407836914e-02
8.536585420370101929e-02
1.073170676827430725e-01
1.024390161037445068e-01
1.097560897469520569e-01
1.317073255777359009e-01
1.390243917703628540e-01
1.560975611209869385e-01
1.390243768692016602e-01
1.536585241556167603e-01
1.902438849210739136e-01
1.804878115653991699e-01
1.804877817630767822e-01
1.756097376346588135e-01
2.268292456865310669e-01
2.243902534246444702e-01
2.170731574296951294e-01
2.707317173480987549e-01
2.463414669036865234e-01
2.512195110321044922e-01
3.146341741085052490e-01
2.999999821186065674e-01
2.902438938617706299e-01
2.926829159259796143e-01
3.048780560493469238e-01
2.951219677925109863e-01
2.926829159259796143e-01
3.341463506221771240e-01
3.512195050716400146e-01
3.878048956394195557e-01
3.731707334518432617e-01
3.585366010665893555e-01
3.756097555160522461e-01
3.902438879013061523e-01
3.560975790023803711e-01
3.682926893234252930e-01
4.024390280246734619e-01
4.268292486667633057e-01
4.292683005332946777e-01
4.195121824741363525e-01
4.390243589878082275e-01
4.439024627208709717e-01
4.170731902122497559e-01
4.560975432395935059e-01
4.951219558715820312e-01
4.707317054271697998e-01
4.146341681480407715e-01
4.682927131652832031e-01
4.878048300743103027e-01
4.926829338073730469e-01
4.707316756248474121e-01
4.756097495555877686e-01
5.000000000000000000e-01
4.756097495555877686e-01
5.024390220642089844e-01
5.268292427062988281e-01
5.024390220642089844e-01
5.024389624595642090e-01
4.926829338073730469e-01
5.097560882568359375e-01
5.195121765136718750e-01
5.048779845237731934e-01
5.000000000000000000e-01
5.439023971557617188e-01
5.341463088989257812e-01
5.073170661926269531e-01
5.195121765136718750e-01
5.170730948448181152e-01
5.268292427062988281e-01
5.048780441284179688e-01
5.390243530273437500e-01
5.170731544494628906e-01
5.292682647705078125e-01
5.439024567604064941e-01
5.170731544494628906e-01
5.585365295410156250e-01
5.268292427062988281e-01
5.317072868347167969e-01
5.512194633483886719e-01
5.243902206420898438e-01
5.804877877235412598e-01
5.487804412841796875e-01
5.585365295410156250e-01
5.634145736694335938e-01
5.829268097877502441e-01
5.829268693923950195e-01
5.707316398620605469e-01
5.804877877235412598e-01
5.536585450172424316e-01
5.439023971557617188e-01
5.853657722473144531e-01
5.707316398620605469e-01
5.731706619262695312e-01
5.682926177978515625e-01
5.756096839904785156e-01
5.634146332740783691e-01
6.000000238418579102e-01
6.024390459060668945e-01
5.731706619262695312e-01
5.829268097877502441e-01
6.048780679702758789e-01
6.097561120986938477e-01
5.878048539161682129e-01
5.658536553382873535e-01
6.024390459060668945e-01
5.902438759803771973e-01
5.926828980445861816e-01
5.560975074768066406e-01
5.829268097877502441e-01
5.878048539161682129e-01
6.024389266967773438e-01
5.780487656593322754e-01
6.024390459060668945e-01
5.756098031997680664e-01
5.829268693923950195e-01
6.146341562271118164e-01
6.121951341629028320e-01
5.536584854125976562e-01
5.682926177978515625e-01
5.951219201087951660e-01
6.073170900344848633e-01
6.048780679702758789e-01
5.780487060546875000e-01
6.048780083656311035e-01
5.902438759803771973e-01
6.097561120986938477e-01
6.048780679702758789e-01
5.951219797134399414e-01
6.024390459060668945e-01
6.121951341629028320e-01
5.975610017776489258e-01
6.073170304298400879e-01
5.975610017776489258e-01
6.170731782913208008e-01
5.829268693923950195e-01
5.804877281188964844e-01
6.512196063995361328e-01
6.048780679702758789e-01
