2.195121906697750092e-02
2.682926505804061890e-02
1.707316935062408447e-02
9.756097570061683655e-03
9.756097570061683655e-03
1.951219514012336731e-02
1.707317121326923370e-02
1.951219514012336731e-02
1.219512149691581726e-02
7.317073177546262741e-03
1.463414542376995087e-02
9.756097570061683655e-03
2.682926505804061890e-02
1.707316935062408447e-02
9.756097570061683655e-03
1.707316935062408447e-02
1.219512149691581726e-02
2.195121906697750092e-02
2.926829084753990173e-02
2.926829271018505096e-02
1.463414542376995087e-02
1.463414542376995087e-02
1.707317121326923370e-02
7.317073177546262741e-03
2.439024299383163452e-02
2.926829084753990173e-02
1.463414635509252548e-02
1.951219327747821808e-02
2.195121720433235168e-02
1.707316935062408447e-02
9.756097570061683655e-03
3.170731663703918457e-02
2.195122092962265015e-02
1.219512149691581726e-02
7.317073177546262741e-03
2.439024299383163452e-02
1.951219327747821808e-02
2.682926692068576813e-02
3.414634242653846741e-02
1.707317121326923370e-02
2.195121906697750092e-02
1.951219514012336731e-02
2.195121906697750092e-02
1.951219327747821808e-02
1.707316935062408447e-02
1.463414542376995087e-02
3.170731663703918457e-02
2.439024485647678375e-02
1.219512149691581726e-02
1.951219514012336731e-02
2.682926878333091736e-02
2.195121906697750092e-02
9.756097570061683655e-03
1.707316935062408447e-02
2.682926505804061890e-02
1.951219514012336731e-02
2.926829084753990173e-02
1.219512149691581726e-02
2.682926878333091736e-02
1.707317121326923370e-02
2.682926878333091736e-02
1.463414542376995087e-02
2.682926878333091736e-02
2.195121906697750092e-02
2.195121720433235168e-02
3.414633870124816895e-02
3.170731663703918457e-02
2.682926878333091736e-02
2.682926878333091736e-02
3.902439028024673462e-02
4.634146764874458313e-02
5.609755963087081909e-02
5.609755963087081909e-02
6.585365533828735352e-02
6.341463327407836914e-02
6.097561120986938477e-02
6.829268485307693481e-02
8.048780262470245361e-02
8.048781007528305054e-02
1.024390235543251038e-01
1.146341413259506226e-01
1.024390161037445068e-01
1.097560971975326538e-01
1.463414728641510010e-01
1.731707304716110229e-01
1.560975611209869385e-01
1.951219439506530762e-01
2.000000029802322388e-01
2.195121943950653076e-01
1.951219439506530762e-01
2.195121943950653076e-01
2.243902385234832764e-01
2.560975551605224609e-01
2.658536434173583984e-01
3.146341443061828613e-01
2.756097316741943359e-01
2.707317173480987549e-01
3.414634168148040771e-01
3.219512104988098145e-01
3.317072987556457520e-01
3.341463208198547363e-01
3.439024686813354492e-01
3.292682766914367676e-01
3.317073285579681396e-01
3.560975492000579834e-01
3.439024686813354492e-01
3.707317113876342773e-01
3.878048956394195557e-01
4.341463148593902588e-01
4.000000059604644775e-01
4.121951162815093994e-01
4.365853667259216309e-01
4.317072927951812744e-01
4.634146690368652344e-01
4.317072927951812744e-01
4.487804770469665527e-01
4.292682707309722900e-01
4.804877638816833496e-01
4.390243887901306152e-01
4.804877936840057373e-01
4.634146094322204590e-01
4.585365951061248779e-01
5.097560882568359375e-01
4.682926833629608154e-01
4.853658676147460938e-01
4.926829338073730469e-01
5.024390220642089844e-01
4.902439117431640625e-01
4.902438521385192871e-01
4.585365653038024902e-01
5.268292427062988281e-01
4.707317352294921875e-01
5.097560882568359375e-01
5.317072868347167969e-01
5.048780441284179688e-01
5.292682647705078125e-01
5.365853309631347656e-01
5.097560882568359375e-01
5.024390220642089844e-01
5.292682647705078125e-01
5.536584854125976562e-01
5.463414192199707031e-01
5.439023971557617188e-01
5.560975074768066406e-01
5.292682647705078125e-01
5.878048539161682129e-01
5.512195229530334473e-01
5.585365295410156250e-01
5.487804412841796875e-01
5.341463088989257812e-01
5.512194633483886719e-01
5.585365295410156250e-01
5.463414788246154785e-01
5.585365295410156250e-01
5.804877877235412598e-01
5.560975670814514160e-01
5.585365891456604004e-01
5.487804412841796875e-01
5.390243530273437500e-01
5.585365891456604004e-01
5.756097435951232910e-01
5.682926177978515625e-01
5.390244126319885254e-01
5.756097435951232910e-01
5.780487656593322754e-01
5.731707215309143066e-01
5.756097435951232910e-01
5.707316398620605469e-01
5.731707215309143066e-01
5.609756112098693848e-01
5.756097435951232910e-01
5.878048539161682129e-01
5.853658318519592285e-01
5.926828980445861816e-01
5.634146332740783691e-01
5.951219797134399414e-01
5.609756112098693848e-01
5.853658318519592285e-01
6.121951341629028320e-01
5.926829576492309570e-01
5.756096839904785156e-01
5.780488252639770508e-01
5.682926774024963379e-01
5.756097435951232910e-01
6.073170900344848633e-01
5.780488252639770508e-01
5.780487656593322754e-01
6.097561120986938477e-01
5.878048539161682129e-01
6.024390459060668945e-01
5.878048539161682129e-01
5.926828980445861816e-01
6.000000238418579102e-01
5.756097435951232910e-01
5.731706619262695312e-01
5.926829576492309570e-01
6.048780679702758789e-01
5.902438759803771973e-01
6.048780679702758789e-01
6.121951937675476074e-01
