1.463414542376995087e-02
1.219512149691581726e-02
1.219512149691581726e-02
9.756097570061683655e-03
1.463414542376995087e-02
2.439024299383163452e-02
1.219512149691581726e-02
2.682926692068576813e-02
2.195121906697750092e-02
1.219512149691581726e-02
2.195121720433235168e-02
1.707316935062408447e-02
1.219512149691581726e-02
2.195121906697750092e-02
1.707316935062408447e-02
1.951219514012336731e-02
1.219512149691581726e-02
1.219512149691581726e-02
4.878048785030841827e-03
1.463414542376995087e-02
1.463414542376995087e-02
9.756097570061683655e-03
1.707316935062408447e-02
2.682926692068576813e-02
1.707316935062408447e-02
1.707316935062408447e-02
1.219512149691581726e-02
7.317073177546262741e-03
9.756097570061683655e-03
4.878048785030841827e-03
1.219512149691581726e-02
1.219512149691581726e-02
1.951219514012336731e-02
1.707317121326923370e-02
2.195122092962265015e-02
9.756097570061683655e-03
1.219512149691581726e-02
1.707316935062408447e-02
9.756097570061683655e-03
1.463414542376995087e-02
1.951219514012336731e-02
2.439024299383163452e-02
1.463414542376995087e-02
1.463414635509252548e-02
2.195121906697750092e-02
1.463414635509252548e-02
1.707316935062408447e-02
1.219512149691581726e-02
9.756097570061683655e-03
1.463414542376995087e-02
7.317073177546262741e-03
1.219512149691581726e-02
2.682926692068576813e-02
1.707317121326923370e-02
7.317073177546262741e-03
2.439024299383163452e-02
1.951219514012336731e-02
1.707317121326923370e-02
1.951219514012336731e-02
2.682926692068576813e-02
2.926829084753990173e-02
3.658536821603775024e-02
2.926829084753990173e-02
4.634146392345428467e-02
5.609755963087081909e-02
4.390243813395500183e-02
5.365853384137153625e-02
5.609755963087081909e-02
8.048780262470245361e-02
5.609755963087081909e-02
1.048780381679534912e-01
1.170731633901596069e-01
1.195121929049491882e-01
1.195122003555297852e-01
1.463414579629898071e-01
1.414634138345718384e-01
1.463414579629898071e-01
1.707317084074020386e-01
1.512195169925689697e-01
1.926829218864440918e-01
1.878048628568649292e-01
1.829268336296081543e-01
2.048780471086502075e-01
2.243902534246444702e-01
2.268292605876922607e-01
2.341463416814804077e-01
2.365853637456893921e-01
2.731707096099853516e-01
3.073170483112335205e-01
2.829268276691436768e-01
2.951219379901885986e-01
2.829268276691436768e-01
2.902438938617706299e-01
3.268292546272277832e-01
3.317072987556457520e-01
3.634146451950073242e-01
3.585366010665893555e-01
3.682926893234252930e-01
3.658536672592163086e-01
4.097560942173004150e-01
3.707316815853118896e-01
3.756097555160522461e-01
4.073171019554138184e-01
4.146341383457183838e-01
4.097560942173004150e-01
4.560975432395935059e-01
3.829268217086791992e-01
4.365853667259216309e-01
4.219512045383453369e-01
4.146341681480407715e-01
4.024389982223510742e-01
4.536585509777069092e-01
4.097560644149780273e-01
4.536585211753845215e-01
4.902438819408416748e-01
4.634146392345428467e-01
4.658536612987518311e-01
4.878048896789550781e-01
4.780488014221191406e-01
4.853658378124237061e-01
5.048780441284179688e-01
4.902439117431640625e-01
4.731707572937011719e-01
4.341463446617126465e-01
4.536585211753845215e-01
4.853658378124237061e-01
4.829268157482147217e-01
4.951219558715820312e-01
5.097560286521911621e-01
4.975609481334686279e-01
5.463414192199707031e-01
4.975609481334686279e-01
5.292683243751525879e-01
5.195121765136718750e-01
5.097560882568359375e-01
5.268292427062988281e-01
5.365853309631347656e-01
5.341463088989257812e-01
5.292682647705078125e-01
5.243902206420898438e-01
5.097560882568359375e-01
5.268292427062988281e-01
5.560975074768066406e-01
5.414633750915527344e-01
5.170731544494628906e-01
5.219511985778808594e-01
5.609756112098693848e-01
5.365853309631347656e-01
5.682926774024963379e-01
5.487804412841796875e-01
5.439023971557617188e-01
5.731707215309143066e-01
5.536585450172424316e-01
5.439023971557617188e-01
5.487804412841796875e-01
5.390243530273437500e-01
5.853658318519592285e-01
5.731707215309143066e-01
5.585365295410156250e-01
5.219511985778808594e-01
5.804877877235412598e-01
5.853658318519592285e-01
5.512194633483886719e-01
5.609755516052246094e-01
5.585365891456604004e-01
5.390243530273437500e-01
5.780487656593322754e-01
5.926829576492309570e-01
5.707316994667053223e-01
5.756097435951232910e-01
6.024389863014221191e-01
5.536585450172424316e-01
5.609756112098693848e-01
5.780487656593322754e-01
5.536584854125976562e-01
5.682926177978515625e-01
5.804877877235412598e-01
5.634146332740783691e-01
6.243902444839477539e-01
5.560975074768066406e-01
5.829268097877502441e-01
5.878049135208129883e-01
5.658535957336425781e-01
5.926829576492309570e-01
5.560975074768066406e-01
5.707316398620605469e-01
5.634145736694335938e-01
5.804877877235412598e-01
5.853658318519592285e-01
5.756097435951232910e-01
5.585365295410156250e-01
6.073170304298400879e-01
5.951219201087951660e-01
5.682926774024963379e-01
5.658535957336425781e-01
5.853658914566040039e-01
6.121951341629028320e-01
5.829267501831054688e-01
5.975610017776489258e-01
5.902438759803771973e-01
