2.381892919540405273e+00
4.403509616851806641e+00
6.393224716186523438e+00
8.401822090148925781e+00
1.042645263671875000e+01
1.241306900978088379e+01
1.438270306587219238e+01
1.640434718132019043e+01
1.845797109603881836e+01
2.050065493583679199e+01
2.249527335166931152e+01
2.448190784454345703e+01
2.645200490951538086e+01
2.847412371635437012e+01
3.053180217742919922e+01
3.255043625831604004e+01
3.461313152313232422e+01
3.667479848861694336e+01
3.874047946929931641e+01
4.073707342147827148e+01
4.269922828674316406e+01
4.469426512718200684e+01
4.669098687171936035e+01
4.880526208877563477e+01
5.081333971023559570e+01
5.280690312385559082e+01
5.487374949455261230e+01
5.682622933387756348e+01
5.887592101097106934e+01
6.086251139640808105e+01
6.281505584716796875e+01
6.488075757026672363e+01
6.694240355491638184e+01
6.898651814460754395e+01
7.101838016510009766e+01
7.302996659278869629e+01
7.512511062622070312e+01
7.712169122695922852e+01
7.908829331398010254e+01
8.113300323486328125e+01
8.309452795982360840e+01
8.516437458992004395e+01
8.720901226997375488e+01
8.922060322761535645e+01
9.124176883697509766e+01
9.328392481803894043e+01
9.522697639465332031e+01
9.724517154693603516e+01
9.922472977638244629e+01
1.012665302753448486e+02
1.032331624031066895e+02
1.052108244895935059e+02
1.072584354877471924e+02
1.092950317859649658e+02
1.112660696506500244e+02
1.132666594982147217e+02
1.152958405017852783e+02
1.173075463771820068e+02
1.193261318206787109e+02
1.213277273178100586e+02
1.233564040660858154e+02
1.254520616531372070e+02
1.274466502666473389e+02
1.294572622776031494e+02
1.314219112396240234e+02
1.334725899696350098e+02
1.354932858943939209e+02
1.374638812541961670e+02
1.394635505676269531e+02
1.414766299724578857e+02
1.434617042541503906e+02
1.454703452587127686e+02
1.475550372600555420e+02
1.495456767082214355e+02
1.515433776378631592e+02
1.535249345302581787e+02
1.555837223529815674e+02
1.575742933750152588e+02
1.595619850158691406e+02
1.616275918483734131e+02
1.636782183647155762e+02
1.656787869930267334e+02
1.676653583049774170e+02
1.697551856040954590e+02
1.717437412738800049e+02
1.739706315994262695e+02
1.759822292327880859e+02
1.780018768310546875e+02
1.799985303878784180e+02
1.820261914730072021e+02
1.840297570228576660e+02
1.860684986114501953e+02
1.880871119499206543e+02
1.900827217102050781e+02
1.921103117465972900e+02
1.941284451484680176e+02
1.961620793342590332e+02
1.981976456642150879e+02
2.001693446636199951e+02
2.021819300651550293e+02
2.042746305465698242e+02
2.063509666919708252e+02
2.083560173511505127e+02
2.104267013072967529e+02
2.124232897758483887e+02
2.144279756546020508e+02
2.164365208148956299e+02
2.184251677989959717e+02
2.204768750667572021e+02
2.225263621807098389e+02
2.245381133556365967e+02
2.266426913738250732e+02
2.287983086109161377e+02
2.308682394027709961e+02
2.328760240077972412e+02
2.348936309814453125e+02
2.368792316913604736e+02
2.388688580989837646e+02
2.408760643005371094e+02
2.429803931713104248e+02
2.449638931751251221e+02
2.470330708026885986e+02
2.490228297710418701e+02
2.510563347339630127e+02
2.530669651031494141e+02
2.551415464878082275e+02
2.571670882701873779e+02
2.591813049316406250e+02
2.612120177745819092e+02
2.632003164291381836e+02
2.652029700279235840e+02
2.672627835273742676e+02
2.693054952621459961e+02
2.713002655506134033e+02
2.733189187049865723e+02
2.753425023555755615e+02
2.773371832370758057e+02
2.794248664379119873e+02
2.814644939899444580e+02
2.835652480125427246e+02
2.856049082279205322e+02
2.876771793365478516e+02
2.897107973098754883e+02
2.917445287704467773e+02
2.938021578788757324e+02
2.958488435745239258e+02
2.978315501213073730e+02
2.998651614189147949e+02
3.019928469657897949e+02
3.040199594497680664e+02
3.060791246891021729e+02
3.081257951259613037e+02
3.102222242355346680e+02
3.122332987785339355e+02
3.142408652305603027e+02
3.162309165000915527e+02
3.182685914039611816e+02
3.203357646465301514e+02
3.223603827953338623e+02
3.244621663093566895e+02
3.264947512149810791e+02
3.285154097080230713e+02
3.305530493259429932e+02
3.326307151317596436e+02
3.346012732982635498e+02
3.366900587081909180e+02
3.386866371631622314e+02
3.407243635654449463e+02
3.427760350704193115e+02
3.447976214885711670e+02
3.468623220920562744e+02
3.489570109844207764e+02
3.510097262859344482e+02
3.530272889137268066e+02
3.551580610275268555e+02
3.572101681232452393e+02
3.593058912754058838e+02
3.612633459568023682e+02
3.632538866996765137e+02
3.653535673618316650e+02
3.673983132839202881e+02
3.694779455661773682e+02
3.714905331134796143e+02
3.735971841812133789e+02
3.757128477096557617e+02
3.777704670429229736e+02
3.797841475009918213e+02
3.817962880134582520e+02
3.838514678478240967e+02
3.859997177124023438e+02
3.879968006610870361e+02
3.901456165313720703e+02
3.921372120380401611e+02
3.942309052944183350e+02
3.962705376148223877e+02
3.983342037200927734e+02
4.003768990039825439e+02
4.024005525112152100e+02
4.044561755657196045e+02
4.065409448146820068e+02
