2.146194696426391602e+00
4.006466150283813477e+00
5.875514030456542969e+00
7.712532281875610352e+00
9.582594871520996094e+00
1.143554759025573730e+01
1.334013557434082031e+01
1.521455335617065430e+01
1.727938628196716309e+01
1.913686370849609375e+01
2.105936622619628906e+01
2.303800678253173828e+01
2.488247656822204590e+01
2.678806376457214355e+01
2.860063529014587402e+01
3.046206188201904297e+01
3.227458429336547852e+01
3.414907836914062500e+01
3.597254705429077148e+01
3.778903937339782715e+01
3.961099028587341309e+01
4.148602080345153809e+01
4.334651398658752441e+01
4.538423681259155273e+01
4.728176879882812500e+01
4.921130895614624023e+01
5.114794731140136719e+01
5.298148202896118164e+01
5.485996294021606445e+01
5.689361238479614258e+01
5.874516391754150391e+01
6.060762095451354980e+01
6.243758893013000488e+01
6.430163502693176270e+01
6.610805535316467285e+01
6.798562765121459961e+01
6.982113981246948242e+01
7.165257668495178223e+01
7.356417274475097656e+01
7.547325277328491211e+01
7.735021281242370605e+01
7.925577545166015625e+01
8.115187358856201172e+01
8.329906821250915527e+01
8.516359996795654297e+01
8.710917806625366211e+01
8.928098368644714355e+01
9.138773512840270996e+01
9.328422927856445312e+01
9.519179058074951172e+01
9.700384330749511719e+01
9.885822153091430664e+01
1.007463111877441406e+02
1.026789090633392334e+02
1.046125776767730713e+02
1.064696407318115234e+02
1.083135797977447510e+02
1.102382581233978271e+02
1.121114575862884521e+02
1.140411388874053955e+02
1.158821191787719727e+02
1.177746157646179199e+02
1.196606371402740479e+02
1.215472502708435059e+02
1.234387571811676025e+02
1.253153033256530762e+02
1.272208232879638672e+02
1.290944025516510010e+02
1.311160089969635010e+02
1.329845268726348877e+02
1.349751458168029785e+02
1.368567762374877930e+02
1.387361929416656494e+02
1.406078193187713623e+02
1.425423181056976318e+02
1.444668564796447754e+02
1.463213970661163330e+02
1.482073996067047119e+02
1.500564482212066650e+02
1.519559950828552246e+02
1.538505222797393799e+02
1.556809833049774170e+02
1.575995604991912842e+02
1.594250354766845703e+02
1.612805562019348145e+02
1.631320402622222900e+02
1.650220923423767090e+02
1.669481303691864014e+02
1.688296570777893066e+02
1.707112703323364258e+02
1.725837669372558594e+02
1.745123839378356934e+02
1.763768711090087891e+02
1.782363872528076172e+02
1.800989880561828613e+02
1.819244349002838135e+02
1.837969269752502441e+02
1.857155332565307617e+02
1.876150274276733398e+02
1.895066003799438477e+02
1.913830623626708984e+02
1.932566230297088623e+02
1.952462949752807617e+02
1.971088798046112061e+02
1.989408624172210693e+02
2.008068597316741943e+02
2.028264598846435547e+02
2.047369692325592041e+02
2.066134617328643799e+02
2.085200088024139404e+02
2.104116153717041016e+02
2.122546823024749756e+02
2.141246714591979980e+02
2.160121755599975586e+02
2.179126770496368408e+02
2.197451317310333252e+02
2.216447639465332031e+02
2.235002319812774658e+02
2.254668798446655273e+02
2.273143413066864014e+02
2.292812855243682861e+02
2.311327366828918457e+02
2.330222237110137939e+02
2.348874866962432861e+02
2.367480728626251221e+02
2.387487125396728516e+02
2.406201798915863037e+02
2.424927384853363037e+02
2.443912374973297119e+02
2.462388350963592529e+02
2.481873793601989746e+02
2.500864148139953613e+02
2.519463815689086914e+02
2.538159830570220947e+02
2.558316009044647217e+02
2.577241146564483643e+02
2.596095840930938721e+02
2.614556484222412109e+02
2.633892283439636230e+02
2.652577219009399414e+02
2.671492834091186523e+02
2.690327990055084229e+02
2.710374169349670410e+02
2.730530691146850586e+02
2.748995962142944336e+02
2.768381447792053223e+02
2.786874625682830811e+02
2.805601506233215332e+02
2.824934482574462891e+02
2.843798649311065674e+02
2.862985229492187500e+02
2.882939131259918213e+02
2.901803545951843262e+02
2.920705826282501221e+02
2.939227850437164307e+02
2.958432879447937012e+02
2.976910037994384766e+02
2.996265521049499512e+02
3.014740591049194336e+02
3.033456826210021973e+02
3.052462437152862549e+02
3.071473252773284912e+02
3.090484125614166260e+02
3.110634973049163818e+02
3.130311865806579590e+02
3.149189445972442627e+02
3.169615037441253662e+02
3.188550686836242676e+02
3.207718319892883301e+02
3.226571407318115234e+02
3.246371839046478271e+02
3.265009443759918213e+02
3.283436017036437988e+02
3.302664449214935303e+02
3.321716392040252686e+02
3.340542333126068115e+02
3.360149579048156738e+02
3.378774237632751465e+02
3.397537350654602051e+02
3.416783311367034912e+02
3.435892930030822754e+02
3.454760534763336182e+02
3.474037945270538330e+02
3.495426559448242188e+02
3.515145041942596436e+02
3.533662660121917725e+02
3.552690198421478271e+02
3.573433690071105957e+02
3.593507356643676758e+02
3.612664158344268799e+02
3.631588544845581055e+02
3.650874948501586914e+02
3.670501780509948730e+02
3.690536944866180420e+02
3.710685698986053467e+02
3.730540912151336670e+02
3.750258007049560547e+02
3.768985583782196045e+02
3.788642866611480713e+02
3.808251817226409912e+02
