2.200669288635253906e+00
4.153832674026489258e+00
6.057176351547241211e+00
7.940792560577392578e+00
9.981788635253906250e+00
1.186590361595153809e+01
1.378446054458618164e+01
1.571083736419677734e+01
1.758860135078430176e+01
1.951719307899475098e+01
2.152109909057617188e+01
2.341824769973754883e+01
2.530560302734375000e+01
2.738915872573852539e+01
2.929104161262512207e+01
3.128345918655395508e+01
3.328905344009399414e+01
3.517368483543395996e+01
3.716534519195556641e+01
3.911493825912475586e+01
4.107464528083801270e+01
4.305245566368103027e+01
4.497775292396545410e+01
4.686230659484863281e+01
4.891845679283142090e+01
5.083476471900939941e+01
5.286764931678771973e+01
5.481421518325805664e+01
5.672364449501037598e+01
5.864321303367614746e+01
6.057028460502624512e+01
6.249136590957641602e+01
6.445069098472595215e+01
6.638640093803405762e+01
6.827708363533020020e+01
7.017651844024658203e+01
7.210815715789794922e+01
7.412596249580383301e+01
7.602652168273925781e+01
7.791107606887817383e+01
7.984437346458435059e+01
8.180488848686218262e+01
8.377028489112854004e+01
8.570511364936828613e+01
8.760971879959106445e+01
8.954752874374389648e+01
9.154513549804687500e+01
9.349167037010192871e+01
9.539822554588317871e+01
9.730178403854370117e+01
9.931086850166320801e+01
1.013321585655212402e+02
1.033010296821594238e+02
1.054381122589111328e+02
1.073334012031555176e+02
1.093807039260864258e+02
1.112740437984466553e+02
1.131945478916168213e+02
1.155505888462066650e+02
1.174828908443450928e+02
1.194597439765930176e+02
1.214384391307830811e+02
1.234349038600921631e+02
1.253886091709136963e+02
1.273072104454040527e+02
1.291877846717834473e+02
1.311268813610076904e+02
1.330468835830688477e+02
1.349620347023010254e+02
1.368525943756103516e+02
1.387801101207733154e+02
1.407217426300048828e+02
1.427153525352478027e+02
1.446499488353729248e+02
1.465914793014526367e+02
1.485521242618560791e+02
1.505326757431030273e+02
1.524588034152984619e+02
1.543747923374176025e+02
1.563054044246673584e+02
1.582229845523834229e+02
1.602156059741973877e+02
1.621251800060272217e+02
1.640457332134246826e+02
1.660333487987518311e+02
1.679919071197509766e+02
1.698650469779968262e+02
1.717710833549499512e+02
1.737286443710327148e+02
1.761465687751770020e+02
1.781652548313140869e+02
1.801084554195404053e+02
1.821005344390869141e+02
1.841192378997802734e+02
1.860846147537231445e+02
1.879343595504760742e+02
1.898118400573730469e+02
1.916933341026306152e+02
1.936388485431671143e+02
1.955423469543457031e+02
1.975300381183624268e+02
1.995026543140411377e+02
2.014471843242645264e+02
2.033377175331115723e+02
2.052442827224731445e+02
2.072490811347961426e+02
2.091305611133575439e+02
2.110459620952606201e+02
2.129475312232971191e+02
2.149197635650634766e+02
2.168567066192626953e+02
2.188007888793945312e+02
2.207419359683990479e+02
2.226994874477386475e+02
2.246391093730926514e+02
2.265716392993927002e+02
2.285262522697448730e+02
2.305493888854980469e+02
2.328427252769470215e+02
2.348644075393676758e+02
2.367658896446228027e+02
2.386844882965087891e+02
2.405750412940979004e+02
2.424965779781341553e+02
2.444431738853454590e+02
2.463177003860473633e+02
2.482553627490997314e+02
2.501698729991912842e+02
2.520613718032836914e+02
2.539419131278991699e+02
2.559015054702758789e+02
2.578200678825378418e+02
2.597566661834716797e+02
2.618417506217956543e+02
2.637542567253112793e+02
2.656958074569702148e+02
2.675823063850402832e+02
2.695208187103271484e+02
2.714243125915527344e+02
2.733538329601287842e+02
2.753736233711242676e+02
2.772901606559753418e+02
2.792676196098327637e+02
2.812466857433319092e+02
2.832548167705535889e+02
2.851903498172760010e+02
2.873090391159057617e+02
2.892706949710845947e+02
2.912743268013000488e+02
2.932198717594146729e+02
2.951164374351501465e+02
2.970470592975616455e+02
2.989135305881500244e+02
3.007951192855834961e+02
3.028257257938385010e+02
3.047413358688354492e+02
3.067138962745666504e+02
3.087835800647735596e+02
3.106610796451568604e+02
3.125796749591827393e+02
3.145052483081817627e+02
3.164238004684448242e+02
3.183313260078430176e+02
3.204190773963928223e+02
3.222945880889892578e+02
3.242186651229858398e+02
3.261036496162414551e+02
3.279872374534606934e+02
3.299378173351287842e+02
3.318543717861175537e+02
3.337743961811065674e+02
3.357045030593872070e+02
3.376210260391235352e+02
3.395931842327117920e+02
3.419355483055114746e+02
3.439221627712249756e+02
3.458867735862731934e+02
3.478666315078735352e+02
3.497841260433197021e+02
3.517526943683624268e+02
3.538274047374725342e+02
3.559696676731109619e+02
3.578692300319671631e+02
3.597973978519439697e+02
3.616999239921569824e+02
3.635523018836975098e+02
3.655757968425750732e+02
3.676441283226013184e+02
3.696081705093383789e+02
3.714836688041687012e+02
3.734434399604797363e+02
3.754920713901519775e+02
3.774286472797393799e+02
3.794061915874481201e+02
3.812976648807525635e+02
3.831961600780487061e+02
3.851361999511718750e+02
3.870643138885498047e+02
3.890004329681396484e+02
3.909675631523132324e+02
