2.424013376235961914e+00
4.561695575714111328e+00
6.612884283065795898e+00
8.665080547332763672e+00
1.074982976913452148e+01
1.288148093223571777e+01
1.495714521408081055e+01
1.703982329368591309e+01
1.909156918525695801e+01
2.116681909561157227e+01
2.325195002555847168e+01
2.541669631004333496e+01
2.763602399826049805e+01
2.977725577354431152e+01
3.184085798263549805e+01
3.392856550216674805e+01
3.595725083351135254e+01
3.809098458290100098e+01
4.015765428543090820e+01
4.228136730194091797e+01
4.440110087394714355e+01
4.648479723930358887e+01
4.869859004020690918e+01
5.086838555335998535e+01
5.296808886528015137e+01
5.507180500030517578e+01
5.718576264381408691e+01
5.934353566169738770e+01
6.146667742729187012e+01
6.356491756439208984e+01
6.577277612686157227e+01
6.783241629600524902e+01
7.002812767028808594e+01
7.217879629135131836e+01
7.433067011833190918e+01
7.644236111640930176e+01
7.859204673767089844e+01
8.073672533035278320e+01
8.289149975776672363e+01
8.499362874031066895e+01
8.700496530532836914e+01
8.907490491867065430e+01
9.113715219497680664e+01
9.318231749534606934e+01
9.527045702934265137e+01
9.737521815299987793e+01
9.945845079421997070e+01
1.016187093257904053e+02
1.036793792247772217e+02
1.058241629600524902e+02
1.079028203487396240e+02
1.099335262775421143e+02
1.119891662597656250e+02
1.140728144645690918e+02
1.162155447006225586e+02
1.182722196578979492e+02
1.203889389038085938e+02
1.225267510414123535e+02
1.245873866081237793e+02
1.266800796985626221e+02
1.286946771144866943e+02
1.308594894409179688e+02
1.329206349849700928e+02
1.349698300361633301e+02
1.371265530586242676e+02
1.392573220729827881e+02
1.413380184173583984e+02
1.434322607517242432e+02
1.455315227508544922e+02
1.476386854648590088e+02
1.496717743873596191e+02
1.517204735279083252e+02
1.537702698707580566e+02
1.558849744796752930e+02
1.579085464477539062e+02
1.600041894912719727e+02
1.620728533267974854e+02
1.641666178703308105e+02
1.662557487487792969e+02
1.683335723876953125e+02
1.704522449970245361e+02
1.725644311904907227e+02
1.746651470661163330e+02
1.767888917922973633e+02
1.788485596179962158e+02
1.809313321113586426e+02
1.829849357604980469e+02
1.852137532234191895e+02
1.872584414482116699e+02
1.893130657672882080e+02
1.913808002471923828e+02
1.934974796772003174e+02
1.955831682682037354e+02
1.976688241958618164e+02
1.997866179943084717e+02
2.018903222084045410e+02
2.039760515689849854e+02
2.061508152484893799e+02
2.082646391391754150e+02
2.104619090557098389e+02
2.125512731075286865e+02
2.146569066047668457e+02
2.168367123603820801e+02
2.190604686737060547e+02
2.211964614391326904e+02
2.233163027763366699e+02
2.253934674263000488e+02
2.275271747112274170e+02
2.296078035831451416e+02
2.319117665290832520e+02
2.344013352394104004e+02
2.365185306072235107e+02
2.385891778469085693e+02
2.407033753395080566e+02
2.427896487712860107e+02
2.449563627243041992e+02
2.469930133819580078e+02
2.491848444938659668e+02
2.513065907955169678e+02
2.533782231807708740e+02
2.554434809684753418e+02
2.575326163768768311e+02
2.597406210899353027e+02
2.618222441673278809e+02
2.639178829193115234e+02
2.659765343666076660e+02
2.681022880077362061e+02
2.701899387836456299e+02
2.723569445610046387e+02
2.744544560909271240e+02
2.766501829624176025e+02
2.787989196777343750e+02
2.808726344108581543e+02
2.830723729133605957e+02
2.851991539001464844e+02
2.873459074497222900e+02
2.894866526126861572e+02
2.916053647994995117e+02
2.937080745697021484e+02
2.957797603607177734e+02
2.978253955841064453e+02
2.999531743526458740e+02
3.020553534030914307e+02
3.041748054027557373e+02
3.063024761676788330e+02
3.084101347923278809e+02
3.104557163715362549e+02
3.125814344882965088e+02
3.147502915859222412e+02
3.168694663047790527e+02
3.189175932407379150e+02
3.210233340263366699e+02
3.231250379085540771e+02
3.252184863090515137e+02
3.273754916191101074e+02
3.295112538337707520e+02
3.315678658485412598e+02
3.336516001224517822e+02
3.357352409362792969e+02
3.378865301609039307e+02
3.399016389846801758e+02
3.420634558200836182e+02
3.442782309055328369e+02
3.463699357509613037e+02
3.484010684490203857e+02
3.505433287620544434e+02
3.526730346679687500e+02
3.547297356128692627e+02
3.568704965114593506e+02
3.591193203926086426e+02
3.611699907779693604e+02
3.632766935825347900e+02
3.653383765220642090e+02
3.674280996322631836e+02
3.695348351001739502e+02
3.716985003948211670e+02
3.738052701950073242e+02
3.758628940582275391e+02
3.780677225589752197e+02
3.802280330657958984e+02
3.822861857414245605e+02
3.844899835586547852e+02
3.866067249774932861e+02
3.887234220504760742e+02
3.908461258411407471e+02
3.929488348960876465e+02
3.949674446582794189e+02
3.970892179012298584e+02
3.992059257030487061e+02
4.012865667343139648e+02
4.033477635383605957e+02
4.054710266590118408e+02
4.075156917572021484e+02
4.096924514770507812e+02
4.118312287330627441e+02
4.140399990081787109e+02
4.161492669582366943e+02
4.182654311656951904e+02
4.203381409645080566e+02
4.224910156726837158e+02
