1.463414542376995087e-02
2.439024485647678375e-02
1.951219514012336731e-02
1.219512149691581726e-02
7.317073177546262741e-03
2.439024299383163452e-02
1.463414542376995087e-02
1.219512149691581726e-02
1.463414542376995087e-02
9.756097570061683655e-03
1.707316935062408447e-02
1.951219514012336731e-02
1.219512149691581726e-02
2.439024485647678375e-02
1.707316935062408447e-02
9.756097570061683655e-03
2.195121906697750092e-02
1.219512149691581726e-02
7.317073177546262741e-03
2.439024113118648529e-02
1.707316935062408447e-02
2.682926878333091736e-02
1.219512149691581726e-02
9.756097570061683655e-03
9.756097570061683655e-03
1.463414542376995087e-02
9.756097570061683655e-03
9.756097570061683655e-03
2.195121720433235168e-02
2.439024299383163452e-02
1.707316935062408447e-02
2.195121906697750092e-02
9.756097570061683655e-03
1.951219327747821808e-02
1.707316935062408447e-02
9.756097570061683655e-03
1.463414542376995087e-02
1.707316935062408447e-02
2.926829271018505096e-02
7.317073177546262741e-03
1.951219514012336731e-02
1.951219514012336731e-02
1.219512149691581726e-02
1.463414542376995087e-02
2.439024299383163452e-02
2.926829084753990173e-02
1.951219514012336731e-02
2.439024113118648529e-02
1.707316935062408447e-02
2.926829271018505096e-02
2.439024299383163452e-02
2.195122092962265015e-02
2.195121720433235168e-02
1.951219514012336731e-02
2.682926878333091736e-02
1.219512149691581726e-02
2.195121720433235168e-02
1.707317121326923370e-02
1.463414542376995087e-02
1.219512149691581726e-02
3.414633870124816895e-02
2.682926878333091736e-02
1.951219327747821808e-02
1.951219514012336731e-02
3.414634242653846741e-02
3.658536821603775024e-02
3.414634242653846741e-02
4.146341606974601746e-02
3.902439028024673462e-02
3.902439400553703308e-02
3.658536821603775024e-02
4.878048598766326904e-02
5.365853756666183472e-02
4.390243813395500183e-02
3.658536449074745178e-02
4.390244185924530029e-02
4.634146392345428467e-02
4.390243813395500183e-02
4.634146392345428467e-02
5.853658914566040039e-02
5.853658542037010193e-02
4.878048971295356750e-02
7.804878056049346924e-02
6.341463327407836914e-02
7.804878056049346924e-02
8.292682468891143799e-02
7.804878056049346924e-02
6.829268485307693481e-02
8.780487626791000366e-02
8.536585420370101929e-02
1.195122003555297852e-01
9.268292784690856934e-02
1.097560971975326538e-01
1.073170751333236694e-01
1.097560971975326538e-01
1.341463476419448853e-01
1.170731708407402039e-01
1.317073106765747070e-01
1.390243917703628540e-01
1.317073106765747070e-01
1.414634138345718384e-01
1.243902444839477539e-01
1.560975611209869385e-01
1.560975611209869385e-01
1.560975611209869385e-01
1.609756052494049072e-01
1.829268336296081543e-01
1.951219439506530762e-01
2.000000029802322388e-01
1.707317084074020386e-01
1.975609660148620605e-01
2.073170542716979980e-01
2.317073345184326172e-01
2.219512164592742920e-01
2.195121943950653076e-01
1.902438998222351074e-01
2.097561061382293701e-01
1.975609809160232544e-01
2.097560763359069824e-01
2.414633929729461670e-01
2.536585330963134766e-01
2.219512313604354858e-01
2.268292605876922607e-01
2.512195110321044922e-01
2.219512164592742920e-01
2.439024448394775391e-01
2.634146213531494141e-01
2.804878056049346924e-01
2.780487835407257080e-01
2.463414520025253296e-01
2.829268276691436768e-01
2.878048717975616455e-01
2.829268276691436768e-01
2.560975551605224609e-01
2.878048717975616455e-01
2.878048717975616455e-01
2.731707096099853516e-01
2.829268574714660645e-01
2.804877758026123047e-01
2.731707096099853516e-01
2.829268276691436768e-01
2.658536434173583984e-01
3.390243947505950928e-01
3.146341443061828613e-01
2.975609898567199707e-01
2.804878056049346924e-01
3.048780560493469238e-01
3.219512403011322021e-01
3.146341741085052490e-01
3.536585569381713867e-01
3.073170781135559082e-01
3.195121884346008301e-01
3.097561001777648926e-01
3.146341443061828613e-01
3.024390041828155518e-01
3.487804830074310303e-01
3.024390041828155518e-01
2.902438938617706299e-01
3.268292546272277832e-01
3.487804830074310303e-01
3.268292546272277832e-01
2.999999821186065674e-01
3.365853428840637207e-01
3.097561299800872803e-01
3.439024090766906738e-01
3.756097555160522461e-01
3.365853428840637207e-01
3.487804830074310303e-01
3.829268217086791992e-01
3.195121884346008301e-01
3.463414311408996582e-01
3.658536672592163086e-01
3.756097555160522461e-01
3.634146451950073242e-01
3.317073285579681396e-01
4.121951460838317871e-01
3.609756231307983398e-01
3.975609838962554932e-01
3.853658437728881836e-01
3.560975790023803711e-01
3.682926595211029053e-01
3.658536374568939209e-01
4.073170721530914307e-01
3.609755635261535645e-01
3.658536672592163086e-01
4.048780798912048340e-01
3.902438879013061523e-01
4.000000059604644775e-01
3.731707036495208740e-01
4.073170721530914307e-01
3.829268515110015869e-01
3.926829397678375244e-01
3.707317113876342773e-01
4.292683005332946777e-01
4.219512343406677246e-01
3.731707632541656494e-01
3.975609838962554932e-01
4.268292784690856934e-01
4.195121824741363525e-01
4.048780500888824463e-01
