2.926829084753990173e-02
2.682926692068576813e-02
9.756097570061683655e-03
1.707316935062408447e-02
1.219512149691581726e-02
1.219512149691581726e-02
1.707317121326923370e-02
7.317073177546262741e-03
1.219512149691581726e-02
1.219512149691581726e-02
2.195121720433235168e-02
1.463414635509252548e-02
1.951219327747821808e-02
7.317073177546262741e-03
9.756097570061683655e-03
1.707317121326923370e-02
1.219512149691581726e-02
1.463414542376995087e-02
1.219512149691581726e-02
7.317073177546262741e-03
1.463414542376995087e-02
3.414634242653846741e-02
1.219512149691581726e-02
1.951219514012336731e-02
2.439024299383163452e-02
9.756097570061683655e-03
1.463414542376995087e-02
1.951219327747821808e-02
2.926829084753990173e-02
2.195121906697750092e-02
1.219512149691581726e-02
1.707316935062408447e-02
1.463414542376995087e-02
2.926829271018505096e-02
1.707316935062408447e-02
1.707316935062408447e-02
1.707316935062408447e-02
2.195121720433235168e-02
2.926829084753990173e-02
1.463414542376995087e-02
1.463414635509252548e-02
2.195121720433235168e-02
2.926829084753990173e-02
1.463414542376995087e-02
2.926829271018505096e-02
2.682926505804061890e-02
1.707316935062408447e-02
2.926829457283020020e-02
2.682926692068576813e-02
3.170731663703918457e-02
2.439024299383163452e-02
2.439024299383163452e-02
5.853658542037010193e-02
2.926829084753990173e-02
2.439024299383163452e-02
3.658536449074745178e-02
4.146341234445571899e-02
3.658536821603775024e-02
3.170731663703918457e-02
3.658536449074745178e-02
5.853658542037010193e-02
4.146341606974601746e-02
4.146341234445571899e-02
4.390243440866470337e-02
2.926829084753990173e-02
5.365853756666183472e-02
3.902439028024673462e-02
4.146341606974601746e-02
3.414633870124816895e-02
5.365853756666183472e-02
5.121951177716255188e-02
4.878048971295356750e-02
4.878048971295356750e-02
5.365853384137153625e-02
5.121951177716255188e-02
5.853658914566040039e-02
8.536584675312042236e-02
7.317072898149490356e-02
5.121951550245285034e-02
1.073170751333236694e-01
6.585366278886795044e-02
8.536585420370101929e-02
5.853658542037010193e-02
7.804878056049346924e-02
7.804878056049346924e-02
9.512194991111755371e-02
9.512194991111755371e-02
1.000000089406967163e-01
9.512195736169815063e-02
1.048780530691146851e-01
9.999999403953552246e-02
9.512194991111755371e-02
8.780487626791000366e-02
9.268292784690856934e-02
1.341463476419448853e-01
1.243902444839477539e-01
1.268292814493179321e-01
1.414634138345718384e-01
1.292682886123657227e-01
1.317073106765747070e-01
1.292682886123657227e-01
1.536585390567779541e-01
1.512195020914077759e-01
1.414634138345718384e-01
1.463414728641510010e-01
1.243902370333671570e-01
1.390244066715240479e-01
1.731707304716110229e-01
1.756097525358200073e-01
1.756097376346588135e-01
1.731707304716110229e-01
1.853658556938171387e-01
1.536585390567779541e-01
1.756097674369812012e-01
1.902438998222351074e-01
1.999999880790710449e-01
1.829268336296081543e-01
1.853658556938171387e-01
2.195121943950653076e-01
2.121951133012771606e-01
2.048780471086502075e-01
2.024390250444412231e-01
2.219512164592742920e-01
2.268292605876922607e-01
2.341463416814804077e-01
2.292682826519012451e-01
1.951219439506530762e-01
2.390243709087371826e-01
2.536585330963134766e-01
2.390243858098983765e-01
2.268292605876922607e-01
2.707316875457763672e-01
2.365853786468505859e-01
2.853658497333526611e-01
2.731707096099853516e-01
2.609755992889404297e-01
2.707317173480987549e-01
2.658536434173583984e-01
2.707316875457763672e-01
2.853658795356750488e-01
2.682926654815673828e-01
2.731707096099853516e-01
3.024390339851379395e-01
2.707316875457763672e-01
3.024390041828155518e-01
3.048780560493469238e-01
3.195121884346008301e-01
3.073170781135559082e-01
2.707316875457763672e-01
3.121951222419738770e-01
2.853658497333526611e-01
2.975609600543975830e-01
3.146341443061828613e-01
3.243902325630187988e-01
3.317072987556457520e-01
3.146341443061828613e-01
3.512195348739624023e-01
3.414634168148040771e-01
3.268292546272277832e-01
3.341463506221771240e-01
3.146341145038604736e-01
3.000000119209289551e-01
3.560975492000579834e-01
3.341463506221771240e-01
3.243902325630187988e-01
3.609756231307983398e-01
3.585366010665893555e-01
3.439024388790130615e-01
3.658536374568939209e-01
3.536585569381713867e-01
3.536585271358489990e-01
3.560975492000579834e-01
3.634146153926849365e-01
3.804877996444702148e-01
3.512195050716400146e-01
3.829268217086791992e-01
3.463414609432220459e-01
3.609756231307983398e-01
3.609756231307983398e-01
4.000000059604644775e-01
3.658536374568939209e-01
3.780488073825836182e-01
3.707317113876342773e-01
3.634146451950073242e-01
3.878048658370971680e-01
3.878048658370971680e-01
3.609755933284759521e-01
3.756097555160522461e-01
3.829268217086791992e-01
4.195121824741363525e-01
3.512195050716400146e-01
3.780487775802612305e-01
4.073170423507690430e-01
3.731707036495208740e-01
3.878048658370971680e-01
3.853658437728881836e-01
3.853658437728881836e-01
4.024390280246734619e-01
4.097560644149780273e-01
4.219512045383453369e-01
