1.707316935062408447e-02
1.707316935062408447e-02
2.195121906697750092e-02
2.439024485647678375e-02
1.707316935062408447e-02
1.219512149691581726e-02
7.317073177546262741e-03
1.463414635509252548e-02
1.951219514012336731e-02
2.195121720433235168e-02
2.439024299383163452e-02
7.317073177546262741e-03
1.707317121326923370e-02
1.951219514012336731e-02
2.682926878333091736e-02
1.463414542376995087e-02
1.951219514012336731e-02
9.756097570061683655e-03
2.195121720433235168e-02
2.439024113118648529e-02
2.682926878333091736e-02
2.439024299383163452e-02
1.463414542376995087e-02
1.219512149691581726e-02
1.707316935062408447e-02
1.463414542376995087e-02
2.195121720433235168e-02
9.756097570061683655e-03
2.439024299383163452e-02
1.951219514012336731e-02
1.463414542376995087e-02
2.439024113118648529e-02
2.439024113118648529e-02
1.951219514012336731e-02
2.439024485647678375e-02
2.439024299383163452e-02
2.195121906697750092e-02
9.756097570061683655e-03
1.707316935062408447e-02
9.756097570061683655e-03
1.219512149691581726e-02
1.707316935062408447e-02
3.902439028024673462e-02
1.219512149691581726e-02
2.682926692068576813e-02
1.951219514012336731e-02
2.682926878333091736e-02
2.195121906697750092e-02
1.707317121326923370e-02
2.926829084753990173e-02
2.439024485647678375e-02
1.707316935062408447e-02
2.682926878333091736e-02
4.878048785030841827e-03
1.707317121326923370e-02
3.414634242653846741e-02
2.682926505804061890e-02
2.682926878333091736e-02
2.195121906697750092e-02
2.926829271018505096e-02
1.951219514012336731e-02
1.951219327747821808e-02
2.439024485647678375e-02
3.658536449074745178e-02
2.439024113118648529e-02
2.926829084753990173e-02
3.170731663703918457e-02
3.414634242653846741e-02
4.878048598766326904e-02
3.902439028024673462e-02
5.365853756666183472e-02
2.682926692068576813e-02
4.634146392345428467e-02
4.634146764874458313e-02
3.902439028024673462e-02
5.365853756666183472e-02
5.609756335616111755e-02
6.341463327407836914e-02
4.878048971295356750e-02
4.146341979503631592e-02
5.609756708145141602e-02
7.073170691728591919e-02
7.317072898149490356e-02
5.609755963087081909e-02
6.585365533828735352e-02
7.317072898149490356e-02
8.780487626791000366e-02
9.268292784690856934e-02
7.560975849628448486e-02
8.048780262470245361e-02
8.780487626791000366e-02
1.195121854543685913e-01
8.780487626791000366e-02
8.780486881732940674e-02
1.073170751333236694e-01
1.097560971975326538e-01
1.121951192617416382e-01
1.243902370333671570e-01
1.073170676827430725e-01
1.365853697061538696e-01
1.146341562271118164e-01
1.219512224197387695e-01
1.243902444839477539e-01
1.414634138345718384e-01
1.390243917703628540e-01
1.439024358987808228e-01
1.707317084074020386e-01
1.317073106765747070e-01
1.780487746000289917e-01
1.243902444839477539e-01
1.560975611209869385e-01
1.536585241556167603e-01
1.780487596988677979e-01
1.804877966642379761e-01
1.536585390567779541e-01
1.560975611209869385e-01
1.463414579629898071e-01
1.829268187284469604e-01
1.999999880790710449e-01
1.682926863431930542e-01
1.829268336296081543e-01
1.829268187284469604e-01
2.048780322074890137e-01
2.219512164592742920e-01
1.804877966642379761e-01
2.365853488445281982e-01
2.097560912370681763e-01
1.853658556938171387e-01
1.853658407926559448e-01
2.097561061382293701e-01
2.292682826519012451e-01
2.463414520025253296e-01
1.878048777580261230e-01
2.195121943950653076e-01
2.292682826519012451e-01
2.317073345184326172e-01
2.219512313604354858e-01
2.390243858098983765e-01
2.780487835407257080e-01
2.756097614765167236e-01
2.439024448394775391e-01
2.317073345184326172e-01
2.682926654815673828e-01
2.487804889678955078e-01
2.634146213531494141e-01
2.536585330963134766e-01
2.658536434173583984e-01
2.853658497333526611e-01
2.585365772247314453e-01
2.414634227752685547e-01
2.609755992889404297e-01
2.902438938617706299e-01
2.878048717975616455e-01
2.804878056049346924e-01
2.829267978668212891e-01
3.048780560493469238e-01
3.048780560493469238e-01
2.829268276691436768e-01
2.878048419952392578e-01
2.707317173480987549e-01
2.707316875457763672e-01
3.073170483112335205e-01
3.121951222419738770e-01
3.414634168148040771e-01
3.463414609432220459e-01
3.097561001777648926e-01
3.317072987556457520e-01
3.292682766914367676e-01
2.853658199310302734e-01
3.317073285579681396e-01
2.536585330963134766e-01
3.243902623653411865e-01
3.268292546272277832e-01
3.292682766914367676e-01
3.341463208198547363e-01
3.463414609432220459e-01
3.170731663703918457e-01
3.268292546272277832e-01
3.243902325630187988e-01
3.658536672592163086e-01
3.512195348739624023e-01
3.658536672592163086e-01
3.341463208198547363e-01
3.268292546272277832e-01
3.536585271358489990e-01
3.439024388790130615e-01
3.853658437728881836e-01
3.609755933284759521e-01
3.487805128097534180e-01
3.268292546272277832e-01
3.146341443061828613e-01
3.975609838962554932e-01
3.731707334518432617e-01
3.658536672592163086e-01
3.317073285579681396e-01
3.585366010665893555e-01
3.878048658370971680e-01
3.512195348739624023e-01
3.317072987556457520e-01
3.634146451950073242e-01
