1.707316935062408447e-02
1.707317121326923370e-02
2.439024299383163452e-02
1.951219327747821808e-02
2.195121906697750092e-02
1.463414542376995087e-02
2.439024299383163452e-02
2.439024485647678375e-02
2.195121720433235168e-02
1.463414542376995087e-02
7.317073177546262741e-03
1.219512149691581726e-02
7.317073177546262741e-03
1.219512149691581726e-02
1.463414635509252548e-02
1.707317121326923370e-02
7.317073177546262741e-03
1.707317121326923370e-02
1.951219327747821808e-02
2.195121906697750092e-02
1.463414542376995087e-02
1.219512149691581726e-02
9.756097570061683655e-03
1.463414542376995087e-02
1.463414542376995087e-02
1.219512149691581726e-02
1.463414635509252548e-02
1.707316935062408447e-02
1.219512149691581726e-02
1.463414635509252548e-02
1.707317121326923370e-02
3.170731663703918457e-02
1.707316935062408447e-02
2.195121906697750092e-02
1.219512149691581726e-02
1.707316935062408447e-02
2.439024485647678375e-02
1.951219514012336731e-02
1.219512149691581726e-02
1.707317121326923370e-02
1.463414635509252548e-02
1.463414542376995087e-02
1.219512149691581726e-02
4.878048785030841827e-03
1.951219514012336731e-02
1.707316935062408447e-02
1.707316935062408447e-02
9.756097570061683655e-03
9.756097570061683655e-03
2.195121906697750092e-02
1.463414542376995087e-02
1.951219327747821808e-02
1.463414542376995087e-02
1.951219514012336731e-02
1.951219514012336731e-02
1.219512149691581726e-02
1.951219327747821808e-02
2.439024299383163452e-02
2.926829271018505096e-02
3.170731663703918457e-02
1.951219327747821808e-02
2.682926878333091736e-02
1.951219327747821808e-02
1.463414542376995087e-02
1.707317121326923370e-02
2.195121720433235168e-02
2.926829084753990173e-02
7.317073177546262741e-03
2.682926692068576813e-02
1.707316935062408447e-02
2.195121720433235168e-02
1.219512149691581726e-02
2.926829084753990173e-02
2.926829271018505096e-02
2.195121720433235168e-02
2.926829084753990173e-02
2.682926878333091736e-02
2.682926692068576813e-02
3.902439028024673462e-02
3.414634242653846741e-02
2.682926878333091736e-02
3.170731663703918457e-02
3.414634242653846741e-02
3.902438655495643616e-02
5.609755963087081909e-02
3.414633870124816895e-02
4.146341606974601746e-02
3.170731663703918457e-02
4.390244185924530029e-02
5.121951550245285034e-02
5.121951177716255188e-02
6.097561120986938477e-02
4.878048598766326904e-02
4.878048971295356750e-02
7.560975104570388794e-02
5.853658542037010193e-02
6.097560375928878784e-02
7.073170691728591919e-02
5.121951550245285034e-02
7.317072898149490356e-02
7.560975849628448486e-02
7.560975849628448486e-02
7.804878056049346924e-02
8.536585420370101929e-02
9.268292039632797241e-02
7.804878056049346924e-02
9.999998658895492554e-02
1.121951192617416382e-01
9.024389833211898804e-02
8.292683213949203491e-02
9.999999403953552246e-02
1.365853548049926758e-01
1.097560971975326538e-01
1.121951267123222351e-01
1.170731708407402039e-01
1.243902444839477539e-01
1.609756052494049072e-01
1.609756052494049072e-01
1.390243917703628540e-01
1.390243917703628540e-01
1.317073106765747070e-01
1.536585241556167603e-01
1.756097525358200073e-01
1.536585241556167603e-01
1.658536493778228760e-01
1.658536642789840698e-01
1.512195020914077759e-01
1.585365682840347290e-01
1.975609809160232544e-01
1.585365831851959229e-01
1.804878115653991699e-01
2.170731723308563232e-01
1.780487746000289917e-01
1.707317084074020386e-01
1.853658556938171387e-01
1.951219588518142700e-01
1.804877966642379761e-01
2.121951133012771606e-01
2.317073196172714233e-01
2.243902385234832764e-01
1.951219439506530762e-01
2.536585330963134766e-01
2.024390101432800293e-01
2.048780620098114014e-01
2.317072898149490356e-01
2.097561061382293701e-01
2.317073196172714233e-01
2.365853637456893921e-01
2.121951282024383545e-01
2.219512015581130981e-01
2.317073345184326172e-01
2.439024299383163452e-01
2.414634078741073608e-01
2.756097614765167236e-01
2.780487537384033203e-01
2.609756290912628174e-01
2.634146511554718018e-01
2.804878056049346924e-01
2.365853786468505859e-01
2.804878056049346924e-01
3.024390339851379395e-01
2.560975551605224609e-01
2.585365772247314453e-01
2.707316875457763672e-01
2.804878056049346924e-01
2.878049015998840332e-01
2.707316875457763672e-01
2.804878056049346924e-01
2.804878056049346924e-01
2.487804889678955078e-01
3.048780560493469238e-01
2.999999821186065674e-01
2.902438938617706299e-01
2.780487835407257080e-01
2.634146213531494141e-01
2.682926654815673828e-01
2.902438938617706299e-01
3.097561001777648926e-01
3.097560703754425049e-01
3.390243947505950928e-01
3.560975790023803711e-01
2.926829159259796143e-01
2.902438938617706299e-01
3.121951222419738770e-01
3.317073285579681396e-01
3.707316815853118896e-01
3.292682766914367676e-01
3.121951222419738770e-01
3.024390041828155518e-01
3.268292546272277832e-01
3.195121884346008301e-01
3.097560703754425049e-01
3.000000119209289551e-01
3.439024388790130615e-01
3.341463208198547363e-01
3.731707334518432617e-01
3.609756231307983398e-01
3.414633870124816895e-01
3.292682766914367676e-01
3.414634466171264648e-01
