3.422878503799438477e+00
6.371674537658691406e+00
9.241440296173095703e+00
1.211024069786071777e+01
1.497406220436096191e+01
1.786712121963500977e+01
2.066459941864013672e+01
2.358356881141662598e+01
2.648514723777770996e+01
2.971329569816589355e+01
3.254398798942565918e+01
3.552310657501220703e+01
3.832970976829528809e+01
4.119574761390686035e+01
4.404656958580017090e+01
4.693040966987609863e+01
4.979768133163452148e+01
5.275819373130798340e+01
5.562577033042907715e+01
5.852782893180847168e+01
6.156324934959411621e+01
6.381647372245788574e+01
6.598701667785644531e+01
6.815155577659606934e+01
7.029744839668273926e+01
7.250178432464599609e+01
7.474727058410644531e+01
7.684437370300292969e+01
7.904293704032897949e+01
8.122325968742370605e+01
8.342222023010253906e+01
8.560612249374389648e+01
8.778066849708557129e+01
8.999274516105651855e+01
9.217330956459045410e+01
9.442964482307434082e+01
9.663020920753479004e+01
9.878974461555480957e+01
1.009786565303802490e+02
1.032078294754028320e+02
1.054854502677917480e+02
1.079462130069732666e+02
1.100750446319580078e+02
1.123116219043731689e+02
1.144641520977020264e+02
1.166592223644256592e+02
1.187947497367858887e+02
1.209869327545166016e+02
1.231718139648437500e+02
1.254335668087005615e+02
1.275769808292388916e+02
1.298140554428100586e+02
1.320242991447448730e+02
1.341888382434844971e+02
1.363733730316162109e+02
1.385526363849639893e+02
1.407210617065429688e+02
1.429007451534271240e+02
1.450682859420776367e+02
1.471838033199310303e+02
1.493558676242828369e+02
1.515628197193145752e+02
1.537498116493225098e+02
1.559690926074981689e+02
1.581149616241455078e+02
1.603015160560607910e+02
1.624197182655334473e+02
1.645567772388458252e+02
1.667420909404754639e+02
1.689166927337646484e+02
1.711398391723632812e+02
1.732993879318237305e+02
1.755298204421997070e+02
1.777136688232421875e+02
1.798692014217376709e+02
1.821786363124847412e+02
1.843425078392028809e+02
1.865077147483825684e+02
1.886739940643310547e+02
1.908655519485473633e+02
1.930511732101440430e+02
1.952442979812622070e+02
1.973487930297851562e+02
1.995222258567810059e+02
2.017076692581176758e+02
2.038714106082916260e+02
2.060125291347503662e+02
2.081821141242980957e+02
2.103509690761566162e+02
2.125290970802307129e+02
2.146660299301147461e+02
2.168663568496704102e+02
2.190559425354003906e+02
2.212569525241851807e+02
2.233536930084228516e+02
2.254858248233795166e+02
2.276333518028259277e+02
2.297978904247283936e+02
2.319404585361480713e+02
2.341660404205322266e+02
2.363248319625854492e+02
2.385063953399658203e+02
2.406535358428955078e+02
2.427510354518890381e+02
2.449185762405395508e+02
2.470751659870147705e+02
2.492459609508514404e+02
2.514263699054718018e+02
2.535495669841766357e+02
2.557047195434570312e+02
2.578725533485412598e+02
2.600771112442016602e+02
2.622446520328521729e+02
2.644772541522979736e+02
2.666343705654144287e+02
2.688669905662536621e+02
2.710626268386840820e+02
2.732045946121215820e+02
2.754502048492431641e+02
2.776757886409759521e+02
2.799053866863250732e+02
2.820789332389831543e+02
2.842844877243041992e+02
2.864590339660644531e+02
2.886578793525695801e+02
2.908826844692230225e+02
2.930513637065887451e+02
2.951689987182617188e+02
2.974003608226776123e+02
2.994901809692382812e+02
3.016958782672882080e+02
3.039544825553894043e+02
3.062202644348144531e+02
3.083388230800628662e+02
3.104558367729187012e+02
3.128175051212310791e+02
3.153595147132873535e+02
3.179412212371826172e+02
3.207063984870910645e+02
3.235165102481842041e+02
3.263854806423187256e+02
3.292803092002868652e+02
3.321495904922485352e+02
3.348528814315795898e+02
3.376190080642700195e+02
3.403349745273590088e+02
3.430756950378417969e+02
3.459259583950042725e+02
3.488030045032501221e+02
3.516557834148406982e+02
3.544544608592987061e+02
3.571843008995056152e+02
3.600026836395263672e+02
3.628627164363861084e+02
3.656401317119598389e+02
3.684213523864746094e+02
3.711764986515045166e+02
3.738410811424255371e+02
3.765267527103424072e+02
3.792183802127838135e+02
3.820992078781127930e+02
3.847977819442749023e+02
3.884486522674560547e+02
3.913384025096893311e+02
3.941554729938507080e+02
3.968986494541168213e+02
3.998033053874969482e+02
4.025839078426361084e+02
4.053496453762054443e+02
4.082072710990905762e+02
4.111064081192016602e+02
4.139152243137359619e+02
4.167513315677642822e+02
4.196627316474914551e+02
4.225989713668823242e+02
4.253395085334777832e+02
4.282684638500213623e+02
4.312597427368164062e+02
4.341125082969665527e+02
4.370490267276763916e+02
4.398676357269287109e+02
4.428695042133331299e+02
4.459459271430969238e+02
4.487272381782531738e+02
4.516941957473754883e+02
4.546236047744750977e+02
4.574867272377014160e+02
4.602706403732299805e+02
4.631816010475158691e+02
4.660580179691314697e+02
4.691836519241333008e+02
4.720556607246398926e+02
4.749637489318847656e+02
4.779981124401092529e+02
4.809350068569183350e+02
4.836951179504394531e+02
4.865325293540954590e+02
4.894153165817260742e+02
4.922422068119049072e+02
4.951012871265411377e+02
