2.358795642852783203e+00
4.453433275222778320e+00
6.493868350982666016e+00
8.567715406417846680e+00
1.062938332557678223e+01
1.282925128936767578e+01
1.493635964393615723e+01
1.702778720855712891e+01
1.913128066062927246e+01
2.121776390075683594e+01
2.342833614349365234e+01
2.554256176948547363e+01
2.766218280792236328e+01
2.977498126029968262e+01
3.190149331092834473e+01
3.401953959465026855e+01
3.607689738273620605e+01
3.816538071632385254e+01
4.023984456062316895e+01
4.231661248207092285e+01
4.436508202552795410e+01
4.640160822868347168e+01
4.851609802246093750e+01
5.058742427825927734e+01
5.269292116165161133e+01
5.481350493431091309e+01
5.690928840637207031e+01
5.901880002021789551e+01
6.106564021110534668e+01
6.316914963722229004e+01
6.529666090011596680e+01
6.743361759185791016e+01
6.961991238594055176e+01
7.178345036506652832e+01
7.402312159538269043e+01
7.640981864929199219e+01
7.892522549629211426e+01
8.140298676490783691e+01
8.388448953628540039e+01
8.657832908630371094e+01
8.922579288482666016e+01
9.182092285156250000e+01
9.453685307502746582e+01
9.725183868408203125e+01
9.998540401458740234e+01
1.028066351413726807e+02
1.055054075717926025e+02
1.082931714057922363e+02
1.110007710456848145e+02
1.137857522964477539e+02
1.165248782634735107e+02
1.191553726196289062e+02
1.218149254322052002e+02
1.245032727718353271e+02
1.272550413608551025e+02
1.298918454647064209e+02
1.324038088321685791e+02
1.351387531757354736e+02
1.377636203765869141e+02
1.404725470542907715e+02
1.430884876251220703e+02
1.457966537475585938e+02
1.484453401565551758e+02
1.512197363376617432e+02
1.539488995075225830e+02
1.567620344161987305e+02
1.594917769432067871e+02
1.622399406433105469e+02
1.649911525249481201e+02
1.677660045623779297e+02
1.705089550018310547e+02
1.733812038898468018e+02
1.761401073932647705e+02
1.789980702400207520e+02
1.817302210330963135e+02
1.845540173053741455e+02
1.873471453189849854e+02
1.902164790630340576e+02
1.930937376022338867e+02
1.958004827499389648e+02
1.985524237155914307e+02
2.012775452136993408e+02
2.040237255096435547e+02
2.067888634204864502e+02
2.095998630523681641e+02
2.123328058719635010e+02
2.151074159145355225e+02
2.184266245365142822e+02
2.212912478446960449e+02
2.241215143203735352e+02
2.270069036483764648e+02
2.299001109600067139e+02
2.327239425182342529e+02
2.355664246082305908e+02
2.384129350185394287e+02
2.411208598613739014e+02
2.439567289352416992e+02
2.468063175678253174e+02
2.495330941677093506e+02
2.523824567794799805e+02
2.551570084095001221e+02
2.578923697471618652e+02
2.607045128345489502e+02
2.633327994346618652e+02
2.661780169010162354e+02
2.689846124649047852e+02
2.717844173908233643e+02
2.746253235340118408e+02
2.773282690048217773e+02
2.800633332729339600e+02
2.828224434852600098e+02
2.856150667667388916e+02
2.884642832279205322e+02
2.912140457630157471e+02
2.941354310512542725e+02
2.969312250614166260e+02
2.998372609615325928e+02
3.026419599056243896e+02
3.055688776969909668e+02
3.083612084388732910e+02
3.110840568542480469e+02
3.139842646121978760e+02
3.169323606491088867e+02
3.198029749393463135e+02
3.225809502601623535e+02
3.253509640693664551e+02
3.282343420982360840e+02
3.310908162593841553e+02
3.338909986019134521e+02
3.366628491878509521e+02
3.395013611316680908e+02
3.423704833984375000e+02
3.451800551414489746e+02
3.480204315185546875e+02
3.508650476932525635e+02
3.536800510883331299e+02
3.568177008628845215e+02
3.606465053558349609e+02
3.634201526641845703e+02
3.662617709636688232e+02
3.690066359043121338e+02
3.717734491825103760e+02
3.746126611232757568e+02
3.774198150634765625e+02
3.802183735370635986e+02
3.830233585834503174e+02
3.857698864936828613e+02
3.885203664302825928e+02
3.912855653762817383e+02
3.941895146369934082e+02
3.969805440902709961e+02
3.998122789859771729e+02
4.026045768260955811e+02
4.053787887096405029e+02
4.082276277542114258e+02
4.108826947212219238e+02
4.136846437454223633e+02
4.164720203876495361e+02
4.192265322208404541e+02
4.219940962791442871e+02
4.247745392322540283e+02
4.274762103557586670e+02
4.302927970886230469e+02
4.330277273654937744e+02
4.360072000026702881e+02
4.386989622116088867e+02
4.414714293479919434e+02
4.442960925102233887e+02
4.470545125007629395e+02
4.498350522518157959e+02
4.526270325183868408e+02
4.553887290954589844e+02
4.581965172290802002e+02
4.610900940895080566e+02
4.639232060909271240e+02
4.666674566268920898e+02
4.695403723716735840e+02
4.725099039077758789e+02
4.753808581829071045e+02
4.781413812637329102e+02
4.810434441566467285e+02
4.836507236957550049e+02
4.863147072792053223e+02
4.891264405250549316e+02
4.920238389968872070e+02
4.948690588474273682e+02
4.977215957641601562e+02
5.004764602184295654e+02
5.033412458896636963e+02
5.061518964767456055e+02
5.090327372550964355e+02
5.118556721210479736e+02
5.147033457756042480e+02
5.174512994289398193e+02
5.202334842681884766e+02
5.230657258033752441e+02
5.258978209495544434e+02
5.286802799701690674e+02
5.313830070495605469e+02
5.342421910762786865e+02
