3.540518522262573242e+00
6.531644105911254883e+00
9.644857406616210938e+00
1.272204637527465820e+01
1.562110638618469238e+01
1.861823821067810059e+01
2.157934355735778809e+01
2.459548783302307129e+01
2.756760048866271973e+01
3.056172943115234375e+01
3.357187056541442871e+01
3.660102367401123047e+01
3.967520999908447266e+01
4.272137570381164551e+01
4.577554655075073242e+01
4.884472942352294922e+01
5.212606358528137207e+01
5.513520193099975586e+01
5.806228375434875488e+01
6.107242369651794434e+01
6.407756018638610840e+01
6.709570598602294922e+01
7.010584592819213867e+01
7.316001749038696289e+01
7.611912155151367188e+01
7.904820489883422852e+01
8.207235503196716309e+01
8.495840597152709961e+01
8.792651653289794922e+01
9.092464852333068848e+01
9.394779849052429199e+01
9.695493626594543457e+01
9.991203832626342773e+01
1.028651378154754639e+02
1.058282454013824463e+02
1.087463197708129883e+02
1.116343729496002197e+02
1.147325766086578369e+02
1.175956122875213623e+02
1.205607194900512695e+02
1.234908037185668945e+02
1.264479222297668457e+02
1.293419642448425293e+02
1.323400962352752686e+02
1.353752532005310059e+02
1.383813917636871338e+02
1.412744476795196533e+02
1.441925232410430908e+02
1.470705690383911133e+02
1.500236694812774658e+02
1.529397416114807129e+02
1.558458077907562256e+02
1.588089301586151123e+02
1.617950377464294434e+02
1.648612186908721924e+02
1.678163197040557861e+02
1.707744226455688477e+02
1.736965003013610840e+02
1.766566052436828613e+02
1.796127064228057861e+02
1.825728108882904053e+02
1.855229082107543945e+02
1.885390532016754150e+02
1.915341839790344238e+02
1.945002918243408203e+02
1.974273734092712402e+02
2.003714661598205566e+02
2.032635235786437988e+02
2.063036839962005615e+02
2.093158254623413086e+02
2.121798622608184814e+02
2.150799241065979004e+02
2.179569692611694336e+02
2.208840510845184326e+02
2.238081307411193848e+02
2.268082628250122070e+02
2.296532855033874512e+02
2.325583517551422119e+02
2.354864332675933838e+02
2.384435360431671143e+02
2.413466000556945801e+02
2.443367259502410889e+02
2.478582301139831543e+02
2.507172632217407227e+02
2.535943086147308350e+02
2.565414035320281982e+02
2.595705580711364746e+02
2.624936361312866211e+02
2.654827611446380615e+02
2.690182747840881348e+02
2.719613671302795410e+02
2.749304804801940918e+02
2.778875820636749268e+02
2.808116607666015625e+02
2.837307353019714355e+02
2.866808326244354248e+02
2.896229255199432373e+02
2.925520081520080566e+02
2.955211191177368164e+02
2.984011664390563965e+02
3.013112354278564453e+02
3.042983591556549072e+02
3.072234396934509277e+02
3.101405134201049805e+02
3.130735983848571777e+02
3.160136892795562744e+02
3.188637156486511230e+02
3.218338279724121094e+02
3.247489020824432373e+02
3.276869890689849854e+02
3.306060643196105957e+02
3.335591642856597900e+02
3.364522211551666260e+02
3.394163284301757812e+02
3.422643537521362305e+02
3.451554090976715088e+02
3.481175150871276855e+02
3.511947035789489746e+02
3.540697488784790039e+02
3.569177732467651367e+02
3.598228399753570557e+02
3.627409126758575439e+02
3.656379723548889160e+02
3.686561188697814941e+02
3.716112191677093506e+02
3.745162844657897949e+02
3.773833239078521729e+02
3.802443578243255615e+02
3.831063923835754395e+02
3.860414800643920898e+02
3.889035296440124512e+02
3.917795603275299072e+02
3.946586060523986816e+02
3.974766097068786621e+02
4.003546576499938965e+02
4.032347047328948975e+02
4.061898052692413330e+02
4.090638492107391357e+02
4.119258832931518555e+02
4.148049302101135254e+02
4.177550280094146729e+02
4.205990509986877441e+02
4.234350671768188477e+02
4.263151159286499023e+02
4.292141759395599365e+02
4.321292481422424316e+02
4.350753438472747803e+02
4.378953487873077393e+02
4.407623863220214844e+02
4.436454374790191650e+02
4.465665137767791748e+02
4.494655747413635254e+02
4.522835781574249268e+02
4.552366788387298584e+02
4.581217296123504639e+02
4.610247933864593506e+02
4.639418683052062988e+02
4.668429307937622070e+02
4.697509975433349609e+02
4.726530609130859375e+02
4.755361118316650391e+02
4.783931424617767334e+02
4.817835543155670166e+02
4.845871288776397705e+02
4.870128538608551025e+02
4.895510051250457764e+02
4.918989078998565674e+02
4.942134454250335693e+02
4.964920656681060791e+02
4.987798590660095215e+02
5.010492341518402100e+02
5.032780873775482178e+02
5.055482442378997803e+02
5.078617925643920898e+02
5.101573684215545654e+02
5.124490053653717041e+02
5.147225317955017090e+02
5.169820883274078369e+02
5.192857258319854736e+02
5.215003135204315186e+02
5.237611358165740967e+02
5.260676143169403076e+02
5.283061881065368652e+02
5.306128280162811279e+02
5.328674309253692627e+02
5.350928845405578613e+02
5.373768246173858643e+02
5.397390177249908447e+02
5.420051822662353516e+02
5.442547945976257324e+02
5.465273983478546143e+02
5.488512985706329346e+02
5.511078906059265137e+02
5.532805058956146240e+02
5.554770798683166504e+02
5.577334327697753906e+02
5.600540840625762939e+02
5.622996797561645508e+02
5.645782997608184814e+02
5.669493567943572998e+02
