3.511675596237182617e+00
6.403247594833374023e+00
9.368426799774169922e+00
1.239025902748107910e+01
1.561794185638427734e+01
1.893984580039978027e+01
2.187239074707031250e+01
2.497781062126159668e+01
2.795423030853271484e+01
3.082813215255737305e+01
3.379343342781066895e+01
3.688263010978698730e+01
3.994563102722167969e+01
4.292749094963073730e+01
4.589282488822937012e+01
4.899586248397827148e+01
5.208783411979675293e+01
5.530303859710693359e+01
5.840820455551147461e+01
6.142362141609191895e+01
6.453432083129882812e+01
6.764829802513122559e+01
7.075350379943847656e+01
7.384023070335388184e+01
7.703413510322570801e+01
8.008481788635253906e+01
8.308096051216125488e+01
8.627124071121215820e+01
8.945050048828125000e+01
9.264174818992614746e+01
9.566684699058532715e+01
9.895159673690795898e+01
1.020026180744171143e+02
1.053335051536560059e+02
1.085944416522979736e+02
1.115075371265411377e+02
1.144364764690399170e+02
1.176901082992553711e+02
1.206764965057373047e+02
1.237466800212860107e+02
1.267470903396606445e+02
1.299037461280822754e+02
1.328738205432891846e+02
1.358828685283660889e+02
1.391453566551208496e+02
1.421711983680725098e+02
1.451102478504180908e+02
1.480683507919311523e+02
1.511374702453613281e+02
1.542807433605194092e+02
1.573433594703674316e+02
1.603424923419952393e+02
1.633951871395111084e+02
1.664773781299591064e+02
1.693889966011047363e+02
1.725026845932006836e+02
1.756728513240814209e+02
1.787461175918579102e+02
1.817989974021911621e+02
1.848604912757873535e+02
1.881152014732360840e+02
1.911929552555084229e+02
1.942731461524963379e+02
1.972574183940887451e+02
2.004675238132476807e+02
2.035698287487030029e+02
2.065412659645080566e+02
2.096704773902893066e+02
2.128485665321350098e+02
2.160389831066131592e+02
2.191525740623474121e+02
2.223013765811920166e+02
2.254302499294281006e+02
2.284909241199493408e+02
2.317143144607543945e+02
2.351418437957763672e+02
2.382410483360290527e+02
2.412779569625854492e+02
2.442750999927520752e+02
2.474736518859863281e+02
2.505985741615295410e+02
2.536605098247528076e+02
2.569184937477111816e+02
2.599354321956634521e+02
2.629953448772430420e+02
2.660737564563751221e+02
2.691929364204406738e+02
2.722648794651031494e+02
2.754661583900451660e+02
2.785561444759368896e+02
2.816003551483154297e+02
2.845641314983367920e+02
2.876080062389373779e+02
2.906925334930419922e+02
2.937542738914489746e+02
2.967329518795013428e+02
2.997682600021362305e+02
3.029181263446807861e+02
3.062138230800628662e+02
3.093159465789794922e+02
3.123978517055511475e+02
3.155657811164855957e+02
3.185477161407470703e+02
3.218153786659240723e+02
3.251574535369873047e+02
3.281222851276397705e+02
3.310985233783721924e+02
3.341188971996307373e+02
3.374123935699462891e+02
3.403776586055755615e+02
3.433286685943603516e+02
3.463499634265899658e+02
3.493830847740173340e+02
3.523601171970367432e+02
3.553752272129058838e+02
3.582972917556762695e+02
3.613420433998107910e+02
3.643418309688568115e+02
3.673904206752777100e+02
3.705505883693695068e+02
3.735499422550201416e+02
3.765432620048522949e+02
3.796824448108673096e+02
3.829411790370941162e+02
3.859052524566650391e+02
3.888414137363433838e+02
3.919989340305328369e+02
3.951734519004821777e+02
3.984123013019561768e+02
4.016117563247680664e+02
4.046435062885284424e+02
4.077101233005523682e+02
4.107018477916717529e+02
4.149235262870788574e+02
4.182359006404876709e+02
4.214050176143646240e+02
4.245672779083251953e+02
4.276784195899963379e+02
4.306495323181152344e+02
4.336853146553039551e+02
4.366510062217712402e+02
4.396521403789520264e+02
4.426722879409790039e+02
4.457024438381195068e+02
4.486365280151367188e+02
4.515926301479339600e+02
4.545627460479736328e+02
4.575078353881835938e+02
4.604199059009552002e+02
4.632809410095214844e+02
4.662310383319854736e+02
4.692041532993316650e+02
4.722443151473999023e+02
4.752384428977966309e+02
4.781535310745239258e+02
4.811736629009246826e+02
4.844229729175567627e+02
4.875692102909088135e+02
4.907164473533630371e+02
4.939417421817779541e+02
4.967757558822631836e+02
4.998019087314605713e+02
5.028981082439422607e+02
5.058361980915069580e+02
5.087762882709503174e+02
5.118274579048156738e+02
5.147835595607757568e+02
5.177396612167358398e+02
5.206837546825408936e+02
5.236458642482757568e+02
5.265929555892944336e+02
5.296211099624633789e+02
5.327583391666412354e+02
5.357214467525482178e+02
5.386535470485687256e+02
5.415876181125640869e+02
5.447278504371643066e+02
5.476699421405792236e+02
5.507241132259368896e+02
5.536411886215209961e+02
5.567203764915466309e+02
5.598636121749877930e+02
5.628107075691223145e+02
5.658168447017669678e+02
5.688660128116607666e+02
5.718581395149230957e+02
5.747842214107513428e+02
5.776622731685638428e+02
5.806814134120941162e+02
5.836094949245452881e+02
5.864915452003479004e+02
5.894576537609100342e+02
5.923597176074981689e+02
5.953408360481262207e+02
5.982689187526702881e+02
6.011739845275878906e+02
6.041270830631256104e+02
6.070461590290069580e+02
6.100142695903778076e+02
6.129723725318908691e+02
