1.463414635509252548e-02
2.682926878333091736e-02
1.707317121326923370e-02
1.463414542376995087e-02
2.195121906697750092e-02
9.756097570061683655e-03
7.317073177546262741e-03
1.707316935062408447e-02
2.195121720433235168e-02
2.439024485647678375e-02
2.195121720433235168e-02
1.707316935062408447e-02
1.951219514012336731e-02
2.439024485647678375e-02
1.463414635509252548e-02
1.951219514012336731e-02
1.951219514012336731e-02
9.756097570061683655e-03
2.195121906697750092e-02
1.219512149691581726e-02
2.195121906697750092e-02
1.707316935062408447e-02
1.463414542376995087e-02
1.463414542376995087e-02
1.463414542376995087e-02
2.682926692068576813e-02
1.951219514012336731e-02
1.707317121326923370e-02
1.951219514012336731e-02
2.195121906697750092e-02
2.195121720433235168e-02
1.951219327747821808e-02
1.707316935062408447e-02
2.439024299383163452e-02
1.707316935062408447e-02
2.195121720433235168e-02
1.463414542376995087e-02
9.756097570061683655e-03
1.219512149691581726e-02
1.707317121326923370e-02
1.463414542376995087e-02
1.463414542376995087e-02
2.439024392515420914e-03
1.463414542376995087e-02
1.951219514012336731e-02
9.756097570061683655e-03
2.926829271018505096e-02
1.219512149691581726e-02
4.878048785030841827e-03
1.951219514012336731e-02
1.707316935062408447e-02
1.219512149691581726e-02
2.195122092962265015e-02
1.463414542376995087e-02
2.682926878333091736e-02
2.195121906697750092e-02
2.439024299383163452e-02
1.463414542376995087e-02
1.951219514012336731e-02
7.317073177546262741e-03
1.707316935062408447e-02
1.219512149691581726e-02
2.682926692068576813e-02
2.926829084753990173e-02
2.195121720433235168e-02
1.707317121326923370e-02
1.219512149691581726e-02
2.195121720433235168e-02
1.463414542376995087e-02
1.707316935062408447e-02
2.195121720433235168e-02
1.463414542376995087e-02
1.707316935062408447e-02
1.219512149691581726e-02
1.707316935062408447e-02
1.951219514012336731e-02
2.195122092962265015e-02
2.439024485647678375e-02
1.463414542376995087e-02
2.439024113118648529e-02
3.414634242653846741e-02
9.756097570061683655e-03
3.414634242653846741e-02
2.682926878333091736e-02
2.439024485647678375e-02
2.195121720433235168e-02
2.926829271018505096e-02
3.414633870124816895e-02
2.926829084753990173e-02
3.170731663703918457e-02
2.926829271018505096e-02
2.682926692068576813e-02
3.170731663703918457e-02
3.902439028024673462e-02
4.634146764874458313e-02
5.609755963087081909e-02
5.609756335616111755e-02
5.853658914566040039e-02
6.829268485307693481e-02
7.317072898149490356e-02
8.780488371849060059e-02
7.317073643207550049e-02
8.536584675312042236e-02
8.292682468891143799e-02
1.024390235543251038e-01
1.219512224197387695e-01
1.390243917703628540e-01
1.268292665481567383e-01
1.463414728641510010e-01
1.414634138345718384e-01
1.512195020914077759e-01
1.634146273136138916e-01
1.682927012443542480e-01
1.902439147233963013e-01
1.975609660148620605e-01
2.292682826519012451e-01
2.341463416814804077e-01
2.268292605876922607e-01
2.463414669036865234e-01
2.390243858098983765e-01
2.243902385234832764e-01
2.682926654815673828e-01
2.634146511554718018e-01
2.487804740667343140e-01
2.780487537384033203e-01
2.902438938617706299e-01
3.097561001777648926e-01
3.073170781135559082e-01
3.024390041828155518e-01
2.951219379901885986e-01
2.999999821186065674e-01
3.243902921676635742e-01
3.024390041828155518e-01
2.975609600543975830e-01
3.463414907455444336e-01
3.170731663703918457e-01
3.512195050716400146e-01
3.073170781135559082e-01
3.317073285579681396e-01
3.804878294467926025e-01
3.341463506221771240e-01
3.780487775802612305e-01
3.682927191257476807e-01
3.414633870124816895e-01
3.414634168148040771e-01
3.512195348739624023e-01
3.951219618320465088e-01
3.609756231307983398e-01
3.731707334518432617e-01
3.634146451950073242e-01
3.902438879013061523e-01
3.780488073825836182e-01
3.878048658370971680e-01
4.121951162815093994e-01
4.073170721530914307e-01
4.073170423507690430e-01
4.024389982223510742e-01
4.024390578269958496e-01
4.073170721530914307e-01
4.097560942173004150e-01
4.097560942173004150e-01
4.243902266025543213e-01
4.170731604099273682e-01
4.365853369235992432e-01
4.170731902122497559e-01
4.219512045383453369e-01
4.219512343406677246e-01
4.487805068492889404e-01
4.463414549827575684e-01
4.536585509777069092e-01
4.487804770469665527e-01
4.902438819408416748e-01
4.512195587158203125e-01
4.560975432395935059e-01
4.731707274913787842e-01
4.390243887901306152e-01
4.853658378124237061e-01
4.317073225975036621e-01
4.365853667259216309e-01
4.463414549827575684e-01
4.804878234863281250e-01
4.756097495555877686e-01
4.829268157482147217e-01
4.853658676147460938e-01
4.878048598766326904e-01
5.121951103210449219e-01
5.048780441284179688e-01
4.804877936840057373e-01
4.756097793579101562e-01
4.878048896789550781e-01
4.804877936840057373e-01
4.902438819408416748e-01
4.926829040050506592e-01
4.682927131652832031e-01
4.975609481334686279e-01
4.853658378124237061e-01
5.024390220642089844e-01
5.170731544494628906e-01
5.195121765136718750e-01
4.609756171703338623e-01
