1.463414542376995087e-02
1.219512149691581726e-02
3.170731663703918457e-02
2.195121720433235168e-02
9.756097570061683655e-03
1.707317121326923370e-02
1.951219327747821808e-02
1.463414542376995087e-02
1.707316935062408447e-02
2.439024299383163452e-02
2.926829084753990173e-02
2.195121906697750092e-02
2.195121906697750092e-02
2.195121720433235168e-02
2.195121720433235168e-02
2.195121906697750092e-02
1.707316935062408447e-02
1.951219327747821808e-02
9.756097570061683655e-03
1.463414542376995087e-02
1.463414542376995087e-02
1.951219514012336731e-02
1.707317121326923370e-02
1.219512149691581726e-02
1.707316935062408447e-02
1.219512149691581726e-02
2.439024485647678375e-02
1.707316935062408447e-02
1.951219327747821808e-02
1.463414635509252548e-02
9.756097570061683655e-03
1.951219514012336731e-02
4.878048785030841827e-03
1.219512149691581726e-02
1.219512149691581726e-02
2.439024299383163452e-02
1.951219514012336731e-02
2.195121906697750092e-02
7.317073177546262741e-03
7.317073177546262741e-03
1.463414635509252548e-02
2.195121906697750092e-02
2.439024299383163452e-02
1.463414542376995087e-02
1.463414542376995087e-02
1.707316935062408447e-02
2.439024299383163452e-02
1.463414542376995087e-02
1.219512149691581726e-02
1.951219514012336731e-02
1.707317121326923370e-02
2.682926878333091736e-02
2.682926692068576813e-02
1.951219514012336731e-02
9.756097570061683655e-03
1.951219514012336731e-02
2.195121720433235168e-02
2.926829271018505096e-02
1.707317121326923370e-02
7.317073177546262741e-03
1.219512149691581726e-02
2.682926692068576813e-02
7.317073177546262741e-03
1.219512149691581726e-02
2.195121906697750092e-02
2.439024299383163452e-02
1.951219327747821808e-02
2.439024299383163452e-02
9.756097570061683655e-03
1.463414635509252548e-02
2.439024299383163452e-02
1.707317121326923370e-02
2.195121720433235168e-02
2.439024113118648529e-02
1.463414542376995087e-02
4.878048785030841827e-03
1.463414635509252548e-02
2.439024299383163452e-02
2.195121720433235168e-02
1.951219514012336731e-02
2.439024113118648529e-02
2.439024299383163452e-02
1.951219514012336731e-02
1.219512149691581726e-02
2.682926505804061890e-02
2.926829084753990173e-02
2.195122092962265015e-02
4.146341234445571899e-02
3.414634242653846741e-02
3.902439400553703308e-02
5.609756335616111755e-02
4.390243813395500183e-02
5.365853756666183472e-02
5.365853756666183472e-02
5.853658542037010193e-02
7.317072898149490356e-02
8.048780262470245361e-02
1.146341487765312195e-01
1.121951192617416382e-01
1.195121929049491882e-01
1.439024507999420166e-01
1.560975611209869385e-01
1.585365831851959229e-01
1.658536493778228760e-01
1.804877966642379761e-01
1.780487895011901855e-01
2.243902385234832764e-01
1.853658556938171387e-01
2.243902534246444702e-01
2.268292605876922607e-01
2.560975551605224609e-01
2.317073047161102295e-01
2.731707394123077393e-01
2.902438938617706299e-01
2.829268276691436768e-01
2.878049015998840332e-01
3.073170781135559082e-01
3.048780262470245361e-01
3.195121884346008301e-01
3.195121884346008301e-01
3.292682766914367676e-01
3.756097555160522461e-01
3.146341145038604736e-01
3.609755933284759521e-01
3.463414609432220459e-01
3.585366010665893555e-01
3.731707036495208740e-01
3.804877996444702148e-01
3.804877996444702148e-01
3.926829397678375244e-01
4.024390280246734619e-01
4.121951162815093994e-01
3.926829099655151367e-01
4.341463148593902588e-01
4.146341383457183838e-01
4.487804472446441650e-01
4.341463148593902588e-01
4.365853667259216309e-01
4.560975432395935059e-01
4.487804472446441650e-01
4.414634108543395996e-01
4.682926535606384277e-01
4.292682707309722900e-01
4.609756171703338623e-01
4.804878234863281250e-01
4.560975432395935059e-01
4.609755873680114746e-01
4.609755873680114746e-01
4.975609481334686279e-01
4.731707274913787842e-01
4.756097197532653809e-01
5.073170661926269531e-01
4.731707572937011719e-01
4.829267859458923340e-01
5.048780441284179688e-01
4.804877936840057373e-01
5.000000000000000000e-01
5.292683243751525879e-01
4.926829338073730469e-01
4.780487418174743652e-01
5.146341323852539062e-01
5.439023971557617188e-01
5.243902206420898438e-01
5.146341919898986816e-01
4.878048896789550781e-01
5.170732140541076660e-01
5.073170661926269531e-01
5.121951103210449219e-01
5.195121765136718750e-01
5.219512581825256348e-01
5.414633750915527344e-01
5.097560882568359375e-01
5.317073464393615723e-01
5.195121765136718750e-01
5.390243530273437500e-01
5.219511985778808594e-01
5.341463685035705566e-01
5.024390220642089844e-01
5.560975074768066406e-01
5.414634346961975098e-01
5.512195229530334473e-01
5.365853309631347656e-01
5.414633750915527344e-01
5.487805008888244629e-01
5.414633750915527344e-01
5.487805008888244629e-01
5.536585450172424316e-01
5.609756112098693848e-01
5.560976266860961914e-01
5.804877877235412598e-01
5.658537149429321289e-01
5.292682647705078125e-01
5.487804412841796875e-01
5.536584854125976562e-01
5.682926177978515625e-01
5.756097435951232910e-01
5.804878473281860352e-01
5.536585450172424316e-01
5.365853309631347656e-01
5.536585450172424316e-01
