1.951219327747821808e-02
1.219512149691581726e-02
1.707317121326923370e-02
1.951219514012336731e-02
1.707316935062408447e-02
1.707316935062408447e-02
1.707317121326923370e-02
1.219512149691581726e-02
1.707316935062408447e-02
1.463414542376995087e-02
1.219512149691581726e-02
1.219512149691581726e-02
7.317073177546262741e-03
9.756097570061683655e-03
1.951219514012336731e-02
1.219512149691581726e-02
1.707317121326923370e-02
1.219512149691581726e-02
2.682926692068576813e-02
9.756097570061683655e-03
1.951219327747821808e-02
1.463414635509252548e-02
0.000000000000000000e+00
1.463414635509252548e-02
1.707317121326923370e-02
9.756097570061683655e-03
1.219512149691581726e-02
7.317073177546262741e-03
9.756097570061683655e-03
2.439024299383163452e-02
4.878048785030841827e-03
1.219512149691581726e-02
2.682926878333091736e-02
1.951219514012336731e-02
1.951219514012336731e-02
7.317073177546262741e-03
9.756097570061683655e-03
1.463414542376995087e-02
1.463414542376995087e-02
9.756097570061683655e-03
1.707316935062408447e-02
1.219512149691581726e-02
1.219512149691581726e-02
1.707316935062408447e-02
1.219512149691581726e-02
1.707316935062408447e-02
9.756097570061683655e-03
1.951219514012336731e-02
2.195121906697750092e-02
1.463414542376995087e-02
2.195121720433235168e-02
1.219512149691581726e-02
9.756097570061683655e-03
2.682926878333091736e-02
2.195121906697750092e-02
2.682926505804061890e-02
1.463414635509252548e-02
2.195121906697750092e-02
2.682926692068576813e-02
2.195121906697750092e-02
2.195121906697750092e-02
2.926828898489475250e-02
2.926829084753990173e-02
2.439024299383163452e-02
4.390243813395500183e-02
2.926829084753990173e-02
6.341463327407836914e-02
4.634146392345428467e-02
3.902439028024673462e-02
6.097560748457908630e-02
5.365853756666183472e-02
6.097561120986938477e-02
4.390244185924530029e-02
6.341463327407836914e-02
6.341463327407836914e-02
8.292682468891143799e-02
8.536584675312042236e-02
9.024389833211898804e-02
9.512195736169815063e-02
1.146341413259506226e-01
1.243902519345283508e-01
1.097560971975326538e-01
9.756097197532653809e-02
1.292682886123657227e-01
1.292682886123657227e-01
1.170731782913208008e-01
1.463414728641510010e-01
1.585365831851959229e-01
1.682926863431930542e-01
1.780487746000289917e-01
1.878048628568649292e-01
1.536585390567779541e-01
2.121951133012771606e-01
1.780487746000289917e-01
1.829268336296081543e-01
1.999999880790710449e-01
2.219512164592742920e-01
1.975609809160232544e-01
2.219512313604354858e-01
2.365853637456893921e-01
2.341463416814804077e-01
2.487804889678955078e-01
2.658536434173583984e-01
2.658536434173583984e-01
2.707316875457763672e-01
2.975609600543975830e-01
2.682926654815673828e-01
2.804877758026123047e-01
2.853658497333526611e-01
2.682926952838897705e-01
3.097561001777648926e-01
2.926829159259796143e-01
3.024390041828155518e-01
3.146341145038604736e-01
2.975609600543975830e-01
3.170731663703918457e-01
3.073171079158782959e-01
3.439024090766906738e-01
3.097560703754425049e-01
3.292683064937591553e-01
3.048780262470245361e-01
3.170731663703918457e-01
3.414634168148040771e-01
3.243902325630187988e-01
3.512195348739624023e-01
3.439024686813354492e-01
3.487805128097534180e-01
3.756097555160522461e-01
3.634146451950073242e-01
3.414634466171264648e-01
3.707317113876342773e-01
3.560975790023803711e-01
3.731707334518432617e-01
3.439024090766906738e-01
3.658536374568939209e-01
3.707317113876342773e-01
3.585366010665893555e-01
3.463414609432220459e-01
3.999999761581420898e-01
4.097560644149780273e-01
4.170731306076049805e-01
3.878048658370971680e-01
3.975609540939331055e-01
3.634146153926849365e-01
3.951219320297241211e-01
4.121951162815093994e-01
4.268292486667633057e-01
4.048780500888824463e-01
4.073170721530914307e-01
3.951219618320465088e-01
4.146341085433959961e-01
4.390243887901306152e-01
4.268292486667633057e-01
4.268292784690856934e-01
4.146341383457183838e-01
4.121951162815093994e-01
4.243902266025543213e-01
3.951219618320465088e-01
4.390243589878082275e-01
4.097560942173004150e-01
4.097560942173004150e-01
4.439024329185485840e-01
4.317072927951812744e-01
4.414633810520172119e-01
4.341463446617126465e-01
4.341463446617126465e-01
4.243902564048767090e-01
4.268292486667633057e-01
4.292682707309722900e-01
4.585366249084472656e-01
4.317072927951812744e-01
4.634146690368652344e-01
4.341463148593902588e-01
4.585365653038024902e-01
4.609755873680114746e-01
4.585365653038024902e-01
4.268292486667633057e-01
4.780487716197967529e-01
4.585366249084472656e-01
4.609755873680114746e-01
4.682926535606384277e-01
4.853658378124237061e-01
4.756097793579101562e-01
4.560975432395935059e-01
4.463414251804351807e-01
4.365853071212768555e-01
4.463414251804351807e-01
4.756097495555877686e-01
4.634146392345428467e-01
4.439024627208709717e-01
4.243902266025543213e-01
4.780487418174743652e-01
4.756097197532653809e-01
4.902439117431640625e-01
4.731706976890563965e-01
4.829268157482147217e-01
4.463414251804351807e-01
5.024390220642089844e-01
4.487804472446441650e-01
4.902439117431640625e-01
