9.756097570061683655e-03
2.195121906697750092e-02
1.219512149691581726e-02
2.195121906697750092e-02
1.219512149691581726e-02
1.951219514012336731e-02
1.463414635509252548e-02
1.219512149691581726e-02
7.317073177546262741e-03
9.756097570061683655e-03
1.951219514012336731e-02
2.926828898489475250e-02
1.219512149691581726e-02
2.439024299383163452e-02
1.219512149691581726e-02
2.926829271018505096e-02
2.195121720433235168e-02
1.951219327747821808e-02
1.463414635509252548e-02
1.951219514012336731e-02
1.219512149691581726e-02
2.439024299383163452e-02
7.317073177546262741e-03
1.463414542376995087e-02
1.463414635509252548e-02
1.463414542376995087e-02
2.682926505804061890e-02
1.951219514012336731e-02
2.195121906697750092e-02
1.219512149691581726e-02
1.951219327747821808e-02
2.682926878333091736e-02
1.219512149691581726e-02
1.707316935062408447e-02
1.463414542376995087e-02
1.463414542376995087e-02
2.195121720433235168e-02
7.317073177546262741e-03
1.707316935062408447e-02
2.682926692068576813e-02
4.878048785030841827e-03
1.951219514012336731e-02
1.707316935062408447e-02
1.707316935062408447e-02
1.707317121326923370e-02
1.707316935062408447e-02
2.195121906697750092e-02
1.951219514012336731e-02
1.463414542376995087e-02
3.170731663703918457e-02
1.707316935062408447e-02
2.439024113118648529e-02
1.463414542376995087e-02
2.195121720433235168e-02
2.439024299383163452e-02
1.463414542376995087e-02
2.195121720433235168e-02
7.317073177546262741e-03
1.707316935062408447e-02
1.707317121326923370e-02
2.439024299383163452e-02
2.682926692068576813e-02
2.682926692068576813e-02
3.170731663703918457e-02
2.439024113118648529e-02
2.682926505804061890e-02
2.195121906697750092e-02
4.390243813395500183e-02
2.926828898489475250e-02
2.926829271018505096e-02
2.682926878333091736e-02
4.146341606974601746e-02
5.365853384137153625e-02
5.121951177716255188e-02
5.853658169507980347e-02
5.853658542037010193e-02
5.609755963087081909e-02
6.585365533828735352e-02
7.804877310991287231e-02
7.073170691728591919e-02
8.048780262470245361e-02
7.560975849628448486e-02
7.560975849628448486e-02
1.048780456185340881e-01
8.780486881732940674e-02
7.804877310991287231e-02
1.024390235543251038e-01
1.121951267123222351e-01
1.219512149691581726e-01
1.195121854543685913e-01
1.609756052494049072e-01
1.536585390567779541e-01
1.512195169925689697e-01
1.634146422147750854e-01
1.951219439506530762e-01
1.756097525358200073e-01
1.902438998222351074e-01
2.268292605876922607e-01
2.170731574296951294e-01
2.000000029802322388e-01
2.292682975530624390e-01
2.219511866569519043e-01
2.585365772247314453e-01
2.195121943950653076e-01
2.439024448394775391e-01
2.804878056049346924e-01
2.682926654815673828e-01
2.634146213531494141e-01
2.902439236640930176e-01
2.926829159259796143e-01
2.999999821186065674e-01
2.780487835407257080e-01
2.999999821186065674e-01
2.829268276691436768e-01
3.219512104988098145e-01
2.975609898567199707e-01
2.951219379901885986e-01
3.243902623653411865e-01
3.048780560493469238e-01
3.487805128097534180e-01
3.512195348739624023e-01
3.609756231307983398e-01
3.268292546272277832e-01
3.341463208198547363e-01
3.682926893234252930e-01
3.536585569381713867e-01
3.829268515110015869e-01
3.780488073825836182e-01
3.804877996444702148e-01
3.878048956394195557e-01
4.097560942173004150e-01
4.097561240196228027e-01
4.097560644149780273e-01
3.829268515110015869e-01
3.853658735752105713e-01
3.902439177036285400e-01
4.048780500888824463e-01
3.878048360347747803e-01
4.000000059604644775e-01
4.000000059604644775e-01
4.024390280246734619e-01
4.073171019554138184e-01
4.024390280246734619e-01
4.121951162815093994e-01
4.097560942173004150e-01
4.000000059604644775e-01
4.243902266025543213e-01
4.268292784690856934e-01
4.390243887901306152e-01
4.414634406566619873e-01
4.170731902122497559e-01
4.195121824741363525e-01
4.682926833629608154e-01
4.487804770469665527e-01
4.439024627208709717e-01
4.414634406566619873e-01
4.853658378124237061e-01
4.390243887901306152e-01
4.268292784690856934e-01
4.804877936840057373e-01
4.585365951061248779e-01
4.365853667259216309e-01
4.951219558715820312e-01
4.512195289134979248e-01
4.731707572937011719e-01
4.756097495555877686e-01
4.902439117431640625e-01
4.780487716197967529e-01
4.658536612987518311e-01
4.682926833629608154e-01
4.926829040050506592e-01
5.341463088989257812e-01
4.829268455505371094e-01
4.878048598766326904e-01
4.999999701976776123e-01
4.780487716197967529e-01
5.073170661926269531e-01
4.951219558715820312e-01
5.073170661926269531e-01
4.926829338073730469e-01
4.804878234863281250e-01
4.975609779357910156e-01
5.414634346961975098e-01
4.951219558715820312e-01
4.804877936840057373e-01
5.219511985778808594e-01
5.146341323852539062e-01
5.317072868347167969e-01
5.097560882568359375e-01
5.243902206420898438e-01
5.170731544494628906e-01
4.975609481334686279e-01
4.902438819408416748e-01
5.341463088989257812e-01
5.292682647705078125e-01
5.000000000000000000e-01
5.219511985778808594e-01
5.292682647705078125e-01
5.170732140541076660e-01
5.487804412841796875e-01
