2.350058317184448242e+00
4.436608314514160156e+00
6.455135822296142578e+00
8.443310022354125977e+00
1.046912455558776855e+01
1.250857496261596680e+01
1.446126246452331543e+01
1.648917889595031738e+01
1.850884199142456055e+01
2.054682731628417969e+01
2.278067374229431152e+01
2.483451414108276367e+01
2.684383368492126465e+01
2.888162016868591309e+01
3.087904000282287598e+01
3.287356591224670410e+01
3.484242677688598633e+01
3.691313457489013672e+01
3.896862697601318359e+01
4.111583733558654785e+01
4.319026851654052734e+01
4.520502901077270508e+01
4.725163364410400391e+01
4.931960916519165039e+01
5.150942087173461914e+01
5.355376601219177246e+01
5.555718827247619629e+01
5.758252763748168945e+01
5.959273672103881836e+01
6.169162368774414062e+01
6.369399595260620117e+01
6.574833011627197266e+01
6.785918569564819336e+01
7.005374884605407715e+01
7.225531220436096191e+01
7.439783501625061035e+01
7.648750877380371094e+01
7.860341405868530273e+01
8.072825288772583008e+01
8.278307151794433594e+01
8.491582751274108887e+01
8.705431938171386719e+01
8.917592763900756836e+01
9.122879385948181152e+01
9.336820435523986816e+01
9.549794125556945801e+01
9.770250535011291504e+01
9.992414474487304688e+01
1.021459026336669922e+02
1.042871670722961426e+02
1.065696613788604736e+02
1.087109429836273193e+02
1.108604719638824463e+02
1.131055638790130615e+02
1.153152339458465576e+02
1.174111239910125732e+02
1.196014463901519775e+02
1.216679179668426514e+02
1.236857817173004150e+02
1.260503816604614258e+02
1.280749163627624512e+02
1.302157285213470459e+02
1.324853878021240234e+02
1.347326748371124268e+02
1.370542953014373779e+02
1.392141044139862061e+02
1.413651905059814453e+02
1.434607291221618652e+02
1.455127058029174805e+02
1.477275984287261963e+02
1.498314161300659180e+02
1.519591393470764160e+02
1.541350650787353516e+02
1.562932875156402588e+02
1.584874300956726074e+02
1.607888815402984619e+02
1.633376932144165039e+02
1.654912247657775879e+02
1.676001775264739990e+02
1.697068247795104980e+02
1.719255905151367188e+02
1.743259201049804688e+02
1.764156959056854248e+02
1.787600264549255371e+02
1.808643562793731689e+02
1.830202460289001465e+02
1.852158102989196777e+02
1.873857827186584473e+02
1.895520515441894531e+02
1.917387282848358154e+02
1.938586258888244629e+02
1.959036631584167480e+02
1.980606555938720703e+02
2.001078290939331055e+02
2.021565184593200684e+02
2.043008327484130859e+02
2.063485419750213623e+02
2.083341739177703857e+02
2.103549602031707764e+02
2.123080363273620605e+02
2.143992869853973389e+02
2.164443299770355225e+02
2.184937880039215088e+02
2.205145926475524902e+02
2.225949981212615967e+02
2.248892261981964111e+02
2.269885439872741699e+02
2.289601409435272217e+02
2.310033531188964844e+02
2.330211706161499023e+02
2.351019363403320312e+02
2.371618578433990479e+02
2.392302682399749756e+02
2.412016708850860596e+02
2.431915109157562256e+02
2.452160041332244873e+02
2.472777523994445801e+02
2.493002097606658936e+02
2.511695387363433838e+02
2.530536327362060547e+02
2.549450588226318359e+02
2.570061759948730469e+02
2.591136052608489990e+02
2.611603617668151855e+02
2.631675195693969727e+02
2.651185455322265625e+02
2.670593621730804443e+02
2.690724265575408936e+02
2.710955455303192139e+02
2.730611412525177002e+02
2.750741024017333984e+02
2.770817139148712158e+02
2.791025857925415039e+02
2.811556184291839600e+02
2.831864852905273438e+02
2.852453503608703613e+02
2.873083224296569824e+02
2.894398958683013916e+02
2.915345652103424072e+02
2.935865104198455811e+02
2.956969838142395020e+02
2.978490405082702637e+02
2.998834879398345947e+02
3.019295923709869385e+02
3.039565641880035400e+02
3.059849758148193359e+02
3.080195538997650146e+02
3.101142652034759521e+02
3.121719522476196289e+02
3.142154054641723633e+02
3.162918844223022461e+02
3.184309077262878418e+02
3.205371048450469971e+02
3.225968623161315918e+02
3.246486525535583496e+02
3.267481448650360107e+02
3.288283870220184326e+02
3.309149184226989746e+02
3.330068442821502686e+02
3.350204477310180664e+02
3.370508964061737061e+02
3.390970082283020020e+02
3.410904915332794189e+02
3.431499562263488770e+02
3.451336348056793213e+02
3.471700782775878906e+02
3.491761796474456787e+02
3.512222781181335449e+02
3.532217001914978027e+02
3.553843779563903809e+02
3.575119493007659912e+02
3.597098293304443359e+02
3.617627067565917969e+02
3.638810844421386719e+02
3.659617664813995361e+02
3.681541347503662109e+02
3.702377369403839111e+02
3.724388618469238281e+02
3.744907770156860352e+02
3.768152289390563965e+02
3.789291441440582275e+02
3.809750454425811768e+02
3.830440638065338135e+02
3.851828954219818115e+02
3.873742988109588623e+02
3.894695301055908203e+02
3.915065369606018066e+02
3.935793273448944092e+02
3.956367518901824951e+02
3.977485074996948242e+02
3.997648053169250488e+02
4.018927145004272461e+02
4.038839230537414551e+02
4.060040466785430908e+02
4.081342275142669678e+02
4.102478382587432861e+02
4.122859563827514648e+02
4.143063657283782959e+02
4.164298751354217529e+02
4.185072107315063477e+02
