2.423004627227783203e+00
4.599250555038452148e+00
6.860271453857421875e+00
9.017994403839111328e+00
1.134965872764587402e+01
1.354679560661315918e+01
1.572365021705627441e+01
1.804447126388549805e+01
2.021169376373291016e+01
2.227996301651000977e+01
2.442166399955749512e+01
2.675480341911315918e+01
2.906542634963989258e+01
3.135104799270629883e+01
3.357105374336242676e+01
3.574347019195556641e+01
3.815044951438903809e+01
4.045751190185546875e+01
4.257344794273376465e+01
4.496498966217041016e+01
4.740408849716186523e+01
4.979549074172973633e+01
5.207376599311828613e+01
5.450685167312622070e+01
5.694999957084655762e+01
5.938012313842773438e+01
6.197849464416503906e+01
6.431388401985168457e+01
6.677824330329895020e+01
6.913491892814636230e+01
7.160762524604797363e+01
7.358997845649719238e+01
7.519078350067138672e+01
7.683295130729675293e+01
7.832202100753784180e+01
7.983038210868835449e+01
8.134445905685424805e+01
8.279950690269470215e+01
8.428007411956787109e+01
8.578315567970275879e+01
8.729007530212402344e+01
8.877120089530944824e+01
9.025261807441711426e+01
9.174067497253417969e+01
9.318450069427490234e+01
9.462753963470458984e+01
9.610126161575317383e+01
9.758156061172485352e+01
9.905512213706970215e+01
1.005338604450225830e+02
1.020153999328613281e+02
1.034798202514648438e+02
1.049588727951049805e+02
1.064203140735626221e+02
1.079232354164123535e+02
1.094231534004211426e+02
1.108740091323852539e+02
1.123377544879913330e+02
1.137997949123382568e+02
1.152770936489105225e+02
1.167558579444885254e+02
1.182589392662048340e+02
1.197109591960906982e+02
1.212010190486907959e+02
1.226853652000427246e+02
1.241555271148681641e+02
1.256179051399230957e+02
1.270379643440246582e+02
1.285270566940307617e+02
1.300020265579223633e+02
1.314760608673095703e+02
1.329724259376525879e+02
1.344274458885192871e+02
1.359046673774719238e+02
1.373406879901885986e+02
1.388117516040802002e+02
1.402778816223144531e+02
1.417186887264251709e+02
1.432535541057586670e+02
1.447231225967407227e+02
1.462027342319488525e+02
1.476875650882720947e+02
1.491823260784149170e+02
1.506443653106689453e+02
1.522075881958007812e+02
1.536634404659271240e+02
1.551554086208343506e+02
1.566414527893066406e+02
1.580934853553771973e+02
1.595398824214935303e+02
1.610399489402770996e+02
1.625195870399475098e+02
1.639894762039184570e+02
1.655315515995025635e+02
1.670135443210601807e+02
1.685036041736602783e+02
1.700486607551574707e+02
1.716057667732238770e+02
1.731404802799224854e+02
1.746249496936798096e+02
1.761576268672943115e+02
1.776426825523376465e+02
1.791107263565063477e+02
1.805561599731445312e+02
1.820432174205780029e+02
1.835753080844879150e+02
1.850623641014099121e+02
1.865914514064788818e+02
1.880766904354095459e+02
1.896139898300170898e+02
1.910820338726043701e+02
1.925270609855651855e+02
1.940458784103393555e+02
1.954909880161285400e+02
1.970040638446807861e+02
1.984851169586181641e+02
1.999328036308288574e+02
2.014390020370483398e+02
2.030115001201629639e+02
2.045305812358856201e+02
2.060796816349029541e+02
2.075657384395599365e+02
2.090287785530090332e+02
2.106023609638214111e+02
2.120832631587982178e+02
2.135903227329254150e+02
2.150779931545257568e+02
2.166431088447570801e+02
2.181408960819244385e+02
2.196419627666473389e+02
2.210990121364593506e+02
2.225714194774627686e+02
2.240760762691497803e+02
2.255260970592498779e+02
2.270031476020812988e+02
2.285214178562164307e+02
2.299737553596496582e+02
2.314366252422332764e+02
2.329567062854766846e+02
2.344740459918975830e+02
2.359968962669372559e+02
2.375193364620208740e+02
2.390414066314697266e+02
2.405274629592895508e+02
2.420095601081848145e+02
2.435178585052490234e+02
2.449875066280364990e+02
2.464617638587951660e+02
2.479748392105102539e+02
2.494415340423583984e+02
2.508754613399505615e+02
2.523997819423675537e+02
2.539959166049957275e+02
2.554684271812438965e+02
2.568985023498535156e+02
2.583495390415191650e+02
2.598890414237976074e+02
2.613210723400115967e+02
2.627843017578125000e+02
2.642560994625091553e+02
2.657319185733795166e+02
2.672207520008087158e+02
2.687869277000427246e+02
2.702665557861328125e+02
2.717486221790313721e+02
2.733097338676452637e+02
2.747921137809753418e+02
2.762646427154541016e+02
2.776954548358917236e+02
2.793326056003570557e+02
2.808279817104339600e+02
2.823509933948516846e+02
2.839661419391632080e+02
2.854402077198028564e+02
2.869018397331237793e+02
2.884698057174682617e+02
2.900067241191864014e+02
2.914587647914886475e+02
2.929520661830902100e+02
2.944209921360015869e+02
2.959008243083953857e+02
2.973498544692993164e+02
2.988618626594543457e+02
3.003437614440917969e+02
3.019165756702423096e+02
3.034085345268249512e+02
3.048685719966888428e+02
3.063466718196868896e+02
3.078176977634429932e+02
3.092942397594451904e+02
3.108493456840515137e+02
3.123032250404357910e+02
3.138342423439025879e+02
3.153283374309539795e+02
3.168501334190368652e+02
3.183682129383087158e+02
3.199073073863983154e+02
3.214864301681518555e+02
3.230653932094573975e+02
3.245664854049682617e+02
