1.795631408691406250e+00
3.406362295150756836e+00
4.899435997009277344e+00
6.408592939376831055e+00
7.890646934509277344e+00
9.397767782211303711e+00
1.100192117691040039e+01
1.257102513313293457e+01
1.410816884040832520e+01
1.571086740493774414e+01
1.715839123725891113e+01
1.862678670883178711e+01
2.019347906112670898e+01
2.169198775291442871e+01
2.319807100296020508e+01
2.473280310630798340e+01
2.623962330818176270e+01
2.782575178146362305e+01
2.935083699226379395e+01
3.087742567062377930e+01
3.238148188591003418e+01
3.392457914352416992e+01
3.542716717720031738e+01
3.695854544639587402e+01
3.847520995140075684e+01
4.045888972282409668e+01
4.238367414474487305e+01
4.396058964729309082e+01
4.549943757057189941e+01
4.705102539062500000e+01
4.857080531120300293e+01
5.015982770919799805e+01
5.170493960380554199e+01
5.324420452117919922e+01
5.476013398170471191e+01
5.630442237854003906e+01
5.787143015861511230e+01
5.936835837364196777e+01
6.092546558380126953e+01
6.246255850791931152e+01
6.401107382774353027e+01
6.553289318084716797e+01
6.704789161682128906e+01
6.860141086578369141e+01
7.011374759674072266e+01
7.163182735443115234e+01
7.342410469055175781e+01
7.541610383987426758e+01
7.752260470390319824e+01
7.965652227401733398e+01
8.180941820144653320e+01
8.405258631706237793e+01
8.625458455085754395e+01
8.837778759002685547e+01
9.050207710266113281e+01
9.262197160720825195e+01
9.480744600296020508e+01
9.696346235275268555e+01
9.915915632247924805e+01
1.013793797492980957e+02
1.035363287925720215e+02
1.057098934650421143e+02
1.078999676704406738e+02
1.101018102169036865e+02
1.122935292720794678e+02
1.144673244953155518e+02
1.166657252311706543e+02
1.189388000965118408e+02
1.210961060523986816e+02
1.232673041820526123e+02
1.254328320026397705e+02
1.275852854251861572e+02
1.297621595859527588e+02
1.319309644699096680e+02
1.341356759071350098e+02
1.362455852031707764e+02
1.384198901653289795e+02
1.406238818168640137e+02
1.427688677310943604e+02
1.447915673255920410e+02
1.468021292686462402e+02
1.488954713344573975e+02
1.509825236797332764e+02
1.530471363067626953e+02
1.551912548542022705e+02
1.572261593341827393e+02
1.593025393486022949e+02
1.613442294597625732e+02
1.635648365020751953e+02
1.658742477893829346e+02
1.684070005416870117e+02
1.705797231197357178e+02
1.727764306068420410e+02
1.750430421829223633e+02
1.771694524288177490e+02
1.794154083728790283e+02
1.816570084095001221e+02
1.838318247795104980e+02
1.859858345985412598e+02
1.882030751705169678e+02
1.903990757465362549e+02
1.925717365741729736e+02
1.946873424053192139e+02
1.969030957221984863e+02
1.990851716995239258e+02
2.011856646537780762e+02
2.033504254817962646e+02
2.055657031536102295e+02
2.079339375495910645e+02
2.101768038272857666e+02
2.123515141010284424e+02
2.145115826129913330e+02
2.166545927524566650e+02
2.187934534549713135e+02
2.209270482063293457e+02
2.230957200527191162e+02
2.252848021984100342e+02
2.275152132511138916e+02
2.296716978549957275e+02
2.318474619388580322e+02
2.339473233222961426e+02
2.361275765895843506e+02
2.386684067249298096e+02
2.408657169342041016e+02
2.430713412761688232e+02
2.453151009082794189e+02
2.475416862964630127e+02
2.497726259231567383e+02
2.520353364944458008e+02
2.543261203765869141e+02
2.565038013458251953e+02
2.587586183547973633e+02
2.610377483367919922e+02
2.632139658927917480e+02
2.654807846546173096e+02
2.677275030612945557e+02
2.699431595802307129e+02
2.721119728088378906e+02
2.743528378009796143e+02
2.765313124656677246e+02
2.787665059566497803e+02
2.810125656127929688e+02
2.832392942905426025e+02
2.855049052238464355e+02
2.882626342773437500e+02
2.905440495014190674e+02
2.927750284671783447e+02
2.950252339839935303e+02
2.972475638389587402e+02
2.995112123489379883e+02
3.016945245265960693e+02
3.039362332820892334e+02
3.061754176616668701e+02
3.083494420051574707e+02
3.106869604587554932e+02
3.129607110023498535e+02
3.152494451999664307e+02
3.174938831329345703e+02
3.197100591659545898e+02
3.219766516685485840e+02
3.242446227073669434e+02
3.264671080112457275e+02
3.287566676139831543e+02
3.309871590137481689e+02
3.332279562950134277e+02
3.355152153968811035e+02
3.378344721794128418e+02
3.400605354309082031e+02
3.422625541687011719e+02
3.445179336071014404e+02
3.467419693470001221e+02
3.491015970706939697e+02
3.513804178237915039e+02
3.536283071041107178e+02
3.558908288478851318e+02
3.580719060897827148e+02
3.603131370544433594e+02
3.625650527477264404e+02
3.648263297080993652e+02
3.671541762351989746e+02
3.693588900566101074e+02
3.716365132331848145e+02
3.739504323005676270e+02
3.762083251476287842e+02
3.784102647304534912e+02
3.806188387870788574e+02
3.829199614524841309e+02
3.851623563766479492e+02
3.874342088699340820e+02
3.897078254222869873e+02
3.919472267627716064e+02
3.941312642097473145e+02
3.964305610656738281e+02
3.985909099578857422e+02
4.005892932415008545e+02
4.022189056873321533e+02
4.038622505664825439e+02
4.054410297870635986e+02
4.070536048412322998e+02
4.086217198371887207e+02
