1.533504247665405273e+00
2.861171960830688477e+00
4.211648702621459961e+00
5.528219223022460938e+00
6.876402854919433594e+00
8.209315061569213867e+00
9.566097974777221680e+00
1.089285469055175781e+01
1.230391526222229004e+01
1.365792346000671387e+01
1.503990626335144043e+01
1.645891499519348145e+01
1.780287075042724609e+01
1.911624193191528320e+01
2.049495410919189453e+01
2.179087615013122559e+01
2.317697834968566895e+01
2.449208474159240723e+01
2.582598543167114258e+01
2.717493581771850586e+01
2.854025244712829590e+01
2.994375801086425781e+01
3.133564710617065430e+01
3.270862388610839844e+01
3.410461616516113281e+01
3.542955827713012695e+01
3.676146173477172852e+01
3.807939863204956055e+01
3.946838688850402832e+01
4.081036067008972168e+01
4.214130687713623047e+01
4.346667599678039551e+01
4.481064391136169434e+01
4.617699432373046875e+01
4.754641819000244141e+01
4.885653471946716309e+01
5.018346476554870605e+01
5.159647369384765625e+01
5.293715786933898926e+01
5.426911711692810059e+01
5.569522285461425781e+01
5.699067091941833496e+01
5.833162450790405273e+01
5.966259670257568359e+01
6.103857493400573730e+01
6.235957026481628418e+01
6.372310233116149902e+01
6.513744163513183594e+01
6.645901370048522949e+01
6.782651448249816895e+01
6.924229478836059570e+01
7.056403493881225586e+01
7.193565464019775391e+01
7.331486129760742188e+01
7.471013307571411133e+01
7.604209351539611816e+01
7.742807888984680176e+01
7.876502895355224609e+01
8.016200995445251465e+01
8.149395680427551270e+01
8.284792232513427734e+01
8.419588971138000488e+01
8.554083538055419922e+01
8.688106846809387207e+01
8.825505757331848145e+01
8.961601328849792480e+01
9.097899436950683594e+01
9.235788846015930176e+01
9.381092166900634766e+01
9.518763375282287598e+01
9.655560684204101562e+01
9.790855669975280762e+01
9.928054380416870117e+01
1.006084342002868652e+02
1.019457173347473145e+02
1.032846817970275879e+02
1.046861562728881836e+02
1.061389300823211670e+02
1.075037772655487061e+02
1.089262366294860840e+02
1.103087697029113770e+02
1.116501653194427490e+02
1.130585920810699463e+02
1.144195590019226074e+02
1.158591682910919189e+02
1.172391500473022461e+02
1.186621489524841309e+02
1.200154061317443848e+02
1.213929128646850586e+02
1.227398822307586670e+02
1.241373803615570068e+02
1.255157573223114014e+02
1.268787255287170410e+02
1.282118704319000244e+02
1.296263060569763184e+02
1.309785172939300537e+02
1.323800735473632812e+02
1.337520110607147217e+02
1.351523225307464600e+02
1.364821195602416992e+02
1.378298952579498291e+02
1.391740891933441162e+02
1.405330550670623779e+02
1.418824229240417480e+02
1.432233893871307373e+02
1.446664636135101318e+02
1.461224849224090576e+02
1.474728107452392578e+02
1.488360545635223389e+02
1.501795899868011475e+02
1.515377707481384277e+02
1.528744938373565674e+02
1.542405509948730469e+02
1.556005187034606934e+02
1.570002546310424805e+02
1.583694736957550049e+02
1.597390303611755371e+02
1.610931994915008545e+02
1.624596498012542725e+02
1.639416906833648682e+02
1.653083238601684570e+02
1.666678078174591064e+02
1.680381338596343994e+02
1.694045255184173584e+02
1.708042800426483154e+02
1.721972830295562744e+02
1.735955605506896973e+02
1.749595673084259033e+02
1.763120174407958984e+02
1.776924202442169189e+02
1.791199181079864502e+02
1.804909040927886963e+02
1.818708853721618652e+02
1.832331421375274658e+02
1.846106255054473877e+02
1.859956090450286865e+02
1.873876111507415771e+02
1.887568681240081787e+02
1.901028783321380615e+02
1.914648330211639404e+02
1.928780400753021240e+02
1.942431790828704834e+02
1.956215155124664307e+02
1.969814825057983398e+02
1.983556389808654785e+02
1.997136175632476807e+02
2.011085903644561768e+02
2.025045828819274902e+02
2.038616795539855957e+02
2.052256493568420410e+02
2.066321215629577637e+02
2.080167267322540283e+02
2.093726911544799805e+02
2.107468357086181641e+02
2.134013762474060059e+02
2.154748516082763672e+02
2.174776680469512939e+02
2.196222865581512451e+02
2.216647303104400635e+02
2.238724153041839600e+02
2.260509254932403564e+02
2.281963324546813965e+02
2.304012765884399414e+02
2.324794938564300537e+02
2.345469825267791748e+02
2.366762394905090332e+02
2.388287699222564697e+02
2.410049948692321777e+02
2.430899801254272461e+02
2.452480916976928711e+02
2.473913085460662842e+02
2.496797394752502441e+02
2.517922415733337402e+02
2.539903607368469238e+02
2.561248788833618164e+02
2.582817537784576416e+02
2.604492778778076172e+02
2.626459109783172607e+02
2.648215706348419189e+02
2.670155329704284668e+02
2.691007375717163086e+02
2.712812883853912354e+02
2.734698438644409180e+02
2.756850185394287109e+02
2.778021612167358398e+02
2.799026544094085693e+02
2.820373115539550781e+02
2.841628191471099854e+02
2.862835619449615479e+02
2.885089814662933350e+02
2.905744493007659912e+02
2.924447009563446045e+02
2.943529260158538818e+02
2.962873466014862061e+02
2.984198617935180664e+02
3.005765473842620850e+02
3.025085062980651855e+02
3.043989520072937012e+02
3.063987009525299072e+02
3.084666085243225098e+02
