1.463414635509252548e-02
1.951219514012336731e-02
2.682926505804061890e-02
1.463414635509252548e-02
2.682926692068576813e-02
2.195121906697750092e-02
2.195121720433235168e-02
1.707316935062408447e-02
7.317073177546262741e-03
7.317073177546262741e-03
1.219512149691581726e-02
9.756097570061683655e-03
1.463414635509252548e-02
2.195121720433235168e-02
1.951219514012336731e-02
9.756097570061683655e-03
2.439024392515420914e-03
2.926829271018505096e-02
1.219512149691581726e-02
1.219512149691581726e-02
1.951219514012336731e-02
1.951219514012336731e-02
1.463414542376995087e-02
1.951219514012336731e-02
1.707316935062408447e-02
1.463414635509252548e-02
1.463414542376995087e-02
1.951219514012336731e-02
9.756097570061683655e-03
1.951219327747821808e-02
1.707316935062408447e-02
1.707316935062408447e-02
1.951219514012336731e-02
1.707316935062408447e-02
2.439024299383163452e-02
1.463414635509252548e-02
1.707317121326923370e-02
1.463414635509252548e-02
9.756097570061683655e-03
1.707316935062408447e-02
2.926829457283020020e-02
1.951219514012336731e-02
4.878048785030841827e-03
1.951219514012336731e-02
1.463414542376995087e-02
2.926829084753990173e-02
1.707316935062408447e-02
2.195122092962265015e-02
1.707316935062408447e-02
1.951219327747821808e-02
1.463414542376995087e-02
2.439024299383163452e-02
2.682926878333091736e-02
2.195121906697750092e-02
2.439024113118648529e-02
2.195121906697750092e-02
1.707317121326923370e-02
2.926829271018505096e-02
2.682926878333091736e-02
2.926829271018505096e-02
3.658536821603775024e-02
2.439024299383163452e-02
1.707316935062408447e-02
4.878048598766326904e-02
5.609755963087081909e-02
3.658536449074745178e-02
3.658536449074745178e-02
5.609755590558052063e-02
3.414633870124816895e-02
2.926829084753990173e-02
4.146341606974601746e-02
3.658536449074745178e-02
5.853658542037010193e-02
6.585365533828735352e-02
5.121951177716255188e-02
6.097561120986938477e-02
5.365853756666183472e-02
5.609755963087081909e-02
8.780486881732940674e-02
8.048780262470245361e-02
7.317073643207550049e-02
8.780489116907119751e-02
9.999999403953552246e-02
7.560975849628448486e-02
9.512194991111755371e-02
9.512194991111755371e-02
1.024390235543251038e-01
1.048780456185340881e-01
1.048780456185340881e-01
1.097560971975326538e-01
1.121951192617416382e-01
1.146341562271118164e-01
1.048780456185340881e-01
1.219512224197387695e-01
1.170731633901596069e-01
1.219512149691581726e-01
1.414634138345718384e-01
1.341463476419448853e-01
1.439024358987808228e-01
1.073170751333236694e-01
1.365853697061538696e-01
1.487804800271987915e-01
1.390243917703628540e-01
1.487804800271987915e-01
1.634146273136138916e-01
1.682926863431930542e-01
1.365853697061538696e-01
1.780487895011901855e-01
1.756097525358200073e-01
1.926829218864440918e-01
1.975609660148620605e-01
1.902439147233963013e-01
1.878048628568649292e-01
1.902438998222351074e-01
1.999999880790710449e-01
1.609756052494049072e-01
2.024390250444412231e-01
1.926829218864440918e-01
2.170731723308563232e-01
1.926829218864440918e-01
1.999999880790710449e-01
2.219512164592742920e-01
2.341463565826416016e-01
2.121950984001159668e-01
2.195121943950653076e-01
2.317073047161102295e-01
2.243902385234832764e-01
2.439024448394775391e-01
2.463414818048477173e-01
2.073170691728591919e-01
2.487804740667343140e-01
2.219512164592742920e-01
2.487804889678955078e-01
2.658536434173583984e-01
2.585365772247314453e-01
2.487804889678955078e-01
2.585365772247314453e-01
2.365853786468505859e-01
2.463414818048477173e-01
2.487804889678955078e-01
2.780487835407257080e-01
2.585365772247314453e-01
2.829268276691436768e-01
2.878048717975616455e-01
2.682926952838897705e-01
2.707317173480987549e-01
2.512195408344268799e-01
3.097561001777648926e-01
3.097561001777648926e-01
2.780487537384033203e-01
2.829268574714660645e-01
3.170731663703918457e-01
2.682926952838897705e-01
3.000000119209289551e-01
3.146341443061828613e-01
3.170731663703918457e-01
2.975609898567199707e-01
3.146341443061828613e-01
2.999999821186065674e-01
3.170731663703918457e-01
3.146341443061828613e-01
3.243902623653411865e-01
3.170731365680694580e-01
3.439024388790130615e-01
2.926828861236572266e-01
3.219512403011322021e-01
3.390243649482727051e-01
3.170731663703918457e-01
3.219512403011322021e-01
3.195121884346008301e-01
3.170731663703918457e-01
3.390243947505950928e-01
3.365853428840637207e-01
3.487805128097534180e-01
3.170731961727142334e-01
3.463414609432220459e-01
3.146341443061828613e-01
3.268292844295501709e-01
3.512194752693176270e-01
3.414634168148040771e-01
3.414633870124816895e-01
3.585365712642669678e-01
3.756097555160522461e-01
3.634146451950073242e-01
3.243902623653411865e-01
3.731707334518432617e-01
3.560975790023803711e-01
3.926829695701599121e-01
3.707317113876342773e-01
3.658536672592163086e-01
3.829268515110015869e-01
3.585365712642669678e-01
3.658536672592163086e-01
3.365854024887084961e-01
3.658536672592163086e-01
3.439024388790130615e-01
3.853658735752105713e-01
3.731707334518432617e-01
3.658536672592163086e-01
4.000000059604644775e-01
