1.951219327747821808e-02
1.951219514012336731e-02
1.219512149691581726e-02
7.317073177546262741e-03
1.463414635509252548e-02
1.219512149691581726e-02
1.707317121326923370e-02
1.951219327747821808e-02
9.756097570061683655e-03
2.195122092962265015e-02
2.439024299383163452e-02
9.756097570061683655e-03
1.707316935062408447e-02
1.463414635509252548e-02
7.317073177546262741e-03
2.926829084753990173e-02
2.926829084753990173e-02
3.170731663703918457e-02
7.317073177546262741e-03
9.756097570061683655e-03
2.195121906697750092e-02
1.951219327747821808e-02
1.951219514012336731e-02
1.463414542376995087e-02
1.707317121326923370e-02
3.170731663703918457e-02
9.756097570061683655e-03
1.219512149691581726e-02
2.682926878333091736e-02
1.951219514012336731e-02
2.682926692068576813e-02
1.951219514012336731e-02
1.463414635509252548e-02
1.707316935062408447e-02
2.195121720433235168e-02
2.926829271018505096e-02
2.195121906697750092e-02
2.682926505804061890e-02
2.439024299383163452e-02
3.170731663703918457e-02
2.439024392515420914e-03
1.707316935062408447e-02
2.926829457283020020e-02
2.926829271018505096e-02
4.634146392345428467e-02
2.926829271018505096e-02
2.439024299383163452e-02
3.658536449074745178e-02
1.219512149691581726e-02
2.682926692068576813e-02
2.682926878333091736e-02
3.170731663703918457e-02
2.926828898489475250e-02
4.146341234445571899e-02
5.365853756666183472e-02
3.170731663703918457e-02
2.682926878333091736e-02
4.390243813395500183e-02
3.170731663703918457e-02
4.146341234445571899e-02
4.634146392345428467e-02
5.853658169507980347e-02
6.097560748457908630e-02
5.853658542037010193e-02
6.097561120986938477e-02
6.341463327407836914e-02
5.365853756666183472e-02
6.585365533828735352e-02
6.829267740249633789e-02
5.121951550245285034e-02
6.341463327407836914e-02
7.804878056049346924e-02
9.268292784690856934e-02
8.048781007528305054e-02
7.804878056049346924e-02
8.536585420370101929e-02
9.512194991111755371e-02
8.292682468891143799e-02
1.073170751333236694e-01
1.121951118111610413e-01
9.024389833211898804e-02
7.804878801107406616e-02
8.780488371849060059e-02
1.341463476419448853e-01
1.048780530691146851e-01
1.097560897469520569e-01
1.146341562271118164e-01
1.463414728641510010e-01
1.292682886123657227e-01
1.219512075185775757e-01
1.463414728641510010e-01
1.414634138345718384e-01
1.414634138345718384e-01
1.390243917703628540e-01
1.341463476419448853e-01
1.585365831851959229e-01
1.804878115653991699e-01
1.658536642789840698e-01
1.658536493778228760e-01
1.829268336296081543e-01
1.756097376346588135e-01
1.682926863431930542e-01
1.609755903482437134e-01
1.780487895011901855e-01
2.317073047161102295e-01
1.878048777580261230e-01
1.853658407926559448e-01
1.902438998222351074e-01
2.048780620098114014e-01
2.048780471086502075e-01
1.878048628568649292e-01
2.414634078741073608e-01
2.268292605876922607e-01
2.658536732196807861e-01
2.292682826519012451e-01
2.170731723308563232e-01
2.341463267803192139e-01
2.146341502666473389e-01
2.268292754888534546e-01
2.560975551605224609e-01
2.536585330963134766e-01
2.536585330963134766e-01
2.268292605876922607e-01
2.268292605876922607e-01
2.243902385234832764e-01
2.487804740667343140e-01
2.707316875457763672e-01
2.414634227752685547e-01
2.902439236640930176e-01
2.609755992889404297e-01
2.707316875457763672e-01
2.999999821186065674e-01
2.780487835407257080e-01
2.585365772247314453e-01
2.463414669036865234e-01
2.951219677925109863e-01
2.585365772247314453e-01
2.853658497333526611e-01
2.682926952838897705e-01
2.609755992889404297e-01
2.682926654815673828e-01
2.829267978668212891e-01
3.048780262470245361e-01
2.878048717975616455e-01
2.731707394123077393e-01
2.731707394123077393e-01
3.243902623653411865e-01
2.707317173480987549e-01
2.878049015998840332e-01
2.926829159259796143e-01
3.000000119209289551e-01
3.292682766914367676e-01
3.121951520442962646e-01
3.048780262470245361e-01
3.024390041828155518e-01
3.219511806964874268e-01
3.146341145038604736e-01
3.390243947505950928e-01
3.024390339851379395e-01
3.243902921676635742e-01
2.853658497333526611e-01
3.195122182369232178e-01
3.439024388790130615e-01
3.341463208198547363e-01
3.414633870124816895e-01
3.048780262470245361e-01
3.219512104988098145e-01
3.146341443061828613e-01
3.219512403011322021e-01
3.390243947505950928e-01
3.439024388790130615e-01
3.463414609432220459e-01
3.414634168148040771e-01
3.341463208198547363e-01
3.512195348739624023e-01
3.390244245529174805e-01
3.170731663703918457e-01
3.878049254417419434e-01
3.341463506221771240e-01
3.317072987556457520e-01
3.268292546272277832e-01
3.414634168148040771e-01
3.585366010665893555e-01
3.585365712642669678e-01
3.560975492000579834e-01
4.073170423507690430e-01
3.560975492000579834e-01
3.512195050716400146e-01
3.658536672592163086e-01
3.463414907455444336e-01
3.829268217086791992e-01
3.731707334518432617e-01
3.536585569381713867e-01
4.121951460838317871e-01
3.731707334518432617e-01
3.804878294467926025e-01
3.756097555160522461e-01
3.804878294467926025e-01
3.951219618320465088e-01
3.390244245529174805e-01
