1.707317121326923370e-02
1.219512149691581726e-02
9.756097570061683655e-03
1.463414542376995087e-02
1.707316935062408447e-02
9.756097570061683655e-03
1.951219327747821808e-02
1.463414542376995087e-02
9.756097570061683655e-03
1.707317121326923370e-02
1.463414542376995087e-02
7.317073177546262741e-03
1.463414542376995087e-02
2.682926505804061890e-02
1.707317121326923370e-02
1.951219327747821808e-02
3.414633870124816895e-02
2.195121906697750092e-02
9.756097570061683655e-03
7.317073177546262741e-03
2.439024299383163452e-02
2.926828898489475250e-02
1.219512149691581726e-02
1.219512149691581726e-02
1.951219327747821808e-02
1.707316935062408447e-02
9.756097570061683655e-03
2.926829271018505096e-02
1.707316935062408447e-02
9.756097570061683655e-03
9.756097570061683655e-03
1.219512149691581726e-02
9.756097570061683655e-03
1.463414542376995087e-02
1.463414635509252548e-02
2.439024299383163452e-02
1.219512149691581726e-02
2.195121720433235168e-02
1.707316935062408447e-02
2.439024299383163452e-02
1.707316935062408447e-02
2.682926505804061890e-02
1.951219327747821808e-02
1.951219514012336731e-02
2.195122092962265015e-02
1.219512149691581726e-02
2.682926878333091736e-02
2.439024485647678375e-02
1.219512149691581726e-02
1.463414542376995087e-02
1.707316935062408447e-02
1.707316935062408447e-02
2.439024299383163452e-02
1.707316935062408447e-02
1.951219514012336731e-02
1.951219514012336731e-02
1.707316935062408447e-02
1.951219514012336731e-02
1.463414635509252548e-02
7.317073177546262741e-03
2.195121720433235168e-02
2.439024299383163452e-02
2.926829084753990173e-02
2.926829084753990173e-02
3.414634242653846741e-02
3.414634242653846741e-02
3.658536076545715332e-02
2.195121720433235168e-02
1.951219514012336731e-02
3.414634242653846741e-02
1.951219514012336731e-02
2.195121906697750092e-02
2.926828898489475250e-02
2.682926692068576813e-02
3.170731663703918457e-02
1.951219327747821808e-02
2.439024485647678375e-02
4.390244185924530029e-02
3.414633870124816895e-02
4.390244185924530029e-02
2.439024299383163452e-02
3.170731663703918457e-02
4.146341234445571899e-02
4.634146392345428467e-02
3.170731663703918457e-02
4.146341606974601746e-02
3.658536821603775024e-02
4.390244185924530029e-02
3.170731663703918457e-02
5.121951177716255188e-02
3.902439028024673462e-02
6.341463327407836914e-02
8.048780262470245361e-02
5.121950805187225342e-02
5.609756708145141602e-02
4.634146392345428467e-02
4.634146392345428467e-02
7.560975849628448486e-02
9.024390578269958496e-02
7.073170691728591919e-02
4.878048598766326904e-02
6.341463327407836914e-02
7.560975849628448486e-02
8.780488371849060059e-02
8.536585420370101929e-02
7.560975104570388794e-02
1.097560897469520569e-01
1.073170751333236694e-01
1.024390235543251038e-01
1.024390235543251038e-01
9.268292039632797241e-02
1.121951192617416382e-01
1.219512075185775757e-01
1.219512224197387695e-01
1.365853548049926758e-01
1.487804800271987915e-01
1.170731782913208008e-01
1.853658556938171387e-01
1.731707155704498291e-01
1.512195169925689697e-01
1.317073106765747070e-01
1.365853548049926758e-01
1.682926863431930542e-01
1.804878115653991699e-01
1.560975611209869385e-01
1.756097525358200073e-01
1.756097525358200073e-01
1.756097674369812012e-01
1.926829218864440918e-01
1.902438998222351074e-01
1.829268187284469604e-01
1.975609660148620605e-01
1.878048777580261230e-01
1.878048777580261230e-01
1.829268187284469604e-01
1.731707304716110229e-01
2.048780322074890137e-01
2.024390250444412231e-01
2.024390250444412231e-01
2.609755992889404297e-01
2.024390250444412231e-01
2.146341502666473389e-01
2.243902385234832764e-01
2.536585330963134766e-01
2.146341502666473389e-01
2.292682826519012451e-01
2.073170840740203857e-01
2.268292754888534546e-01
2.341463416814804077e-01
2.292682975530624390e-01
2.756097316741943359e-01
2.512195110321044922e-01
2.536585330963134766e-01
2.317073196172714233e-01
2.609755992889404297e-01
2.414633929729461670e-01
2.682926654815673828e-01
2.707316875457763672e-01
2.487804889678955078e-01
2.804878056049346924e-01
2.853658497333526611e-01
2.804877758026123047e-01
2.975609600543975830e-01
2.536585032939910889e-01
2.926829457283020020e-01
2.926829159259796143e-01
3.195121884346008301e-01
2.560975551605224609e-01
3.097561001777648926e-01
3.170731663703918457e-01
3.317073285579681396e-01
3.292683064937591553e-01
3.121950924396514893e-01
3.048780560493469238e-01
3.048780560493469238e-01
3.439024686813354492e-01
2.829268276691436768e-01
3.048780560493469238e-01
3.487804830074310303e-01
3.365853726863861084e-01
3.585366010665893555e-01
3.365854024887084961e-01
3.463414609432220459e-01
3.365853428840637207e-01
3.170731663703918457e-01
3.463414609432220459e-01
3.292682766914367676e-01
3.365853428840637207e-01
3.341463208198547363e-01
3.512195348739624023e-01
3.585365712642669678e-01
3.560976088047027588e-01
3.878048658370971680e-01
3.731707334518432617e-01
3.585366010665893555e-01
3.585365414619445801e-01
3.731707334518432617e-01
3.804877996444702148e-01
3.560975492000579834e-01
3.707317113876342773e-01
