2.195121720433235168e-02
1.707316935062408447e-02
2.682926878333091736e-02
1.463414635509252548e-02
2.195121906697750092e-02
1.219512149691581726e-02
1.219512149691581726e-02
2.195122092962265015e-02
7.317073177546262741e-03
2.682926505804061890e-02
9.756097570061683655e-03
1.951219514012336731e-02
2.439024113118648529e-02
2.195121720433235168e-02
1.463414635509252548e-02
2.195121720433235168e-02
1.463414542376995087e-02
1.707317121326923370e-02
1.707317121326923370e-02
1.463414635509252548e-02
9.756097570061683655e-03
2.682926692068576813e-02
9.756097570061683655e-03
2.439024299383163452e-02
2.195121720433235168e-02
1.707317121326923370e-02
1.463414635509252548e-02
2.439024299383163452e-02
2.439024299383163452e-02
2.439024299383163452e-02
2.195121906697750092e-02
7.317073177546262741e-03
1.707317121326923370e-02
1.707316935062408447e-02
1.707316935062408447e-02
3.170731663703918457e-02
4.878048785030841827e-03
1.951219327747821808e-02
1.219512149691581726e-02
1.463414542376995087e-02
1.463414542376995087e-02
2.682926878333091736e-02
2.682926878333091736e-02
2.195121720433235168e-02
9.756097570061683655e-03
2.926829271018505096e-02
2.926829084753990173e-02
1.463414542376995087e-02
4.146341234445571899e-02
3.170731663703918457e-02
2.926829084753990173e-02
3.414634242653846741e-02
3.170731663703918457e-02
3.414634242653846741e-02
3.414633870124816895e-02
3.902439028024673462e-02
5.121951177716255188e-02
4.146341234445571899e-02
3.902438655495643616e-02
3.414633870124816895e-02
3.902439400553703308e-02
4.634146392345428467e-02
4.634146019816398621e-02
5.609755963087081909e-02
6.341463327407836914e-02
4.390243813395500183e-02
4.634146392345428467e-02
3.170731663703918457e-02
5.121951550245285034e-02
6.097561120986938477e-02
5.853658542037010193e-02
5.853658914566040039e-02
6.585365533828735352e-02
6.585365533828735352e-02
6.097561493515968323e-02
7.317072898149490356e-02
6.097561120986938477e-02
5.609756335616111755e-02
7.073170691728591919e-02
7.073170691728591919e-02
5.121951177716255188e-02
7.804878056049346924e-02
8.048781007528305054e-02
7.560975849628448486e-02
7.560975104570388794e-02
7.317073643207550049e-02
9.024390578269958496e-02
1.073170751333236694e-01
8.536585420370101929e-02
1.073170825839042664e-01
1.024390161037445068e-01
9.999999403953552246e-02
9.268292784690856934e-02
1.146341487765312195e-01
1.341463476419448853e-01
1.170731633901596069e-01
1.048780530691146851e-01
1.414634138345718384e-01
1.317073106765747070e-01
1.268292665481567383e-01
1.560975462198257446e-01
1.195121929049491882e-01
1.390243768692016602e-01
1.219512224197387695e-01
1.048780530691146851e-01
1.414634138345718384e-01
1.634146273136138916e-01
1.439024358987808228e-01
1.463414579629898071e-01
1.609756052494049072e-01
1.536585241556167603e-01
1.512195169925689697e-01
1.682926863431930542e-01
1.926829218864440918e-01
1.756097674369812012e-01
1.463414579629898071e-01
1.926829218864440918e-01
1.804878115653991699e-01
1.780487746000289917e-01
1.975609809160232544e-01
1.975609809160232544e-01
1.853658407926559448e-01
1.999999880790710449e-01
1.902439147233963013e-01
1.853658556938171387e-01
2.024390101432800293e-01
2.073170840740203857e-01
2.341463118791580200e-01
2.000000178813934326e-01
2.317073047161102295e-01
2.170731872320175171e-01
1.902438998222351074e-01
2.000000029802322388e-01
2.292682975530624390e-01
2.243902385234832764e-01
2.463414371013641357e-01
2.243902385234832764e-01
2.560975551605224609e-01
2.292682677507400513e-01
2.121951282024383545e-01
2.390243858098983765e-01
2.731707096099853516e-01
2.682926654815673828e-01
2.707317173480987549e-01
2.804878056049346924e-01
2.487804591655731201e-01
2.487804889678955078e-01
2.609755992889404297e-01
2.536585330963134766e-01
2.585365772247314453e-01
2.707316875457763672e-01
2.682926952838897705e-01
2.731707096099853516e-01
3.073170781135559082e-01
2.634146213531494141e-01
2.780487537384033203e-01
2.853658497333526611e-01
2.585365772247314453e-01
2.634146213531494141e-01
3.243902325630187988e-01
3.024390339851379395e-01
3.243902325630187988e-01
2.829268276691436768e-01
2.780487835407257080e-01
2.902438938617706299e-01
3.414634168148040771e-01
3.512195348739624023e-01
3.048780560493469238e-01
3.048780560493469238e-01
3.024390339851379395e-01
3.219512104988098145e-01
3.170731663703918457e-01
3.365853726863861084e-01
3.390243947505950928e-01
2.926829159259796143e-01
3.341463506221771240e-01
3.146341443061828613e-01
3.463414907455444336e-01
2.999999821186065674e-01
3.731707334518432617e-01
3.268292844295501709e-01
2.975609600543975830e-01
3.292682766914367676e-01
3.512195348739624023e-01
3.536584973335266113e-01
3.731707334518432617e-01
3.512195348739624023e-01
3.756097555160522461e-01
3.560975790023803711e-01
3.439024388790130615e-01
3.682926893234252930e-01
3.463414907455444336e-01
3.292682766914367676e-01
3.853658735752105713e-01
3.585366010665893555e-01
3.317072987556457520e-01
3.780487775802612305e-01
3.707317113876342773e-01
3.707316815853118896e-01
3.853658437728881836e-01
