1.379981756210327148e+00
2.621864318847656250e+00
3.840731382369995117e+00
5.060598373413085938e+00
6.311487913131713867e+00
7.517345428466796875e+00
8.761229515075683594e+00
9.974092006683349609e+00
1.121797633171081543e+01
1.242083215713500977e+01
1.363069200515747070e+01
1.486857175827026367e+01
1.609744548797607422e+01
1.732631945610046387e+01
1.854618668556213379e+01
1.979507446289062500e+01
2.103395581245422363e+01
2.224982094764709473e+01
2.346968746185302734e+01
2.470856833457946777e+01
2.595747041702270508e+01
2.717131948471069336e+01
2.838718390464782715e+01
2.960505008697509766e+01
3.084092879295349121e+01
3.207280421257019043e+01
3.330167794227600098e+01
3.453855729103088379e+01
3.576242756843566895e+01
3.698429656028747559e+01
3.819215512275695801e+01
3.943804097175598145e+01
4.066591429710388184e+01
4.191580295562744141e+01
4.314868068695068359e+01
4.436054062843322754e+01
4.559341788291931152e+01
4.683430004119873047e+01
4.805116486549377441e+01
4.929004597663879395e+01
5.051693272590637207e+01
5.174879384040832520e+01
5.296265721321105957e+01
5.422455549240112305e+01
5.551447153091430664e+01
5.675235176086425781e+01
5.817117595672607422e+01
5.939061522483825684e+01
6.064200162887573242e+01
6.186040878295898438e+01
6.310947489738464355e+01
6.438060212135314941e+01
6.571790790557861328e+01
6.698848915100097656e+01
6.821765732765197754e+01
6.949266791343688965e+01
7.075269484519958496e+01
7.201151657104492188e+01
7.326137733459472656e+01
7.448129892349243164e+01
7.572183775901794434e+01
7.693929648399353027e+01
7.817425417900085449e+01
7.940423536300659180e+01
8.063512396812438965e+01
8.187399148941040039e+01
8.309185743331909180e+01
8.430872225761413574e+01
8.556761789321899414e+01
8.680449676513671875e+01
8.801735901832580566e+01
8.926724815368652344e+01
9.050612902641296387e+01
9.172599649429321289e+01
9.296587777137756348e+01
9.417873978614807129e+01
9.541862177848815918e+01
9.667751741409301758e+01
9.798144435882568359e+01
9.928537130355834961e+01
1.007504134178161621e+02
1.021013734340667725e+02
1.034102218151092529e+02
1.047201535701751709e+02
1.059860534667968750e+02
1.072439479827880859e+02
1.085138511657714844e+02
1.097627387046813965e+02
1.110603537559509277e+02
1.123282563686370850e+02
1.136049146652221680e+02
1.148788201808929443e+02
1.161227047443389893e+02
1.173715927600860596e+02
1.186144764423370361e+02
1.198433501720428467e+02
1.211192576885223389e+02
1.223841562271118164e+02
1.236320436000823975e+02
1.248699250221252441e+02
1.261116595268249512e+02
1.273735558986663818e+02
1.286104357242584229e+02
1.298513178825378418e+02
1.311182193756103516e+02
1.323831181526184082e+02
1.335999832153320312e+02
1.348608794212341309e+02
1.361247782707214355e+02
1.373836731910705566e+02
1.386145491600036621e+02
1.398794476985931396e+02
1.411593589782714844e+02
1.423832283020019531e+02
1.436201076507568359e+02
1.448780019283294678e+02
1.461228876113891602e+02
1.473457567691802979e+02
1.486076540946960449e+02
1.503338813781738281e+02
1.517258713245391846e+02
1.530087833404541016e+02
1.542626745700836182e+02
1.555205693244934082e+02
1.567694571018218994e+02
1.580203466415405273e+02
1.592832446098327637e+02
1.605551486015319824e+02
1.618220491409301758e+02
1.630499224662780762e+02
1.643188247680664062e+02
1.655757184028625488e+02
1.668396315574645996e+02
1.680664901733398438e+02
1.693073716163635254e+02
1.705502555370330811e+02
1.717941398620605469e+02
1.730560381412506104e+02
1.743209364414215088e+02
1.755257928371429443e+02
1.767066326141357422e+02
1.778584516048431396e+02
1.789902703762054443e+02
1.801440901756286621e+02
1.812989103794097900e+02
1.824367067813873291e+02
1.835555021762847900e+02
1.846823573112487793e+02
1.858209877014160156e+02
1.869597973823547363e+02
1.880956051349639893e+02
1.892258172035217285e+02
1.903496167659759521e+02
1.914934499263763428e+02
1.926142480373382568e+02
1.937250409126281738e+02
1.948588435649871826e+02
1.959887595176696777e+02
1.971319651603698730e+02
1.982735712528228760e+02
1.994199712276458740e+02
2.005670101642608643e+02
2.017108242511749268e+02
2.028759257793426514e+02
2.039822733402252197e+02
2.052395527362823486e+02
2.064023799896240234e+02
2.076402595043182373e+02
2.087880759239196777e+02
2.099448983669281006e+02
2.110877106189727783e+02
2.122525036334991455e+02
2.134056620597839355e+02
2.145560243129730225e+02
2.156954572200775146e+02
2.168332662582397461e+02
2.179600672721862793e+02
2.191377916336059570e+02
2.202698540687561035e+02
2.214246881008148193e+02
2.225620973110198975e+02
2.237145514488220215e+02
2.248515045642852783e+02
2.259953188896179199e+02
2.271531534194946289e+02
2.283079741001129150e+02
2.294537889957427979e+02
2.305829584598541260e+02
2.317269825935363770e+02
2.328487973213195801e+02
2.340113837718963623e+02
2.351311669349670410e+02
2.362659749984741211e+02
2.374953260421752930e+02
2.386221275329589844e+02
2.398019344806671143e+02
2.409517519474029541e+02
2.421195824146270752e+02
2.432623958587646484e+02
2.444300260543823242e+02
