1.368853330612182617e+00
2.522652149200439453e+00
3.714781045913696289e+00
4.901637792587280273e+00
6.034430503845214844e+00
7.168248891830444336e+00
8.316062688827514648e+00
9.467119455337524414e+00
1.060615420341491699e+01
1.175598812103271484e+01
1.289778375625610352e+01
1.403367638587951660e+01
1.517073082923889160e+01
1.632465124130249023e+01
1.746447420120239258e+01
1.861227798461914062e+01
1.978712582588195801e+01
2.095140242576599121e+01
2.207318782806396484e+01
2.323443531990051270e+01
2.434822678565979004e+01
2.548203277587890625e+01
2.664285969734191895e+01
2.776945042610168457e+01
2.892026877403259277e+01
3.008609771728515625e+01
3.120289158821105957e+01
3.232370090484619141e+01
3.356558442115783691e+01
3.468160438537597656e+01
3.582605361938476562e+01
3.697085618972778320e+01
3.812326169013977051e+01
3.937138867378234863e+01
4.049755406379699707e+01
4.163636231422424316e+01
4.277636575698852539e+01
4.397355055809020996e+01
4.511765837669372559e+01
4.625748109817504883e+01
4.741160225868225098e+01
4.856381297111511230e+01
4.968974232673645020e+01
5.085091829299926758e+01
5.200317716598510742e+01
5.314699101448059082e+01
5.428904151916503906e+01
5.544387555122375488e+01
5.659569382667541504e+01
5.774149584770202637e+01
5.890633726119995117e+01
6.004421162605285645e+01
6.119202756881713867e+01
6.235630679130554199e+01
6.351068735122680664e+01
6.465448188781738281e+01
6.581229329109191895e+01
6.696431279182434082e+01
6.809711909294128418e+01
6.924952816963195801e+01
7.041571807861328125e+01
7.156954145431518555e+01
7.271335434913635254e+01
7.388166213035583496e+01
7.502465605735778809e+01
7.617448735237121582e+01
7.730327606201171875e+01
7.851418280601501465e+01
7.966298556327819824e+01
8.082881450653076172e+01
8.199265456199645996e+01
8.315206646919250488e+01
8.433404254913330078e+01
8.554591679573059082e+01
8.668816328048706055e+01
8.783727002143859863e+01
8.898006868362426758e+01
9.013793373107910156e+01
9.130283737182617188e+01
9.246968078613281250e+01
9.362648963928222656e+01
9.481651520729064941e+01
9.597449636459350586e+01
9.714132475852966309e+01
9.829714632034301758e+01
9.950300407409667969e+01
1.006655917167663574e+02
1.018494346141815186e+02
1.030332753658294678e+02
1.042351300716400146e+02
1.053909518718719482e+02
1.065198152065277100e+02
1.076912131309509277e+02
1.088830623626708984e+02
1.100569102764129639e+02
1.112137198448181152e+02
1.123671057224273682e+02
1.135422434806823730e+02
1.146870574951171875e+02
1.158628933429718018e+02
1.170338957309722900e+02
1.182218322753906250e+02
1.194613654613494873e+02
1.206241919994354248e+02
1.217896761894226074e+02
1.229758677482604980e+02
1.241500096321105957e+02
1.252958118915557861e+02
1.264836571216583252e+02
1.276514863967895508e+02
1.288293242454528809e+02
1.300163021087646484e+02
1.311933979988098145e+02
1.323451611995697021e+02
1.334936776161193848e+02
1.346500134468078613e+02
1.358361139297485352e+02
1.370010359287261963e+02
1.382036621570587158e+02
1.393831908702850342e+02
1.406386222839355469e+02
1.418145010471343994e+02
1.430183565616607666e+02
1.441951935291290283e+02
1.453480131626129150e+02
1.465188586711883545e+02
1.477357239723205566e+02
1.490316321849822998e+02
1.502254819869995117e+02
1.513847529888153076e+02
1.525675828456878662e+02
1.537504224777221680e+02
1.549399180412292480e+02
1.561277763843536377e+02
1.573686447143554688e+02
1.585262889862060547e+02
1.596761188507080078e+02
1.608559453487396240e+02
1.620183219909667969e+02
1.631381630897521973e+02
1.643355500698089600e+02
1.655103836059570312e+02
1.666642875671386719e+02
1.678211100101470947e+02
1.690139577388763428e+02
1.701677787303924561e+02
1.713215985298156738e+02
1.724814231395721436e+02
1.736634395122528076e+02
1.748372867107391357e+02
1.761021862030029297e+02
1.772762651443481445e+02
1.784931302070617676e+02
1.797750413417816162e+02
1.809468746185302734e+02
1.821307163238525391e+02
1.833115561008453369e+02
1.844833891391754150e+02
1.856733222007751465e+02
1.868336434364318848e+02
1.880044758319854736e+02
1.891732409000396729e+02
1.903387720584869385e+02
1.915286574363708496e+02
1.927507467269897461e+02
1.939756178855895996e+02
1.951444487571716309e+02
1.963177013397216797e+02
1.974890916347503662e+02
1.986719322204589844e+02
1.998499443531036377e+02
2.010657858848571777e+02
2.022446970939636230e+02
2.034265370368957520e+02
2.046283919811248779e+02
2.058892881870269775e+02
2.070580973625183105e+02
2.082360818386077881e+02
2.095059721469879150e+02
2.106778051853179932e+02
2.118344888687133789e+02
2.130153281688690186e+02
2.141853682994842529e+02
2.153752143383026123e+02
2.165890769958496094e+02
2.177469000816345215e+02
2.189475953578948975e+02
2.201483688354492188e+02
2.213384628295898438e+02
2.225401124954223633e+02
2.237519164085388184e+02
2.249394788742065430e+02
2.261544740200042725e+02
2.274019582271575928e+02
2.286348352432250977e+02
2.298326995372772217e+02
2.310165288448333740e+02
2.321853594779968262e+02
2.333792083263397217e+02
2.346608977317810059e+02
