2.342494249343872070e+00
4.231413125991821289e+00
6.080728054046630859e+00
7.941501617431640625e+00
9.933841466903686523e+00
1.187078642845153809e+01
1.376412868499755859e+01
1.565138339996337891e+01
1.754670858383178711e+01
1.944588518142700195e+01
2.130609893798828125e+01
2.319525814056396484e+01
2.516223287582397461e+01
2.704340720176696777e+01
2.890788364410400391e+01
3.082288074493408203e+01
3.263321995735168457e+01
3.455458521842956543e+01
3.644159817695617676e+01
3.834895420074462891e+01
4.025858473777770996e+01
4.246366095542907715e+01
4.481827044486999512e+01
4.672443461418151855e+01
4.863299465179443359e+01
5.055466175079345703e+01
5.241973662376403809e+01
5.428516554832458496e+01
5.619718861579895020e+01
5.810730433464050293e+01
5.996166396141052246e+01
6.186494016647338867e+01
6.374931597709655762e+01
6.544087028503417969e+01
6.714139080047607422e+01
6.887625288963317871e+01
7.057104110717773438e+01
7.223430681228637695e+01
7.398585772514343262e+01
7.575080323219299316e+01
7.745180726051330566e+01
7.917504692077636719e+01
8.087451577186584473e+01
8.262819337844848633e+01
8.433770442008972168e+01
8.595622515678405762e+01
8.775093483924865723e+01
8.951614594459533691e+01
9.120850753784179688e+01
9.287740182876586914e+01
9.454279160499572754e+01
9.618412804603576660e+01
9.782795000076293945e+01
9.940048408508300781e+01
1.010517060756683350e+02
1.027513701915740967e+02
1.044717006683349609e+02
1.061732239723205566e+02
1.078606584072113037e+02
1.095205893516540527e+02
1.111805939674377441e+02
1.128009562492370605e+02
1.144881253242492676e+02
1.161695036888122559e+02
1.177588374614715576e+02
1.199589197635650635e+02
1.215830748081207275e+02
1.232661736011505127e+02
1.249539637565612793e+02
1.266718485355377197e+02
1.283940734863281250e+02
1.300739138126373291e+02
1.316999642848968506e+02
1.334175586700439453e+02
1.352207303047180176e+02
1.369052524566650391e+02
1.386072762012481689e+02
1.402854681015014648e+02
1.419660720825195312e+02
1.436833961009979248e+02
1.455308978557586670e+02
1.472961530685424805e+02
1.490087776184082031e+02
1.506639533042907715e+02
1.523002264499664307e+02
1.540281195640563965e+02
1.557217383384704590e+02
1.574106836318969727e+02
1.591390585899353027e+02
1.608367471694946289e+02
1.625692150592803955e+02
1.643369517326354980e+02
1.661114542484283447e+02
1.677977862358093262e+02
1.695196113586425781e+02
1.712249503135681152e+02
1.729692869186401367e+02
1.746546647548675537e+02
1.764480662345886230e+02
1.782085828781127930e+02
1.799711732864379883e+02
1.817823538780212402e+02
1.835086593627929688e+02
1.852276365756988525e+02
1.869440436363220215e+02
1.887001359462738037e+02
1.904511563777923584e+02
1.921564648151397705e+02
1.938476071357727051e+02
1.954781978130340576e+02
1.971525959968566895e+02
1.988338718414306641e+02
2.004549169540405273e+02
2.022091400623321533e+02
2.039074268341064453e+02
2.056261930465698242e+02
2.073804318904876709e+02
2.090806412696838379e+02
2.108580105304718018e+02
2.125037372112274170e+02
2.142079226970672607e+02
2.159363801479339600e+02
2.176841685771942139e+02
2.193399329185485840e+02
2.211312053203582764e+02
2.228769392967224121e+02
2.246413543224334717e+02
2.264088890552520752e+02
2.281923091411590576e+02
2.299386653900146484e+02
2.317076389789581299e+02
2.334423460960388184e+02
2.352512140274047852e+02
2.370464749336242676e+02
2.388047707080841064e+02
2.405386457443237305e+02
2.423648483753204346e+02
2.440964744091033936e+02
2.458257560729980469e+02
2.475593752861022949e+02
2.493278069496154785e+02
2.511403043270111084e+02
2.528907005786895752e+02
2.546423337459564209e+02
2.565060043334960938e+02
2.583074929714202881e+02
2.600726294517517090e+02
2.618381130695343018e+02
2.636116869449615479e+02
2.653669347763061523e+02
2.671167457103729248e+02
2.689130659103393555e+02
2.706447236537933350e+02
2.723731205463409424e+02
2.741015815734863281e+02
2.758759186267852783e+02
2.776820161342620850e+02
2.793499510288238525e+02
2.810142452716827393e+02
2.827376720905303955e+02
2.844682626724243164e+02
2.861762328147888184e+02
2.879372904300689697e+02
2.897548024654388428e+02
2.914918622970581055e+02
2.931328966617584229e+02
2.951477553844451904e+02
2.969303226470947266e+02
2.987012984752655029e+02
3.004627017974853516e+02
3.022259483337402344e+02
3.040319354534149170e+02
3.059782209396362305e+02
3.077884356975555420e+02
3.095380303859710693e+02
3.113433470726013184e+02
3.131311032772064209e+02
3.148855185508728027e+02
3.166535766124725342e+02
3.183964214324951172e+02
3.201714398860931396e+02
3.219196600914001465e+02
3.236241173744201660e+02
3.252275512218475342e+02
3.269247593879699707e+02
3.285769326686859131e+02
3.301767754554748535e+02
3.318116619586944580e+02
3.334584803581237793e+02
3.350713312625885010e+02
3.368515903949737549e+02
3.385698194503784180e+02
3.403036925792694092e+02
3.425129718780517578e+02
3.443735651969909668e+02
3.461609764099121094e+02
3.479127702713012695e+02
3.497735075950622559e+02
3.515212917327880859e+02
3.533085587024688721e+02
