2.027362585067749023e+00
3.850432157516479492e+00
5.711506366729736328e+00
7.456580162048339844e+00
9.252726554870605469e+00
1.108682370185852051e+01
1.292453408241271973e+01
1.474738764762878418e+01
1.658759307861328125e+01
1.834138202667236328e+01
2.009350109100341797e+01
2.190382719039916992e+01
2.364897656440734863e+01
2.534772658348083496e+01
2.704293370246887207e+01
2.873807215690612793e+01
3.051068711280822754e+01
3.226637387275695801e+01
3.404738712310791016e+01
3.586688899993896484e+01
3.763777017593383789e+01
3.936536145210266113e+01
4.111321616172790527e+01
4.278991222381591797e+01
4.448467326164245605e+01
4.610368466377258301e+01
4.781106114387512207e+01
4.961434292793273926e+01
5.144816803932189941e+01
5.326989912986755371e+01
5.502392768859863281e+01
5.676525735855102539e+01
5.853626990318298340e+01
6.039085340499877930e+01
6.219357085227966309e+01
6.400576877593994141e+01
6.580686950683593750e+01
6.767522788047790527e+01
6.947540068626403809e+01
7.131173276901245117e+01
7.311303162574768066e+01
7.501269578933715820e+01
7.678299355506896973e+01
7.854802298545837402e+01
8.033614492416381836e+01
8.210791897773742676e+01
8.388074183464050293e+01
8.570952057838439941e+01
8.758446335792541504e+01
8.942468428611755371e+01
9.121847558021545410e+01
9.300474977493286133e+01
9.486291241645812988e+01
9.666634273529052734e+01
9.842190146446228027e+01
1.002738063335418701e+02
1.021230993270874023e+02
1.040334558486938477e+02
1.058631205558776855e+02
1.077073345184326172e+02
1.097312493324279785e+02
1.115785548686981201e+02
1.134500257968902588e+02
1.152513701915740967e+02
1.170910100936889648e+02
1.189080896377563477e+02
1.205687644481658936e+02
1.221804924011230469e+02
1.239566118717193604e+02
1.257879130840301514e+02
1.275911538600921631e+02
1.294275364875793457e+02
1.312421898841857910e+02
1.332144472599029541e+02
1.349817118644714355e+02
1.368967785835266113e+02
1.387059917449951172e+02
1.405011518001556396e+02
1.423457651138305664e+02
1.441612596511840820e+02
1.460222818851470947e+02
1.478483352661132812e+02
1.496527721881866455e+02
1.515278460979461670e+02
1.533371007442474365e+02
1.551384913921356201e+02
1.569527127742767334e+02
1.587697579860687256e+02
1.605264184474945068e+02
1.623524982929229736e+02
1.642224798202514648e+02
1.660369217395782471e+02
1.678207962512969971e+02
1.696882541179656982e+02
1.717515673637390137e+02
1.736301946640014648e+02
1.754538269042968750e+02
1.772818303108215332e+02
1.792782535552978516e+02
1.811204831600189209e+02
1.829759867191314697e+02
1.847998049259185791e+02
1.865877609252929688e+02
1.883748762607574463e+02
1.901744165420532227e+02
1.919860742092132568e+02
1.937927982807159424e+02
1.955880041122436523e+02
1.973943011760711670e+02
1.992555351257324219e+02
2.010518109798431396e+02
2.029081463813781738e+02
2.046943404674530029e+02
2.065257103443145752e+02
2.083290486335754395e+02
2.100917084217071533e+02
2.119180583953857422e+02
2.137485640048980713e+02
2.158641006946563721e+02
2.177308509349822998e+02
2.195033326148986816e+02
2.214388322830200195e+02
2.234601380825042725e+02
2.252947447299957275e+02
2.271242377758026123e+02
2.290576174259185791e+02
2.309264786243438721e+02
2.327532632350921631e+02
2.347116320133209229e+02
2.365181725025177002e+02
2.382891073226928711e+02
2.400712234973907471e+02
2.418270497322082520e+02
2.437050354480743408e+02
2.456230888366699219e+02
2.474123830795288086e+02
2.492625522613525391e+02
2.511664583683013916e+02
2.533249933719635010e+02
2.552827615737915039e+02
2.572509732246398926e+02
2.592393877506256104e+02
2.611536464691162109e+02
2.629088933467864990e+02
2.644387974739074707e+02
2.659258542060852051e+02
2.673278517723083496e+02
2.686771476268768311e+02
2.700080940723419189e+02
2.713100197315216064e+02
2.726629819869995117e+02
2.740859940052032471e+02
2.753804752826690674e+02
2.766793985366821289e+02
2.780189640522003174e+02
2.793641982078552246e+02
2.806926779747009277e+02
2.820229208469390869e+02
2.838332080841064453e+02
2.851363368034362793e+02
2.864602782726287842e+02
2.877622036933898926e+02
2.891882181167602539e+02
2.904880566596984863e+02
2.918501682281494141e+02
2.931536147594451904e+02
2.945073349475860596e+02
2.958147253990173340e+02
2.971426563262939453e+02
2.984056532382965088e+02
2.997165856361389160e+02
3.010265176296234131e+02
3.023774926662445068e+02
3.036764032840728760e+02
3.049983429908752441e+02
3.063491528034210205e+02
3.076588952541351318e+02
3.089778184890747070e+02
3.102947549819946289e+02
3.115886745452880859e+02
3.129715452194213867e+02
3.143782591819763184e+02
3.156721792221069336e+02
3.169840126037597656e+02
3.182909426689147949e+02
3.196339278221130371e+02
3.210159575939178467e+02
3.223358831405639648e+02
3.236798386573791504e+02
3.250578246116638184e+02
3.264187793731689453e+02
3.277660872936248779e+02
3.291570796966552734e+02
3.304780189990997314e+02
3.318219742774963379e+02
3.331806156635284424e+02
3.344875452518463135e+02
3.358267750740051270e+02
3.371465048789978027e+02
3.384804654121398926e+02
