1.707717590034008026e-02
1.871921122074127197e-02
1.740558259189128876e-02
1.707717590034008026e-02
1.707717590034008026e-02
2.003283984959125519e-02
1.707717590034008026e-02
2.003283984959125519e-02
2.101806178689002991e-02
2.200328372418880463e-02
1.937602646648883820e-02
2.660098671913146973e-02
2.660098485648632050e-02
1.970443315804004669e-02
3.284072130918502808e-02
3.678160533308982849e-02
5.320196971297264099e-02
5.944170430302619934e-02
6.798029690980911255e-02
8.834153413772583008e-02
9.458127617835998535e-02
1.110016480088233948e-01
1.333333402872085571e-01
1.550082117319107056e-01
1.779967099428176880e-01
1.855500638484954834e-01
2.177339792251586914e-01
2.420361191034317017e-01
2.610837221145629883e-01
2.748768329620361328e-01
2.981937527656555176e-01
3.113300204277038574e-01
3.316912651062011719e-01
3.339901268482208252e-01
3.448275625705718994e-01
3.717569708824157715e-01
3.878489136695861816e-01
4.022988080978393555e-01
4.249588847160339355e-01
4.206896424293518066e-01
4.410508573055267334e-01
4.472905993461608887e-01
4.545155763626098633e-01
4.541871845722198486e-01
4.666666388511657715e-01
4.686370790004730225e-01
4.752052426338195801e-01
4.883415102958679199e-01
5.001642107963562012e-01
5.073891282081604004e-01
5.185549855232238770e-01
5.175697207450866699e-01
5.303776264190673828e-01
5.316913127899169922e-01
5.330048799514770508e-01
5.546797513961791992e-01
5.523809194564819336e-01
5.510672926902770996e-01
5.642035603523254395e-01
5.540229082107543945e-01
5.651887655258178711e-01
5.720853209495544434e-01
5.756977796554565430e-01
5.816091299057006836e-01
5.842363834381103516e-01
5.891624689102172852e-01
5.819375514984130859e-01
5.888340473175048828e-01
5.881773233413696289e-01
5.898193120956420898e-01
5.908045768737792969e-01
5.904761552810668945e-01
6.167487502098083496e-01
6.111657619476318359e-01
6.223316192626953125e-01
6.016420125961303711e-01
6.160918474197387695e-01
6.361247301101684570e-01
6.233168840408325195e-01
6.210179924964904785e-01
6.305418014526367188e-01
6.302133798599243164e-01
6.288997530937194824e-01
6.298849582672119141e-01
6.380951404571533203e-01
6.318554878234863281e-01
6.348111033439636230e-01
6.476190090179443359e-01
6.423644423484802246e-01
6.499178409576416016e-01
6.545155048370361328e-01
6.528735160827636719e-01
6.472905874252319336e-01
6.466337442398071289e-01
6.505746841430664062e-01
6.568143367767333984e-01
6.660097837448120117e-01
6.548439264297485352e-01
6.486042737960815430e-01
6.577996015548706055e-01
6.715927124023437500e-01
6.640393733978271484e-01
6.699506640434265137e-01
6.617404222488403320e-01
6.581280231475830078e-01
6.755335927009582520e-01
6.650245785713195801e-01
6.653529405593872070e-01
6.804597377777099609e-01
6.719210743904113770e-01
6.755335927009582520e-01
6.830869913101196289e-01
6.653529405593872070e-01
6.738915443420410156e-01
6.837437152862548828e-01
6.860426068305969238e-01
6.916255354881286621e-01
6.873562335968017578e-01
6.827585697174072266e-01
6.807880997657775879e-01
6.903119087219238281e-01
6.893266439437866211e-01
6.847289800643920898e-01
6.919538974761962891e-01
6.955664157867431641e-01
6.922823190689086914e-01
6.932675838470458984e-01
6.975368857383728027e-01
6.906402707099914551e-01
6.824302077293395996e-01
6.942527890205383301e-01
6.972084045410156250e-01
6.909687519073486328e-01
7.004925608634948730e-01
6.968801021575927734e-01
7.083742618560791016e-01
7.113299369812011719e-01
6.975368261337280273e-01
7.031198143959045410e-01
7.077174782752990723e-01
7.087026834487915039e-01
6.965515613555908203e-01
7.100162506103515625e-01
7.096879482269287109e-01
7.041050195693969727e-01
7.093595266342163086e-01
7.024630308151245117e-01
7.119868397712707520e-01
7.103447914123535156e-01
7.215105295181274414e-01
7.205253243446350098e-01
7.064038515090942383e-01
7.162560820579528809e-01
7.083742618560791016e-01
7.146140336990356445e-01
7.139571905136108398e-01
7.159277200698852539e-01
7.090311050415039062e-01
7.165845632553100586e-01
7.014777064323425293e-01
7.182265520095825195e-01
7.188833355903625488e-01
7.149424552917480469e-01
7.215105891227722168e-01
7.129720449447631836e-01
7.185549736022949219e-01
7.159277200698852539e-01
7.247946858406066895e-01
7.215105295181274414e-01
7.192117571830749512e-01
7.169128656387329102e-01
7.211821675300598145e-01
7.241378426551818848e-01
7.218390107154846191e-01
7.228241562843322754e-01
7.231526374816894531e-01
7.277503609657287598e-01
7.247946262359619141e-01
7.162561416625976562e-01
7.320195436477661133e-01
7.257798910140991211e-01
7.175697088241577148e-01
7.284071445465087891e-01
7.346468567848205566e-01
7.313628196716308594e-01
7.247946262359619141e-01
7.224957942962646484e-01
7.231526374816894531e-01
7.353036403656005859e-01
7.366173267364501953e-01
7.215105295181274414e-01
7.326764464378356934e-01
7.323480248451232910e-01
7.300491929054260254e-01
7.474547028541564941e-01
7.336616516113281250e-01
7.293923497200012207e-01
7.395730018615722656e-01
7.316912412643432617e-01
7.254514694213867188e-01
