1.970443129539489746e-02
1.642036065459251404e-02
1.412151195108890533e-02
2.134646661579608917e-02
1.839080452919006348e-02
2.101806178689002991e-02
1.773399114608764648e-02
1.839080452919006348e-02
1.609195396304130554e-02
1.806239783763885498e-02
1.937602646648883820e-02
2.134647034108638763e-02
1.773398928344249725e-02
2.003284171223640442e-02
1.839080452919006348e-02
1.576354727149009705e-02
1.904761791229248047e-02
1.970443502068519592e-02
1.904761791229248047e-02
1.806239783763885498e-02
2.200328372418880463e-02
1.839080452919006348e-02
1.904761977493762970e-02
1.871921122074127197e-02
2.134647034108638763e-02
1.740558259189128876e-02
2.200328558683395386e-02
2.430213429033756256e-02
2.758620493113994598e-02
3.382594510912895203e-02
4.039409011602401733e-02
4.433497041463851929e-02
5.681445077061653137e-02
7.093595713376998901e-02
8.472906053066253662e-02
1.133004873991012573e-01
1.349753737449645996e-01
1.691296994686126709e-01
1.871921122074127197e-01
2.170771807432174683e-01
2.551723718643188477e-01
2.860426902770996094e-01
3.050903081893920898e-01
3.293924331665039062e-01
3.270935714244842529e-01
3.707717657089233398e-01
3.885057270526885986e-01
3.940886557102203369e-01
4.032840430736541748e-01
4.256157279014587402e-01
4.380952119827270508e-01
4.522167146205902100e-01
4.604268670082092285e-01
4.660098254680633545e-01
4.952380657196044922e-01
4.821017980575561523e-01
4.995073378086090088e-01
5.139573216438293457e-01
5.073890686035156250e-01
5.215106010437011719e-01
5.261083245277404785e-01
5.333333015441894531e-01
5.326764583587646484e-01
5.517241358757019043e-01
5.596058368682861328e-01
5.402298569679260254e-01
5.527093410491943359e-01
5.599342584609985352e-01
5.678160190582275391e-01
5.766830444335937500e-01
5.668308138847351074e-01
5.819375514984130859e-01
5.714285373687744141e-01
5.894909501075744629e-01
5.888340473175048828e-01
5.996714830398559570e-01
6.006567478179931641e-01
5.954022407531738281e-01
6.039408445358276367e-01
6.101805567741394043e-01
6.091953516006469727e-01
6.141214966773986816e-01
6.134646534919738770e-01
6.085385084152221680e-01
6.200327873229980469e-01
6.279145479202270508e-01
6.220031976699829102e-01
6.259441375732421875e-01
6.410508155822753906e-01
6.311985850334167480e-01
6.272577643394470215e-01
6.252872943878173828e-01
6.311986446380615234e-01
6.374382972717285156e-01
6.387519836425781250e-01
6.417076587677001953e-01
6.453201174736022949e-01
6.489326357841491699e-01
6.413792371749877930e-01
6.367815136909484863e-01
6.489325761795043945e-01
6.577996015548706055e-01
6.548439264297485352e-01
6.587848663330078125e-01
6.443349123001098633e-01
6.420360803604125977e-01
6.709358096122741699e-01
6.561575531959533691e-01
6.607553362846374512e-01
6.581280231475830078e-01
6.676517724990844727e-01
6.600984334945678711e-01
6.538587212562561035e-01
6.660097241401672363e-01
6.614120602607727051e-01
6.660097837448120117e-01
6.702790260314941406e-01
6.821017265319824219e-01
6.784892678260803223e-01
6.758619546890258789e-01
6.597700119018554688e-01
6.830869913101196289e-01
6.765187382698059082e-01
6.735631227493286133e-01
6.732347011566162109e-01
6.827585697174072266e-01
6.768472194671630859e-01
6.788176298141479492e-01
6.886698603630065918e-01
6.847289800643920898e-01
6.784892678260803223e-01
6.844005584716796875e-01
6.906403303146362305e-01
6.866993904113769531e-01
6.919540166854858398e-01
6.821017861366271973e-01
6.952379941940307617e-01
6.860426068305969238e-01
6.968800425529479980e-01
6.830869913101196289e-01
7.011493444442749023e-01
6.847289800643920898e-01
6.850574016571044922e-01
6.952379941940307617e-01
6.998357176780700684e-01
6.958948373794555664e-01
6.916255354881286621e-01
7.077175378799438477e-01
6.889982819557189941e-01
6.972085237503051758e-01
7.070606946945190430e-01
6.949096918106079102e-01
7.106731534004211426e-01
6.975368261337280273e-01
6.968799829483032227e-01
6.906403303146362305e-01
7.021346092224121094e-01
7.146139740943908691e-01
7.024629712104797363e-01
7.044334411621093750e-01
7.067322731018066406e-01
7.027913928031921387e-01
7.106731534004211426e-01
7.001641392707824707e-01
7.004925012588500977e-01
7.162560820579528809e-01
7.041050195693969727e-01
7.123151421546936035e-01
6.978652477264404297e-01
7.162560820579528809e-01
7.090311050415039062e-01
7.110015153884887695e-01
7.103447914123535156e-01
7.208538055419921875e-01
7.238094210624694824e-01
7.100163102149963379e-01
7.152708768844604492e-01
7.119867801666259766e-01
7.119868397712707520e-01
7.155992984771728516e-01
7.050902247428894043e-01
7.165844440460205078e-01
7.123152017593383789e-01
7.159276604652404785e-01
7.175696492195129395e-01
7.090311050415039062e-01
7.152708768844604492e-01
7.192117571830749512e-01
7.077174782752990723e-01
7.215105295181274414e-01
7.080458998680114746e-01
7.280787825584411621e-01
7.244662046432495117e-01
7.270934581756591797e-01
7.241377830505371094e-01
7.188832759857177734e-01
7.103446722030639648e-01
7.159276604652404785e-01
7.067322731018066406e-01
7.228242158889770508e-01
