1.149425283074378967e-02
1.642036065459251404e-02
1.707717590034008026e-02
1.576354727149009705e-02
1.215106807649135590e-02
1.346469670534133911e-02
1.773398928344249725e-02
1.313628908246755600e-02
1.412151008844375610e-02
1.510673202574253082e-02
1.609195396304130554e-02
1.576354727149009705e-02
1.477832533419132233e-02
1.543513871729373932e-02
1.576354727149009705e-02
1.740558259189128876e-02
1.773399114608764648e-02
1.412151101976633072e-02
1.740558445453643799e-02
1.510673295706510544e-02
1.543513964861631393e-02
1.576354540884494781e-02
1.543513871729373932e-02
1.444991771131753922e-02
1.576354727149009705e-02
1.609195396304130554e-02
1.773398928344249725e-02
1.543513871729373932e-02
1.707717590034008026e-02
1.510673109441995621e-02
1.477832533419132233e-02
1.576354540884494781e-02
1.510673109441995621e-02
1.543513964861631393e-02
1.642036065459251404e-02
1.576354727149009705e-02
1.412151008844375610e-02
1.412151008844375610e-02
1.609195396304130554e-02
1.642036065459251404e-02
1.510673109441995621e-02
1.477832533419132233e-02
1.707717590034008026e-02
1.576354727149009705e-02
1.543514057993888855e-02
1.510673202574253082e-02
1.477832533419132233e-02
1.510673388838768005e-02
1.477832440286874771e-02
1.609195396304130554e-02
1.510673202574253082e-02
1.510673202574253082e-02
1.477832533419132233e-02
1.510673202574253082e-02
1.543514057993888855e-02
1.609195396304130554e-02
1.609195396304130554e-02
1.576354727149009705e-02
1.576354727149009705e-02
1.642036065459251404e-02
1.642036065459251404e-02
1.576354727149009705e-02
1.576354727149009705e-02
1.642036251723766327e-02
1.543514057993888855e-02
1.444991864264011383e-02
1.477832533419132233e-02
1.740558259189128876e-02
1.576354540884494781e-02
1.576354727149009705e-02
1.576354727149009705e-02
1.346469577401876450e-02
1.510673202574253082e-02
1.609195396304130554e-02
1.543513871729373932e-02
1.543513871729373932e-02
1.740558445453643799e-02
1.642036065459251404e-02
1.609195396304130554e-02
1.543513871729373932e-02
1.642036065459251404e-02
1.477832533419132233e-02
1.707717403769493103e-02
1.543514057993888855e-02
1.576354727149009705e-02
1.477832440286874771e-02
1.609195396304130554e-02
1.510673202574253082e-02
1.674876920878887177e-02
1.642036065459251404e-02
1.412151101976633072e-02
1.543513871729373932e-02
1.609195396304130554e-02
1.543513871729373932e-02
1.642036065459251404e-02
1.609195396304130554e-02
1.576354727149009705e-02
1.609195396304130554e-02
1.543513871729373932e-02
1.609195396304130554e-02
1.674876920878887177e-02
1.543513964861631393e-02
1.674876920878887177e-02
1.576354540884494781e-02
1.510673202574253082e-02
1.642036251723766327e-02
1.609195396304130554e-02
1.674876734614372253e-02
1.576354727149009705e-02
1.642036065459251404e-02
1.576354727149009705e-02
1.543513871729373932e-02
1.609195396304130554e-02
1.576354540884494781e-02
1.510673202574253082e-02
1.839080452919006348e-02
1.674876920878887177e-02
1.543513871729373932e-02
1.510673202574253082e-02
1.674876920878887177e-02
1.510673202574253082e-02
1.543513871729373932e-02
1.444991771131753922e-02
1.609195396304130554e-02
1.510673202574253082e-02
1.642036065459251404e-02
1.576354540884494781e-02
1.510673202574253082e-02
1.576354727149009705e-02
1.576354540884494781e-02
1.576354540884494781e-02
1.576354727149009705e-02
1.576354727149009705e-02
1.543514057993888855e-02
1.576354727149009705e-02
1.609195396304130554e-02
1.642036251723766327e-02
1.477832533419132233e-02
1.576354540884494781e-02
1.642036065459251404e-02
1.576354727149009705e-02
1.543513871729373932e-02
1.576354540884494781e-02
1.510673295706510544e-02
1.576354727149009705e-02
1.543513871729373932e-02
1.543513871729373932e-02
1.477832533419132233e-02
1.642036251723766327e-02
1.609195396304130554e-02
1.576354727149009705e-02
1.674876734614372253e-02
1.576354727149009705e-02
1.576354727149009705e-02
1.707717590034008026e-02
1.543513871729373932e-02
1.576354727149009705e-02
1.576354727149009705e-02
1.609195396304130554e-02
1.510673202574253082e-02
1.543513964861631393e-02
1.543514057993888855e-02
1.543513871729373932e-02
1.576354727149009705e-02
1.642036065459251404e-02
1.576354540884494781e-02
1.806239783763885498e-02
1.444991771131753922e-02
1.609195396304130554e-02
1.313629001379013062e-02
1.707717590034008026e-02
1.543513871729373932e-02
1.609195396304130554e-02
1.674876920878887177e-02
1.576354727149009705e-02
1.642036251723766327e-02
1.576354540884494781e-02
1.609195396304130554e-02
1.444991677999496460e-02
1.871921122074127197e-02
1.642036065459251404e-02
1.576354540884494781e-02
1.576354727149009705e-02
1.576354727149009705e-02
1.806239783763885498e-02
1.576354727149009705e-02
1.477832533419132233e-02
1.576354727149009705e-02
1.444991864264011383e-02
1.477832533419132233e-02
1.707717590034008026e-02
1.576354540884494781e-02
1.674876920878887177e-02
1.806239783763885498e-02
1.510673202574253082e-02
1.642036065459251404e-02
1.543513871729373932e-02
2.003284171223640442e-02
1.444991864264011383e-02
1.740558259189128876e-02
