2.058784961700439453e+00
3.945726156234741211e+00
5.848909378051757812e+00
7.758051156997680664e+00
9.674982786178588867e+00
1.156683325767517090e+01
1.345827245712280273e+01
1.534175133705139160e+01
1.721363282203674316e+01
1.910903239250183105e+01
2.098035097122192383e+01
2.286410379409790039e+01
2.474993181228637695e+01
2.664109373092651367e+01
2.851420640945434570e+01
3.047785258293151855e+01
3.235772418975830078e+01
3.424002194404602051e+01
3.613162016868591309e+01
3.805418515205383301e+01
3.996506118774414062e+01
4.187793993949890137e+01
4.373871517181396484e+01
4.563203001022338867e+01
4.753294610977172852e+01
4.944746708869934082e+01
5.139476275444030762e+01
5.332922291755676270e+01
5.525371146202087402e+01
5.715266370773315430e+01
5.910792541503906250e+01
6.104423570632934570e+01
6.297870373725891113e+01
6.488029766082763672e+01
6.679676365852355957e+01
6.870801544189453125e+01
7.061826539039611816e+01
7.250775074958801270e+01
7.443156456947326660e+01
7.633959364891052246e+01
7.825822019577026367e+01
8.020012497901916504e+01
8.213378310203552246e+01
8.403567004203796387e+01
8.592715406417846680e+01
8.783985829353332520e+01
8.973670983314514160e+01
9.165620183944702148e+01
9.358566021919250488e+01
9.552315497398376465e+01
9.746774458885192871e+01
9.934539747238159180e+01
1.013032493591308594e+02
1.032344751358032227e+02
1.051232831478118896e+02
1.070209939479827881e+02
1.089495730400085449e+02
1.109157679080963135e+02
1.128291857242584229e+02
1.147043077945709229e+02
1.166065723896026611e+02
1.185313096046447754e+02
1.204347376823425293e+02
1.223604004383087158e+02
1.242697565555572510e+02
1.261907832622528076e+02
1.280936067104339600e+02
1.300302796363830566e+02
1.319010872840881348e+02
1.338502478599548340e+02
1.357522513866424561e+02
1.376762366294860840e+02
1.395815262794494629e+02
1.415306329727172852e+02
1.434311780929565430e+02
1.453506751060485840e+02
1.472737483978271484e+02
1.491812839508056641e+02
1.510990524291992188e+02
1.530282948017120361e+02
1.549627809524536133e+02
1.568741757869720459e+02
1.587992022037506104e+02
1.606927027702331543e+02
1.626022264957427979e+02
1.645137350559234619e+02
1.664269573688507080e+02
1.683379135131835938e+02
1.702861852645874023e+02
1.721577227115631104e+02
1.741027808189392090e+02
1.760301909446716309e+02
1.779937229156494141e+02
1.798951330184936523e+02
1.818421642780303955e+02
1.837769668102264404e+02
1.857582433223724365e+02
1.876702334880828857e+02
1.896104080677032471e+02
1.915364267826080322e+02
1.934861743450164795e+02
1.953632469177246094e+02
1.972823176383972168e+02
1.991977150440216064e+02
2.011481902599334717e+02
2.030770547389984131e+02
2.049821743965148926e+02
2.070063052177429199e+02
2.089426877498626709e+02
2.108602774143218994e+02
2.127800931930541992e+02
2.147305524349212646e+02
2.166422214508056641e+02
2.185595543384552002e+02
2.206992201805114746e+02
2.226037878990173340e+02
2.245786380767822266e+02
2.265580985546112061e+02
2.284811236858367920e+02
2.304005460739135742e+02
2.323330097198486328e+02
2.343227016925811768e+02
2.362354576587677002e+02
2.381646523475646973e+02
2.401272435188293457e+02
2.420817925930023193e+02
2.439991717338562012e+02
2.459404823780059814e+02
2.479126765727996826e+02
2.498517491817474365e+02
2.517837288379669189e+02
2.537098133563995361e+02
2.556616010665893555e+02
2.576231331825256348e+02
2.595977752208709717e+02
2.615595531463623047e+02
2.634992687702178955e+02
2.654461240768432617e+02
2.673672673702239990e+02
2.692734863758087158e+02
2.711906590461730957e+02
2.730911765098571777e+02
2.749970686435699463e+02
2.769345774650573730e+02
2.788318154811859131e+02
2.807334372997283936e+02
2.826760513782501221e+02
2.846179933547973633e+02
2.865527522563934326e+02
2.885117599964141846e+02
2.904355995655059814e+02
2.923623096942901611e+02
2.942981903553009033e+02
2.962321600914001465e+02
2.981788053512573242e+02
3.000867881774902344e+02
3.020439870357513428e+02
3.039786579608917236e+02
3.059100384712219238e+02
3.078477184772491455e+02
3.097941758632659912e+02
3.117278182506561279e+02
3.136601514816284180e+02
3.155827920436859131e+02
3.175056433677673340e+02
3.194171378612518311e+02
3.213430950641632080e+02
3.232512061595916748e+02
3.251881353855133057e+02
3.271093001365661621e+02
3.290345921516418457e+02
3.309765260219573975e+02
3.329057741165161133e+02
3.348320944309234619e+02
3.367782046794891357e+02
3.387822515964508057e+02
3.407167174816131592e+02
3.426402163505554199e+02
3.445744454860687256e+02
3.465071511268615723e+02
3.484466459751129150e+02
3.503772969245910645e+02
3.523217291831970215e+02
3.542767074108123779e+02
3.562070074081420898e+02
3.581782851219177246e+02
3.600847034454345703e+02
3.620440430641174316e+02
3.639657888412475586e+02
3.658962512016296387e+02
3.678441081047058105e+02
3.698155596256256104e+02
3.717445769309997559e+02
3.736741890907287598e+02
3.755795176029205322e+02
3.775561985969543457e+02
3.794925756454467773e+02
3.814153103828430176e+02
3.833414371013641357e+02
3.852706027030944824e+02
