1.946566104888916016e+00
3.710315227508544922e+00
5.478017807006835938e+00
7.326663494110107422e+00
9.148192882537841797e+00
1.092808890342712402e+01
1.272870635986328125e+01
1.449604129791259766e+01
1.628844499588012695e+01
1.806896424293518066e+01
1.983174157142639160e+01
2.165526747703552246e+01
2.355589246749877930e+01
2.551877260208129883e+01
2.734335660934448242e+01
2.913473677635192871e+01
3.092290186882019043e+01
3.270235443115234375e+01
3.447992491722106934e+01
3.625330686569213867e+01
3.801744294166564941e+01
3.981931161880493164e+01
4.161808538436889648e+01
4.341472172737121582e+01
4.522405457496643066e+01
4.702614998817443848e+01
4.883509016036987305e+01
5.062240433692932129e+01
5.240208482742309570e+01
5.420559477806091309e+01
5.599160313606262207e+01
5.779290366172790527e+01
5.957099676132202148e+01
6.141203856468200684e+01
6.321038126945495605e+01
6.499598264694213867e+01
6.681885814666748047e+01
6.859327912330627441e+01
7.040659427642822266e+01
7.217641901969909668e+01
7.400306797027587891e+01
7.581573033332824707e+01
7.762053632736206055e+01
7.940227842330932617e+01
8.137688970565795898e+01
8.334438014030456543e+01
8.514926815032958984e+01
8.697353005409240723e+01
8.879480266571044922e+01
9.062389183044433594e+01
9.246231722831726074e+01
9.433403086662292480e+01
9.611004972457885742e+01
9.791926121711730957e+01
9.975330877304077148e+01
1.015449435710906982e+02
1.033584337234497070e+02
1.051787245273590088e+02
1.070827918052673340e+02
1.089098417758941650e+02
1.107250847816467285e+02
1.124877066612243652e+02
1.142896828651428223e+02
1.160938544273376465e+02
1.179221980571746826e+02
1.197196900844573975e+02
1.215950441360473633e+02
1.235450747013092041e+02
1.253304183483123779e+02
1.270915052890777588e+02
1.289152383804321289e+02
1.306956348419189453e+02
1.325141761302947998e+02
1.342843825817108154e+02
1.360845084190368652e+02
1.378684313297271729e+02
1.396960906982421875e+02
1.414906065464019775e+02
1.432970850467681885e+02
1.451087191104888916e+02
1.469450178146362305e+02
1.487511029243469238e+02
1.505503475666046143e+02
1.523345344066619873e+02
1.541338646411895752e+02
1.559463615417480469e+02
1.577551729679107666e+02
1.595575475692749023e+02
1.613745915889739990e+02
1.631864430904388428e+02
1.649630014896392822e+02
1.667559547424316406e+02
1.685805609226226807e+02
1.703949236869812012e+02
1.721982030868530273e+02
1.740032727718353271e+02
1.758278372287750244e+02
1.776418743133544922e+02
1.794247338771820068e+02
1.812400608062744141e+02
1.830137703418731689e+02
1.848177399635314941e+02
1.866515395641326904e+02
1.884254989624023438e+02
1.902325139045715332e+02
1.920576751232147217e+02
1.938909945487976074e+02
1.956714308261871338e+02
1.975481977462768555e+02
1.993622386455535889e+02
2.011754121780395508e+02
2.029965875148773193e+02
2.047681512832641602e+02
2.066361196041107178e+02
2.084244732856750488e+02
2.102975656986236572e+02
2.121135997772216797e+02
2.139790642261505127e+02
2.158617069721221924e+02
2.176870639324188232e+02
2.195365095138549805e+02
2.213877766132354736e+02
2.232030515670776367e+02
2.249956057071685791e+02
2.268196015357971191e+02
2.286430745124816895e+02
2.304651305675506592e+02
2.322803740501403809e+02
2.340875849723815918e+02
2.358978216648101807e+02
2.377285408973693848e+02
2.395081923007965088e+02
2.413490917682647705e+02
2.431746053695678711e+02
2.449759335517883301e+02
2.468643763065338135e+02
2.486811912059783936e+02
2.505035271644592285e+02
2.523460586071014404e+02
2.541580924987792969e+02
2.559810523986816406e+02
2.578070335388183594e+02
2.596537322998046875e+02
2.615220630168914795e+02
2.633875758647918701e+02
2.651954746246337891e+02
2.670453555583953857e+02
2.688963716030120850e+02
2.707184484004974365e+02
2.725229086875915527e+02
2.743350918292999268e+02
2.761615893840789795e+02
2.779514842033386230e+02
2.797710349559783936e+02
2.816215598583221436e+02
2.834630675315856934e+02
2.852613933086395264e+02
2.870655059814453125e+02
2.888983156681060791e+02
2.908165242671966553e+02
2.926521098613739014e+02
2.944708995819091797e+02
2.963234755992889404e+02
2.981478290557861328e+02
2.999780068397521973e+02
3.018791999816894531e+02
3.036594963073730469e+02
3.054915716648101807e+02
3.073162317276000977e+02
3.091174843311309814e+02
3.109475414752960205e+02
3.127864356040954590e+02
3.146305942535400391e+02
3.164713277816772461e+02
3.182845768928527832e+02
3.201291890144348145e+02
3.219942619800567627e+02
3.238076095581054688e+02
3.256466400623321533e+02
3.274543673992156982e+02
3.292870955467224121e+02
3.311271793842315674e+02
3.329595074653625488e+02
3.347500064373016357e+02
3.366059949398040771e+02
3.383984911441802979e+02
3.402347478866577148e+02
3.420640099048614502e+02
3.439096119403839111e+02
3.457469642162322998e+02
3.475510737895965576e+02
3.494033992290496826e+02
3.512853903770446777e+02
3.531565058231353760e+02
3.552489967346191406e+02
3.570914797782897949e+02
3.589380853176116943e+02
3.608485050201416016e+02
3.627589688301086426e+02
3.646697475910186768e+02
