2.180070400238037109e+00
4.188102245330810547e+00
6.194501399993896484e+00
8.199253797531127930e+00
1.020553469657897949e+01
1.218166851997375488e+01
1.420157313346862793e+01
1.623948287963867188e+01
1.823107624053955078e+01
2.024548792839050293e+01
2.226052069664001465e+01
2.426644992828369141e+01
2.631407237052917480e+01
2.831166815757751465e+01
3.032013726234436035e+01
3.233406949043273926e+01
3.431808137893676758e+01
3.629936075210571289e+01
3.832730126380920410e+01
4.059260296821594238e+01
4.268002176284790039e+01
4.484862160682678223e+01
4.690920424461364746e+01
4.891051721572875977e+01
5.088601827621459961e+01
5.293052268028259277e+01
5.495627140998840332e+01
5.699032115936279297e+01
5.897460269927978516e+01
6.100973463058471680e+01
6.302306079864501953e+01
6.504642605781555176e+01
6.709860992431640625e+01
6.911253333091735840e+01
7.112853956222534180e+01
7.316727924346923828e+01
7.522266054153442383e+01
7.733198857307434082e+01
7.934238767623901367e+01
8.142197179794311523e+01
8.345279335975646973e+01
8.548916554450988770e+01
8.751762723922729492e+01
8.971471714973449707e+01
9.176306915283203125e+01
9.382967138290405273e+01
9.583097863197326660e+01
9.787430095672607422e+01
9.997336053848266602e+01
1.022856819629669189e+02
1.046103167533874512e+02
1.067669806480407715e+02
1.088108642101287842e+02
1.108420794010162354e+02
1.129138853549957275e+02
1.149531769752502441e+02
1.170142035484313965e+02
1.189940240383148193e+02
1.210255222320556641e+02
1.230550467967987061e+02
1.251025547981262207e+02
1.271288430690765381e+02
1.291685023307800293e+02
1.312085099220275879e+02
1.332190368175506592e+02
1.352638626098632812e+02
1.374517061710357666e+02
1.394660782814025879e+02
1.415319809913635254e+02
1.435480408668518066e+02
1.455856029987335205e+02
1.476146593093872070e+02
1.496144819259643555e+02
1.516401565074920654e+02
1.536828730106353760e+02
1.556914339065551758e+02
1.577532012462615967e+02
1.597586331367492676e+02
1.618221423625946045e+02
1.638376672267913818e+02
1.659151828289031982e+02
1.679756724834442139e+02
1.700111079216003418e+02
1.720721864700317383e+02
1.741049203872680664e+02
1.761419634819030762e+02
1.781853897571563721e+02
1.802016503810882568e+02
1.822176480293273926e+02
1.842187035083770752e+02
1.862408313751220703e+02
1.882729346752166748e+02
1.903115200996398926e+02
1.923378067016601562e+02
1.943469843864440918e+02
1.963685381412506104e+02
1.984071342945098877e+02
2.004445760250091553e+02
2.024577941894531250e+02
2.045095055103302002e+02
2.065389137268066406e+02
2.085589945316314697e+02
2.106046276092529297e+02
2.126461868286132812e+02
2.146794342994689941e+02
2.166749975681304932e+02
2.187068707942962646e+02
2.207150840759277344e+02
2.227574758529663086e+02
2.247872011661529541e+02
2.268649241924285889e+02
2.289024672508239746e+02
2.309246211051940918e+02
2.329971518516540527e+02
2.350197017192840576e+02
2.370551991462707520e+02
2.390988659858703613e+02
2.410909378528594971e+02
2.431320836544036865e+02
2.452231655120849609e+02
2.472505247592926025e+02
2.493280262947082520e+02
2.513579897880554199e+02
2.534147148132324219e+02
2.554446713924407959e+02
2.575067069530487061e+02
2.595296998023986816e+02
2.615808889865875244e+02
2.636476376056671143e+02
2.656697380542755127e+02
2.676938605308532715e+02
2.697550258636474609e+02
2.718049423694610596e+02
2.738907129764556885e+02
2.759406399726867676e+02
2.779907729625701904e+02
2.800290157794952393e+02
2.820937006473541260e+02
2.841326742172241211e+02
2.862507970333099365e+02
2.884429674148559570e+02
2.905294330120086670e+02
2.925851604938507080e+02
2.946251993179321289e+02
2.966650009155273438e+02
2.987313141822814941e+02
3.007611470222473145e+02
3.028334786891937256e+02
3.049123222827911377e+02
3.069442620277404785e+02
3.089896779060363770e+02
3.110391931533813477e+02
3.130544228553771973e+02
3.151117012500762939e+02
3.171699576377868652e+02
3.192157316207885742e+02
3.212777173519134521e+02
3.233507859706878662e+02
3.254049170017242432e+02
3.274239606857299805e+02
3.294587373733520508e+02
3.315378918647766113e+02
3.335976672172546387e+02
3.356231319904327393e+02
3.376896724700927734e+02
3.397161533832550049e+02
3.418277008533477783e+02
3.438951590061187744e+02
3.459776165485382080e+02
3.480542066097259521e+02
3.501024529933929443e+02
3.521352410316467285e+02
3.541708350181579590e+02
3.562067537307739258e+02
3.582413737773895264e+02
3.602981774806976318e+02
3.623841667175292969e+02
3.644786682128906250e+02
3.665195305347442627e+02
3.685608980655670166e+02
3.706291821002960205e+02
3.727042596340179443e+02
3.747246961593627930e+02
3.767877812385559082e+02
3.788540849685668945e+02
3.808988935947418213e+02
3.829641661643981934e+02
3.850648946762084961e+02
3.870872292518615723e+02
3.891720297336578369e+02
3.912156472206115723e+02
3.933040339946746826e+02
3.953569993972778320e+02
3.974506716728210449e+02
3.995056037902832031e+02
4.017321732044219971e+02
4.037631819248199463e+02
4.058191580772399902e+02
4.078762226104736328e+02
4.099482820034027100e+02
