3.572648286819458008e+00
7.011591911315917969e+00
9.986204385757446289e+00
1.295781540870666504e+01
1.597602462768554688e+01
1.891259074211120605e+01
2.192423033714294434e+01
2.504094433784484863e+01
2.830826497077941895e+01
3.153555750846862793e+01
3.494898247718811035e+01
3.861808896064758301e+01
4.161721968650817871e+01
4.458983254432678223e+01
4.815686678886413574e+01
5.260452508926391602e+01
5.709971928596496582e+01
6.319654989242553711e+01
6.867294073104858398e+01
7.450708580017089844e+01
8.074751877784729004e+01
8.689339256286621094e+01
9.277507042884826660e+01
9.838805770874023438e+01
1.040956127643585205e+02
1.082875907421112061e+02
1.131530556678771973e+02
1.174055805206298828e+02
1.213588888645172119e+02
1.252856864929199219e+02
1.291774508953094482e+02
1.330472078323364258e+02
1.368549182415008545e+02
1.406541285514831543e+02
1.444313125610351562e+02
1.481764781475067139e+02
1.521117737293243408e+02
1.563743014335632324e+02
1.606223192214965820e+02
1.645005812644958496e+02
1.687521021366119385e+02
1.730981905460357666e+02
1.774317679405212402e+02
1.819784982204437256e+02
1.863706181049346924e+02
1.908412945270538330e+02
1.955681526660919189e+02
2.000163118839263916e+02
2.043518929481506348e+02
2.084463009834289551e+02
2.128254191875457764e+02
2.176003105640411377e+02
2.220149471759796143e+02
2.262160384654998779e+02
2.300113060474395752e+02
2.343318822383880615e+02
2.386194288730621338e+02
2.442614359855651855e+02
2.493010165691375732e+02
2.544902026653289795e+02
2.601212034225463867e+02
2.688499050140380859e+02
2.731416749954223633e+02
2.768868346214294434e+02
2.802517249584197998e+02
2.833319129943847656e+02
2.866212499141693115e+02
2.897890007495880127e+02
2.928216550350189209e+02
2.959533796310424805e+02
2.989610168933868408e+02
3.023128976821899414e+02
3.057143149375915527e+02
3.089300987720489502e+02
3.121188635826110840e+02
3.157074139118194580e+02
3.188826689720153809e+02
3.221324775218963623e+02
3.253872897624969482e+02
3.289583268165588379e+02
3.325668902397155762e+02
3.363595848083496094e+02
3.400987517833709717e+02
3.433170378208160400e+02
3.466413993835449219e+02
3.501864178180694580e+02
3.531114952564239502e+02
3.562677381038665771e+02
3.603291230201721191e+02
3.633017349243164062e+02
3.669983618259429932e+02
3.717537548542022705e+02
3.764665577411651611e+02
3.806695437431335449e+02
3.844482276439666748e+02
3.884565753936767578e+02
3.932669925689697266e+02
3.977696912288665771e+02
4.032700986862182617e+02
4.073444933891296387e+02
4.114724256992340088e+02
4.156548969745635986e+02
4.197738234996795654e+02
4.237456448078155518e+02
4.273882322311401367e+02
4.306025161743164062e+02
4.336777002811431885e+02
4.371896958351135254e+02
4.404164879322052002e+02
4.438229084014892578e+02
4.483286092281341553e+02
4.533786964416503906e+02
4.584793198108673096e+02
4.633017456531524658e+02
4.678254590034484863e+02
4.728292427062988281e+02
4.775541126728057861e+02
4.817626025676727295e+02
4.849828903675079346e+02
4.881201188564300537e+02
4.911782910823822021e+02
4.942239549160003662e+02
4.972130784988403320e+02
5.004613862037658691e+02
5.039003300666809082e+02
5.083745081424713135e+02
5.115012292861938477e+02
5.165649154186248779e+02
5.212812652587890625e+02
5.264219174385070801e+02
5.309371244907379150e+02
5.350465443134307861e+02
5.388322346210479736e+02
5.426339342594146729e+02
5.461104040145874023e+02
5.498935923576354980e+02
5.533731768131256104e+02
5.579739458560943604e+02
5.624726414680480957e+02
5.658350300788879395e+02
5.693044948577880859e+02
5.727704567909240723e+02
5.761288423538208008e+02
5.789063160419464111e+02
5.819554824829101562e+02
5.852172996997833252e+02
5.880843355655670166e+02
5.909733886718750000e+02
5.940845983028411865e+02
5.971122500896453857e+02
5.998757123947143555e+02
6.027747724056243896e+02
6.059565327167510986e+02
6.089121317863464355e+02
6.118817417621612549e+02
6.156909484863281250e+02
6.189732797145843506e+02
6.224907867908477783e+02
6.256500301361083984e+02
6.297974765300750732e+02
6.328756632804870605e+02
6.359563524723052979e+02
6.397700617313385010e+02
6.432535572052001953e+02
6.469391748905181885e+02
6.500498847961425781e+02
6.532146339416503906e+02
6.561662299633026123e+02
6.592269041538238525e+02
6.623271746635437012e+02
6.651356699466705322e+02
6.683320639133453369e+02
6.715554900169372559e+02
6.746276726722717285e+02
6.775437440872192383e+02
6.805789008140563965e+02
6.837941844463348389e+02
6.869264097213745117e+02
6.913055205345153809e+02
6.954119381904602051e+02
6.998020565509796143e+02
7.039775233268737793e+02
7.087974469661712646e+02
7.128953585624694824e+02
7.166300113201141357e+02
7.205482947826385498e+02
7.242063932418823242e+02
7.279805746078491211e+02
7.319934260845184326e+02
7.362354393005371094e+02
7.399550812244415283e+02
7.438318357467651367e+02
7.476945800781250000e+02
7.514007132053375244e+02
7.551628851890563965e+02
7.588865306377410889e+02
7.628118190765380859e+02
7.667371077537536621e+02
7.714404489994049072e+02
7.771710205078125000e+02
