1.182266045361757278e-02
1.642036065459251404e-02
1.773399114608764648e-02
1.510673295706510544e-02
1.609195396304130554e-02
2.134646847844123840e-02
2.266009896993637085e-02
1.871921308338642120e-02
1.379310339689254761e-02
1.674877107143402100e-02
1.642036065459251404e-02
1.806239783763885498e-02
1.773398928344249725e-02
1.740558259189128876e-02
2.167487703263759613e-02
2.233169227838516235e-02
2.331691235303878784e-02
1.806239783763885498e-02
2.036124654114246368e-02
2.364531904458999634e-02
2.101806178689002991e-02
1.904761977493762970e-02
1.806239783763885498e-02
2.003284171223640442e-02
2.430213615298271179e-02
2.167487703263759613e-02
2.627257630228996277e-02
3.316913172602653503e-02
3.973727673292160034e-02
4.663382470607757568e-02
4.991789534687995911e-02
5.484400689601898193e-02
7.389162480831146240e-02
8.144497871398925781e-02
9.622330963611602783e-02
1.008210182189941406e-01
1.211822554469108582e-01
1.399014890193939209e-01
1.638751775026321411e-01
1.848932653665542603e-01
1.904761940240859985e-01
2.114942371845245361e-01
2.318554967641830444e-01
2.380952388048171997e-01
2.518883347511291504e-01
2.699507176876068115e-01
2.673234939575195312e-01
2.919540107250213623e-01
3.057470917701721191e-01
3.257799744606018066e-01
3.287356197834014893e-01
3.428571522235870361e-01
3.697865307331085205e-01
3.645320236682891846e-01
3.701149225234985352e-01
3.835796117782592773e-01
3.917897939682006836e-01
3.977011144161224365e-01
4.062397181987762451e-01
4.233168661594390869e-01
4.177339375019073486e-01
4.446633756160736084e-01
4.285714030265808105e-01
4.367815852165222168e-01
4.334974884986877441e-01
4.502462744712829590e-01
4.538587331771850586e-01
4.673234224319458008e-01
4.646961688995361328e-01
4.653529822826385498e-01
4.778324663639068604e-01
4.840722084045410156e-01
4.791461229324340820e-01
4.880131185054779053e-01
4.903119802474975586e-01
4.962232708930969238e-01
5.008209943771362305e-01
4.998357594013214111e-01
5.100163817405700684e-01
5.126436352729797363e-01
5.090311765670776367e-01
5.119868516921997070e-01
5.284072160720825195e-01
5.330048799514770508e-01
5.290639996528625488e-01
5.224958658218383789e-01
5.359605550765991211e-01
5.349752902984619141e-01
5.399014949798583984e-01
5.451560020446777344e-01
5.372741818428039551e-01
5.458127856254577637e-01
5.517240166664123535e-01
5.444990992546081543e-01
5.477831959724426270e-01
5.497536063194274902e-01
5.632183551788330078e-01
5.615763068199157715e-01
5.648604035377502441e-01
5.651887655258178711e-01
5.750409960746765137e-01
5.651887655258178711e-01
5.674876570701599121e-01
5.766830444335937500e-01
5.825942754745483398e-01
5.727421045303344727e-01
5.865352153778076172e-01
5.661739706993103027e-01
5.793102979660034180e-01
5.822659134864807129e-01
5.858783721923828125e-01
5.835795402526855469e-01
5.891624689102172852e-01
5.937602519989013672e-01
5.914614200592041016e-01
6.065680980682373047e-01
6.013135910034179688e-01
5.944170355796813965e-01
5.944169759750366211e-01
6.009851694107055664e-01
5.901477336883544922e-01
5.891624689102172852e-01
6.078817844390869141e-01
6.036124229431152344e-01
5.944169759750366211e-01
6.137930750846862793e-01
6.141214370727539062e-01
6.151067018508911133e-01
6.042692065238952637e-01
6.144498586654663086e-01
6.229884028434753418e-01
6.101806163787841797e-01
6.121510267257690430e-01
6.275861263275146484e-01
6.082101464271545410e-01
6.220031976699829102e-01
6.233168244361877441e-01
6.220031976699829102e-01
6.357963085174560547e-01
6.285713315010070801e-01
6.288998126983642578e-01
6.239736676216125488e-01
6.213464140892028809e-01
6.282429099082946777e-01
6.197043657302856445e-01
6.325122117996215820e-01
6.252872943878173828e-01
6.279145479202270508e-01
6.282429099082946777e-01
6.311985850334167480e-01
6.367815136909484863e-01
6.348111033439636230e-01
6.272577643394470215e-01
6.325122117996215820e-01
6.367815732955932617e-01
6.469621658325195312e-01
6.486042737960815430e-01
6.541871428489685059e-01
6.443349123001098633e-01
6.394087672233581543e-01
6.449917554855346680e-01
6.463053822517395020e-01
6.476190090179443359e-01
6.469621658325195312e-01
6.440064311027526855e-01
6.476189494132995605e-01
6.564859747886657715e-01
6.509030461311340332e-01
6.532019376754760742e-01
6.380952000617980957e-01
6.558291912078857422e-01
6.551723480224609375e-01
6.561576128005981445e-01
6.522166728973388672e-01
6.594416499137878418e-01
6.564859747886657715e-01
6.502462625503540039e-01
6.538586616516113281e-01
6.627256870269775391e-01
6.512314081192016602e-01
6.637108922004699707e-01
6.669949889183044434e-01
6.591131687164306641e-01
6.669949889183044434e-01
6.551723480224609375e-01
6.600984334945678711e-01
6.591131687164306641e-01
6.614120602607727051e-01
6.702790260314941406e-01
6.610836982727050781e-01
6.623972654342651367e-01
6.689654588699340820e-01
6.729063391685485840e-01
6.623972058296203613e-01
6.679801940917968750e-01
6.686370968818664551e-01
6.709358692169189453e-01
6.623973250389099121e-01
6.715926527976989746e-01
6.689653992652893066e-01
