1.477832533419132233e-02
2.036124840378761292e-02
2.134647034108638763e-02
2.003284171223640442e-02
1.379310339689254761e-02
1.576354727149009705e-02
1.871921122074127197e-02
1.970443502068519592e-02
1.707717590034008026e-02
1.970443502068519592e-02
1.444991771131753922e-02
2.036124840378761292e-02
1.740558259189128876e-02
2.200328372418880463e-02
1.707717403769493103e-02
1.904761791229248047e-02
1.904761791229248047e-02
1.707717590034008026e-02
1.904761791229248047e-02
1.970443315804004669e-02
1.707717590034008026e-02
1.740558072924613953e-02
1.740558259189128876e-02
1.937602646648883820e-02
1.806239783763885498e-02
2.200328372418880463e-02
2.200328558683395386e-02
1.904761791229248047e-02
2.331691235303878784e-02
2.233169227838516235e-02
2.692939341068267822e-02
2.397372946143150330e-02
3.481116518378257751e-02
4.433497041463851929e-02
5.385877937078475952e-02
6.174055486917495728e-02
6.995073705911636353e-02
7.651887834072113037e-02
8.078817278146743774e-02
9.490969032049179077e-02
9.129720181226730347e-02
1.064039468765258789e-01
1.067323461174964905e-01
1.165845543146133423e-01
1.353037804365158081e-01
1.408866941928863525e-01
1.330049335956573486e-01
1.582922786474227905e-01
1.632183939218521118e-01
1.793103218078613281e-01
1.848932802677154541e-01
1.891625523567199707e-01
1.960591226816177368e-01
2.147783339023590088e-01
2.328407168388366699e-01
2.285714149475097656e-01
2.334975302219390869e-01
2.532019615173339844e-01
2.463054060935974121e-01
2.640393972396850586e-01
2.735632061958312988e-01
2.811165750026702881e-01
2.837438583374023438e-01
2.962233424186706543e-01
2.995073795318603516e-01
3.037766814231872559e-01
3.284072279930114746e-01
3.208538293838500977e-01
3.307060599327087402e-01
3.402298390865325928e-01
3.504104912281036377e-01
3.619047403335571289e-01
3.602626919746398926e-01
3.694581091403961182e-01
3.740558028221130371e-01
3.766830563545227051e-01
3.776682913303375244e-01
3.796387016773223877e-01
3.819376230239868164e-01
3.904761373996734619e-01
3.901477754116058350e-01
3.990147709846496582e-01
3.891625404357910156e-01
3.973726928234100342e-01
4.164203405380249023e-01
4.062396883964538574e-01
4.249588847160339355e-01
4.311986565589904785e-01
4.144499003887176514e-01
4.364531934261322021e-01
4.466337859630584717e-01
4.387520253658294678e-01
4.472906291484832764e-01
4.512315094470977783e-01
4.551723897457122803e-01
4.571428298950195312e-01
4.551723897457122803e-01
4.591132998466491699e-01
4.568144679069519043e-01
4.745483994483947754e-01
4.709359109401702881e-01
4.715927541255950928e-01
4.755336344242095947e-01
4.794744849205017090e-01
4.909687638282775879e-01
4.752052426338195801e-01
4.860426485538482666e-01
4.965516626834869385e-01
4.978653192520141602e-01
4.919539988040924072e-01
4.919539690017700195e-01
5.027914643287658691e-01
5.070607066154479980e-01
4.952380061149597168e-01
5.044334530830383301e-01
4.952380657196044922e-01
5.064039230346679688e-01
5.031198263168334961e-01
5.146140456199645996e-01
5.247946977615356445e-01
5.192117691040039062e-01
5.221674442291259766e-01
5.323480963706970215e-01
5.155993103981018066e-01
5.228242874145507812e-01
5.261083245277404785e-01
5.366172790527343750e-01
5.284071564674377441e-01
5.261083245277404785e-01
5.323480367660522461e-01
5.441707372665405273e-01
5.264367461204528809e-01
5.228242278099060059e-01
5.326764583587646484e-01
5.438423156738281250e-01
5.533661246299743652e-01
5.431854724884033203e-01
5.481116175651550293e-01
5.635467767715454102e-01
5.379309654235839844e-01
5.517240762710571289e-01
5.530377626419067383e-01
5.625615715980529785e-01
5.612478852272033691e-01
5.530377030372619629e-01
5.559933781623840332e-01
5.573070049285888672e-01
5.543513298034667969e-01
5.642035603523254395e-01
5.622330904006958008e-01
5.556650161743164062e-01
5.691296458244323730e-01
5.688012838363647461e-01
5.658456087112426758e-01
5.845647454261779785e-01
5.822659730911254883e-01
5.717569589614868164e-01
5.740557312965393066e-01
5.786535143852233887e-01
5.684728622436523438e-01
5.760262012481689453e-01
5.812807679176330566e-01
5.743842124938964844e-01
5.924465656280517578e-01
5.779966115951538086e-01
5.770114660263061523e-01
5.862068533897399902e-01
5.707716941833496094e-01
5.832512378692626953e-01
5.835795402526855469e-01
5.848932266235351562e-01
5.891624689102172852e-01
5.934317111968994141e-01
5.924466252326965332e-01
5.901477336883544922e-01
5.760262012481689453e-01
5.871921181678771973e-01
6.052544116973876953e-01
6.003283262252807617e-01
6.065680384635925293e-01
6.042692065238952637e-01
6.003283262252807617e-01
6.075533032417297363e-01
5.875204801559448242e-01
5.865352749824523926e-01
5.996715426445007324e-01
6.013135313987731934e-01
6.029556393623352051e-01
6.013135910034179688e-01
6.009851694107055664e-01
6.114941835403442383e-01
6.095237135887145996e-01
6.045976281166076660e-01
6.052544713020324707e-01
6.223316192626953125e-01
6.078817248344421387e-01
5.944170355796813965e-01
6.167487502098083496e-01
6.085385084152221680e-01
6.128078699111938477e-01
