1.674876734614372253e-02
1.806239783763885498e-02
1.970443129539489746e-02
1.313628908246755600e-02
1.871921308338642120e-02
1.642036065459251404e-02
2.068965509533882141e-02
1.642036065459251404e-02
1.707717590034008026e-02
1.642036065459251404e-02
1.576354540884494781e-02
1.839080452919006348e-02
1.642036251723766327e-02
1.642036065459251404e-02
1.904761791229248047e-02
1.609195396304130554e-02
1.937602460384368896e-02
1.937602832913398743e-02
2.003283984959125519e-02
1.970443502068519592e-02
1.707717403769493103e-02
2.397372759878635406e-02
1.773398928344249725e-02
1.642036251723766327e-02
2.233169041574001312e-02
2.397372573614120483e-02
3.284072503447532654e-02
3.743842244148254395e-02
4.991789907217025757e-02
4.597700759768486023e-02
5.681444704532623291e-02
6.141215190291404724e-02
6.502462923526763916e-02
7.914613932371139526e-02
7.717569917440414429e-02
8.472906053066253662e-02
1.001642048358917236e-01
1.090312004089355469e-01
1.251231580972671509e-01
1.280788183212280273e-01
1.461412012577056885e-01
1.573070734739303589e-01
1.668308526277542114e-01
1.868637055158615112e-01
2.019704580307006836e-01
2.114942520856857300e-01
2.170771658420562744e-01
2.420361340045928955e-01
2.426929324865341187e-01
2.614121735095977783e-01
2.673234641551971436e-01
2.847290337085723877e-01
2.863711118698120117e-01
3.083743453025817871e-01
3.142856955528259277e-01
3.297208547592163086e-01
3.326764702796936035e-01
3.382594585418701172e-01
3.405582904815673828e-01
3.632183670997619629e-01
3.642035722732543945e-01
3.724137842655181885e-01
3.776682913303375244e-01
3.960590660572052002e-01
3.914613723754882812e-01
4.124794602394104004e-01
4.259441494941711426e-01
4.164203107357025146e-01
4.091953933238983154e-01
4.220032393932342529e-01
4.183907508850097656e-01
4.325122833251953125e-01
4.377668201923370361e-01
4.420360624790191650e-01
4.515599012374877930e-01
4.472905993461608887e-01
4.627257585525512695e-01
4.577996730804443359e-01
4.847289919853210449e-01
4.712643325328826904e-01
4.781608879566192627e-01
4.712643325328826904e-01
4.863710701465606689e-01
4.899835586547851562e-01
4.926108419895172119e-01
5.011494159698486328e-01
4.998357892036437988e-01
4.965516924858093262e-01
5.152708888053894043e-01
5.054186582565307617e-01
5.192117691040039062e-01
5.159276723861694336e-01
5.316912531852722168e-01
5.146141052246093750e-01
5.313628911972045898e-01
5.330048799514770508e-01
5.362889766693115234e-01
5.349753499031066895e-01
5.290639996528625488e-01
5.349753499031066895e-01
5.376026034355163574e-01
5.625615119934082031e-01
5.448275208473205566e-01
5.523809194564819336e-01
5.701148509979248047e-01
5.622330904006958008e-01
5.596058368682861328e-01
5.625615119934082031e-01
5.609195232391357422e-01
5.681444406509399414e-01
5.727421045303344727e-01
5.651887655258178711e-01
5.704433321952819824e-01
5.727421641349792480e-01
5.733988881111145020e-01
5.681445002555847168e-01
5.756977796554565430e-01
5.651887655258178711e-01
5.707716941833496094e-01
5.924465656280517578e-01
5.865352153778076172e-01
5.891625285148620605e-01
5.829226970672607422e-01
5.822659730911254883e-01
5.921181440353393555e-01
5.908044576644897461e-01
5.957306623458862305e-01
6.039407849311828613e-01
5.977010726928710938e-01
5.980294942855834961e-01
6.039407849311828613e-01
5.937601923942565918e-01
5.986863374710083008e-01
6.085385084152221680e-01
6.088669300079345703e-01
6.072248816490173340e-01
6.216747760772705078e-01
6.131362915039062500e-01
5.921182036399841309e-01
5.993431210517883301e-01
6.154351234436035156e-01
6.183907389640808105e-01
6.167486906051635742e-01
6.101806163787841797e-01
6.220031976699829102e-01
6.216748356819152832e-01
6.118226051330566406e-01
6.213464140892028809e-01
6.292281746864318848e-01
6.285712718963623047e-01
6.210179924964904785e-01
6.279144883155822754e-01
6.361247301101684570e-01
6.164203286170959473e-01
6.262724995613098145e-01
6.344826817512512207e-01
6.305418610572814941e-01
6.249589323997497559e-01
6.295565366744995117e-01
6.449916958808898926e-01
6.351394653320312500e-01
6.282429695129394531e-01
6.367815136909484863e-01
6.338258981704711914e-01
6.410508155822753906e-01
6.440064907073974609e-01
6.367815732955932617e-01
6.410508155822753906e-01
6.338258981704711914e-01
6.594416499137878418e-01
6.469621062278747559e-01
6.515598893165588379e-01
6.545155644416809082e-01
6.505746245384216309e-01
6.433497071266174316e-01
6.509029865264892578e-01
6.394088268280029297e-01
6.528734564781188965e-01
6.581280231475830078e-01
6.525450944900512695e-01
6.479474306106567383e-01
6.466337442398071289e-01
6.571428179740905762e-01
6.643677353858947754e-01
6.571427583694458008e-01
6.545155048370361328e-01
6.646961569786071777e-01
6.637109518051147461e-01
6.581279635429382324e-01
6.486041545867919922e-01
6.683086156845092773e-01
6.574711799621582031e-01
6.646962165832519531e-01
6.630541086196899414e-01
6.502462625503540039e-01
6.669950485229492188e-01
6.646961569786071777e-01
6.532018780708312988e-01
6.656813025474548340e-01
6.594415903091430664e-01
