2.884631395339965820e+00
3.813291788101196289e+00
4.728441476821899414e+00
5.651097297668457031e+00
6.563245773315429688e+00
7.479896068572998047e+00
8.396047115325927734e+00
9.318201541900634766e+00
1.023385262489318848e+01
1.116401386260986328e+01
1.208316588401794434e+01
1.300932431221008301e+01
1.393348073959350586e+01
1.484662961959838867e+01
1.577028536796569824e+01
1.669344091415405273e+01
1.762310147285461426e+01
1.854675745964050293e+01
1.946340942382812500e+01
2.040207624435424805e+01
2.132773399353027344e+01
2.225939583778381348e+01
2.319155788421630859e+01
2.413424849510192871e+01
2.504989838600158691e+01
2.597755742073059082e+01
2.689570999145507812e+01
2.783339071273803711e+01
2.876203536987304688e+01
2.969770073890686035e+01
3.070641708374023438e+01
3.171863627433776855e+01
3.265329933166503906e+01
3.362048649787902832e+01
3.455414986610412598e+01
3.548130941390991211e+01
3.640396404266357422e+01
3.734263110160827637e+01
3.827129101753234863e+01
3.919644808769226074e+01
4.012911105155944824e+01
4.105526876449584961e+01
4.197842454910278320e+01
4.290408182144165039e+01
4.383174085617065430e+01
4.476840639114379883e+01
4.571157670021057129e+01
4.665674853324890137e+01
4.758490777015686035e+01
4.851506900787353516e+01
4.944522929191589355e+01
5.037989330291748047e+01
5.132006096839904785e+01
5.226172947883605957e+01
5.319038939476013184e+01
5.412905645370483398e+01
5.506622219085693359e+01
5.601039266586303711e+01
5.694105410575866699e+01
5.785920691490173340e+01
5.880288386344909668e+01
5.974305200576782227e+01
6.067121148109436035e+01
6.160387396812438965e+01
6.253653645515441895e+01
6.346469569206237793e+01
6.440086174011230469e+01
6.536254405975341797e+01
6.629670763015747070e+01
6.722236514091491699e+01
6.815853023529052734e+01
6.910119986534118652e+01
7.003686451911926270e+01
7.096802663803100586e+01
7.190469169616699219e+01
7.292441582679748535e+01
7.385157465934753418e+01
7.478473758697509766e+01
7.575142455101013184e+01
7.671510910987854004e+01
7.766178154945373535e+01
7.861545920372009277e+01
7.956863641738891602e+01
8.050880432128906250e+01
8.144496941566467285e+01
8.237663054466247559e+01
8.331629800796508789e+01
8.426447224617004395e+01
8.520415282249450684e+01
8.614932346343994141e+01
8.709099268913269043e+01
8.804517102241516113e+01
8.898984098434448242e+01
8.992450547218322754e+01
9.086867570877075195e+01
9.182785820960998535e+01
9.276302170753479004e+01
9.371970152854919434e+01
9.466487288475036621e+01
9.561104536056518555e+01
9.655171322822570801e+01
9.750188851356506348e+01
9.844605922698974609e+01
9.938222408294677734e+01
1.003389036655426025e+02
1.013040895462036133e+02
1.022532639503479004e+02
1.032064411640167236e+02
1.041476094722747803e+02
1.050927813053131104e+02
1.060274450778961182e+02
1.069826242923736572e+02
1.079568154811859131e+02
1.089129948616027832e+02
1.098606679439544678e+02
1.108133449554443359e+02
1.117735273838043213e+02
1.127632312774658203e+02
1.137539336681365967e+02
1.147346312999725342e+02
1.157363424301147461e+02
1.167170393466949463e+02
1.176662137508392334e+02
1.186168882846832275e+02
1.196836466789245605e+02
1.206813554763793945e+02
1.216550469398498535e+02
1.226042211055755615e+02
1.235483918190002441e+02
1.244950644969940186e+02
1.254557478427886963e+02
1.264154288768768311e+02
1.273726096153259277e+02
1.283437988758087158e+02
1.292899835109710693e+02
1.302316524982452393e+02
1.311863307952880859e+02
1.321440105438232422e+02
1.331026923656463623e+02
1.340783851146697998e+02
1.350465731620788574e+02
1.360127594470977783e+02
1.369624342918395996e+02
1.379146103858947754e+02
1.388652861118316650e+02
1.398274693489074707e+02
1.407736415863037109e+02
1.417213146686553955e+02
1.426834983825683594e+02
1.436346740722656250e+02
1.445823469161987305e+02
1.455466363430023193e+02
1.465218296051025391e+02
1.474790096282958984e+02
1.485472683906555176e+02
1.495459837913513184e+02
1.505071613788604736e+02
1.514603459835052490e+02
1.524145243167877197e+02
1.534082305431365967e+02
1.543549025058746338e+02
1.553441054821014404e+02
1.563122940063476562e+02
1.572524609565734863e+02
1.582606775760650635e+02
1.592293663024902344e+02
1.601945514678955078e+02
1.611392374038696289e+02
1.622445075511932373e+02
1.632191998958587646e+02
1.642869586944580078e+02
1.654152779579162598e+02
1.663809638023376465e+02
1.673521540164947510e+02
1.683363533020019531e+02
1.693315601348876953e+02
1.703192687034606934e+02
1.712779488563537598e+02
1.722344417572021484e+02
1.731966247558593750e+02
1.741578080654144287e+02
1.751222889423370361e+02
1.761050126552581787e+02
1.770827069282531738e+02
1.780473923683166504e+02
1.790080747604370117e+02
1.799642546176910400e+02
1.809329423904418945e+02
1.819116375446319580e+02
1.828888318538665771e+02
1.838740320205688477e+02
1.848557291030883789e+02
1.858419303894042969e+02
1.868741633892059326e+02
1.878638668060302734e+02
1.889146130084991455e+02
1.899098198413848877e+02
1.909000236988067627e+02
1.918822216987609863e+02
1.928644187450408936e+02
