1.309431076049804688e+00
2.594343185424804688e+00
3.794696569442749023e+00
4.972532749176025391e+00
6.157874822616577148e+00
7.353724956512451172e+00
8.573591470718383789e+00
9.766438722610473633e+00
1.097729921340942383e+01
1.216714382171630859e+01
1.337199974060058594e+01
1.458035850524902344e+01
1.579822325706481934e+01
1.708369088172912598e+01
1.827654600143432617e+01
1.957346749305725098e+01
2.078282594680786133e+01
2.198117709159851074e+01
2.318853473663330078e+01
2.439589262008666992e+01
2.559874701499938965e+01
2.682461857795715332e+01
2.806399893760681152e+01
2.928686785697937012e+01
3.051023650169372559e+01
3.169707965850830078e+01
3.309707427024841309e+01
3.433449363708496094e+01
3.558938527107238770e+01
3.680775070190429688e+01
3.801510763168334961e+01
3.923497462272644043e+01
4.045734333992004395e+01
4.167420744895935059e+01
4.287956428527832031e+01
4.416197538375854492e+01
4.546590137481689453e+01
4.668076419830322266e+01
4.789314103126525879e+01
4.911500763893127441e+01
5.034187912940979004e+01
5.155974435806274414e+01
5.275209140777587891e+01
5.399047136306762695e+01
5.519732904434204102e+01
5.643870997428894043e+01
5.772862648963928223e+01
5.893398332595825195e+01
6.024891710281372070e+01
6.146528124809265137e+01
6.273668432235717773e+01
6.402409911155700684e+01
6.525647425651550293e+01
6.648534727096557617e+01
6.771672248840332031e+01
6.893008470535278320e+01
7.015745711326599121e+01
7.137982439994812012e+01
7.265873312950134277e+01
7.422584629058837891e+01
7.552977323532104492e+01
7.685021090507507324e+01
7.807608222961425781e+01
7.932997250556945801e+01
8.057485699653625488e+01
8.181323647499084473e+01
8.310965800285339355e+01
8.433358192443847656e+01
8.598275399208068848e+01
8.732420730590820312e+01
8.861312341690063477e+01
8.988352537155151367e+01
9.122647881507873535e+01
9.255192160606384277e+01
9.379230165481567383e+01
9.505169630050659180e+01
9.625805306434631348e+01
9.747541785240173340e+01
9.868377637863159180e+01
9.993643951416015625e+01
1.012088503837585449e+02
1.025808255672454834e+02
1.038377449512481689e+02
1.051001207828521729e+02
1.063154840469360352e+02
1.075983951091766357e+02
1.088497843742370605e+02
1.100796573162078857e+02
1.112935204505920410e+02
1.125093846321105957e+02
1.137482640743255615e+02
1.150056571960449219e+02
1.162374618053436279e+02
1.174703383445739746e+02
1.187467446327209473e+02
1.199961318969726562e+02
1.212365131378173828e+02
1.224658865928649902e+02
1.236957600116729736e+02
1.249611587524414062e+02
1.261860296726226807e+02
1.274549310207366943e+02
1.286878066062927246e+02
1.299341921806335449e+02
1.311795771121978760e+02
1.324209585189819336e+02
1.336638422012329102e+02
1.349167320728302002e+02
1.361476063728332520e+02
1.373829841613769531e+02
1.386278684139251709e+02
1.398747544288635254e+02
1.411331486701965332e+02
1.423655240535736084e+02
1.435919067859649658e+02
1.448277847766876221e+02
1.460431485176086426e+02
1.472810275554656982e+02
1.485444250106811523e+02
1.497838058471679688e+02
1.510341942310333252e+02
1.522685708999633789e+02
1.535089521408081055e+02
1.547973678112030029e+02
1.560507574081420898e+02
1.572866439819335938e+02
1.585295274257659912e+02
1.597649047374725342e+02
1.610303037166595459e+02
1.622506713867187500e+02
1.635325815677642822e+02
1.647999815940856934e+02
1.660488691329956055e+02
1.672797434329986572e+02
1.685306322574615479e+02
1.697810199260711670e+02
1.710389361381530762e+02
1.722623045444488525e+02
1.734921779632568359e+02
1.747545754909515381e+02
1.760099675655364990e+02
1.772653594017028809e+02
1.785042395591735840e+02
1.797831475734710693e+02
1.810445435047149658e+02
1.822684128284454346e+02
1.835032906532287598e+02
1.847671880722045898e+02
1.859900579452514648e+02
1.872294375896453857e+02
1.884733273983001709e+02
1.897497332096099854e+02
1.910241389274597168e+02
1.922550129890441895e+02
1.935154085159301758e+02
1.947788059711456299e+02
1.960046768188476562e+02
1.972245576381683350e+02
1.985024657249450684e+02
1.997658629417419434e+02
2.010182530879974365e+02
2.022521293163299561e+02
2.035020177364349365e+02
2.048379664421081543e+02
2.060633428096771240e+02
2.073232374191284180e+02
2.085816316604614258e+02
2.098275170326232910e+02
2.110693988800048828e+02
2.123262917995452881e+02
2.135796823501586914e+02
2.148535892963409424e+02
2.161329963207244873e+02
2.173978948593139648e+02
2.186657958030700684e+02
2.199417023658752441e+02
2.211655714511871338e+02
2.223944447040557861e+02
2.236438319683074951e+02
2.249092307090759277e+02
2.261486134529113770e+02
2.274100077152252197e+02
2.286794092655181885e+02
2.299212913513183594e+02
2.311631739139556885e+02
2.324095590114593506e+02
2.336789612770080566e+02
2.349188420772552490e+02
2.361692302227020264e+02
2.374026062488555908e+02
2.386549961566925049e+02
2.400199911594390869e+02
2.414435017108917236e+02
2.428294863700866699e+02
2.441619329452514648e+02
2.454213273525238037e+02
2.467182488441467285e+02
2.479911530017852783e+02
2.492500474452972412e+02
2.505284554958343506e+02
