1.219866752624511719e+00
2.361177206039428711e+00
3.527005434036254883e+00
4.646301031112670898e+00
5.758590698242187500e+00
6.890895366668701172e+00
7.996681213378906250e+00
9.101965904235839844e+00
1.025978827476501465e+01
1.139659595489501953e+01
1.250323390960693359e+01
1.363303613662719727e+01
1.476884317398071289e+01
1.594069361686706543e+01
1.703346943855285645e+01
1.818328642845153809e+01
1.935211682319641113e+01
2.048392081260681152e+01
2.159170770645141602e+01
2.270199799537658691e+01
2.381778931617736816e+01
2.497462797164916992e+01
2.609192132949829102e+01
2.719673824310302734e+01
2.829250192642211914e+01
2.942580699920654297e+01
3.052008414268493652e+01
3.167342138290405273e+01
3.280374956130981445e+01
3.393355250358581543e+01
3.508086752891540527e+01
3.619816088676452637e+01
3.731095814704895020e+01
3.844176125526428223e+01
3.956357336044311523e+01
4.068835711479187012e+01
4.188370704650878906e+01
4.299349498748779297e+01
4.411479115486145020e+01
4.524859690666198730e+01
4.638790631294250488e+01
4.753522157669067383e+01
4.879811882972717285e+01
5.020311689376831055e+01
5.159061622619628906e+01
5.292756390571594238e+01
5.410089731216430664e+01
5.523820614814758301e+01
5.644155979156494141e+01
5.759738087654113770e+01
5.872618317604064941e+01
5.989251184463500977e+01
6.101030588150024414e+01
6.211408972740173340e+01
6.323688745498657227e+01
6.438920640945434570e+01
6.550650024414062500e+01
6.660778212547302246e+01
6.773908567428588867e+01
6.888690161705017090e+01
7.003621888160705566e+01
7.118503427505493164e+01
7.228781938552856445e+01
7.341111564636230469e+01
7.454592132568359375e+01
7.568923425674438477e+01
7.682804298400878906e+01
7.795084071159362793e+01
7.907814145088195801e+01
8.017291998863220215e+01
8.129071378707885742e+01
8.243252468109130859e+01
8.357883906364440918e+01
8.478869795799255371e+01
8.624123096466064453e+01
8.762821507453918457e+01
8.888861060142517090e+01
9.039167904853820801e+01
9.189074444770812988e+01
9.315514230728149414e+01
9.444705963134765625e+01
9.566992807388305664e+01
9.699192714691162109e+01
9.812923455238342285e+01
9.940614151954650879e+01
1.005614695549011230e+02
1.016887705326080322e+02
1.028130691051483154e+02
1.039703912734985352e+02
1.051112012863159180e+02
1.062380020618438721e+02
1.073673043251037598e+02
1.085106163024902344e+02
1.096474239826202393e+02
1.107862329483032227e+02
1.119565653800964355e+02
1.130908703804016113e+02
1.142256765365600586e+02
1.153604826927185059e+02
1.164882843494415283e+02
1.176391012668609619e+02
1.187854166030883789e+02
1.199122283458709717e+02
1.210410311222076416e+02
1.221933498382568359e+02
1.233137204647064209e+02
1.244710426330566406e+02
1.256343684196472168e+02
1.267956962585449219e+02
1.279630231857299805e+02
1.291113390922546387e+02
1.302326354980468750e+02
1.313734459877014160e+02
1.325027484893798828e+02
1.336545660495758057e+02
1.348108880519866943e+02
1.359381885528564453e+02
1.370774979591369629e+02
1.382238123416900635e+02
1.393651239871978760e+02
1.405329530239105225e+02
1.416947779655456543e+02
1.428445947170257568e+02
1.439994151592254639e+02
1.451452298164367676e+02
1.462805361747741699e+02
1.474408605098724365e+02
1.487212698459625244e+02
1.499126160144805908e+02
1.510784447193145752e+02
1.522222566604614258e+02
1.533691132068634033e+02
1.545284373760223389e+02
1.557022705078125000e+02
1.568465831279754639e+02
1.579773862361907959e+02
1.591477177143096924e+02
1.603215522766113281e+02
1.614608609676361084e+02
1.626136803627014160e+02
1.637745158672332764e+02
1.650289063453674316e+02
1.661697168350219727e+02
1.673360457420349121e+02
1.685008728504180908e+02
1.697532629966735840e+02
1.709080829620361328e+02
1.720604021549224854e+02
1.731826994419097900e+02
1.743115012645721436e+02
1.754643204212188721e+02
1.766121358871459961e+02
1.777599515914916992e+02
1.789127769470214844e+02
1.800751013755798340e+02
1.812594428062438965e+02
1.823927474021911621e+02
1.835610778331756592e+02
1.847107429504394531e+02
1.858670649528503418e+02
1.870253872871398926e+02
1.881952180862426758e+02
1.894215898513793945e+02
1.905724146366119385e+02
1.917097220420837402e+02
1.929225835800170898e+02
1.941164319515228271e+02
1.953352978229522705e+02
1.964946210384368896e+02
1.976549599170684814e+02
1.987982575893402100e+02
2.000201256275177002e+02
2.011914582252502441e+02
2.023487799167633057e+02
2.035996685028076172e+02
2.047514874935150146e+02
2.059288239479064941e+02
2.071026573181152344e+02
2.083690569400787354e+02
2.095143711566925049e+02
2.107272319793701172e+02
2.119025678634643555e+02
2.130864086151123047e+02
2.143578109741210938e+02
2.155216379165649414e+02
2.167490100860595703e+02
2.178968255519866943e+02
2.190341339111328125e+02
2.202229781150817871e+02
2.213567833900451660e+02
2.225216107368469238e+02
2.236884400844573975e+02
2.248307516574859619e+02
2.259960789680480957e+02
2.271624083518981934e+02
2.283462493419647217e+02
2.294875597953796387e+02
2.306513864994049072e+02
2.318332266807556152e+02
2.330035572052001953e+02
