1.477832533419132233e-02
1.904761791229248047e-02
1.609195396304130554e-02
1.970443502068519592e-02
2.003283984959125519e-02
2.266009524464607239e-02
2.528735622763633728e-02
2.266009896993637085e-02
2.134646847844123840e-02
2.758620679378509521e-02
3.809523582458496094e-02
4.926108568906784058e-02
7.290640473365783691e-02
9.064038842916488647e-02
1.257799714803695679e-01
1.471264362335205078e-01
1.868637055158615112e-01
2.078817784786224365e-01
2.315271049737930298e-01
2.633826136589050293e-01
2.949096858501434326e-01
3.031198680400848389e-01
3.323481082916259766e-01
3.454843759536743164e-01
3.691296875476837158e-01
3.799671232700347900e-01
3.898193836212158203e-01
3.954022824764251709e-01
4.085385799407958984e-01
4.407224655151367188e-01
4.417076706886291504e-01
4.568144083023071289e-01
4.650245904922485352e-01
4.623973667621612549e-01
4.794744849205017090e-01
4.811165630817413330e-01
4.981937110424041748e-01
4.958949089050292969e-01
5.139572620391845703e-01
5.146141052246093750e-01
5.274220108985900879e-01
5.297207832336425781e-01
5.293924212455749512e-01
5.366173982620239258e-01
5.425286889076232910e-01
5.507388710975646973e-01
5.540229678153991699e-01
5.628899335861206055e-01
5.599341988563537598e-01
5.783250331878662109e-01
5.684728622436523438e-01
5.760262012481689453e-01
5.773398280143737793e-01
5.852215886116027832e-01
5.871920585632324219e-01
5.793102979660034180e-01
5.911329388618469238e-01
5.914613008499145508e-01
6.049260497093200684e-01
5.999999642372131348e-01
6.003283262252807617e-01
6.059113144874572754e-01
5.977010726928710938e-01
6.055828928947448730e-01
6.151066422462463379e-01
6.236452460289001465e-01
6.111657619476318359e-01
6.292281746864318848e-01
6.118226051330566406e-01
6.259441375732421875e-01
6.275861263275146484e-01
6.233168840408325195e-01
6.351395249366760254e-01
6.216747760772705078e-01
6.213464140892028809e-01
6.328406333923339844e-01
6.361247301101684570e-01
6.400655508041381836e-01
6.403939723968505859e-01
6.479474306106567383e-01
6.403939723968505859e-01
6.449916958808898926e-01
6.505746245384216309e-01
6.532018780708312988e-01
6.515598893165588379e-01
6.443348526954650879e-01
6.581280231475830078e-01
6.426928043365478516e-01
6.591132283210754395e-01
6.505746245384216309e-01
6.630541086196899414e-01
6.577996611595153809e-01
6.587848067283630371e-01
6.581279635429382324e-01
6.558291912078857422e-01
6.574711799621582031e-01
6.666666269302368164e-01
6.699506044387817383e-01
6.666665673255920410e-01
6.768471598625183105e-01
6.699506044387817383e-01
6.844005584716796875e-01
6.830869317054748535e-01
6.564859747886657715e-01
6.794744729995727539e-01
6.811164617538452148e-01
6.669949889183044434e-01
6.623973250389099121e-01
6.791460514068603516e-01
6.729062795639038086e-01
6.768472194671630859e-01
6.847289800643920898e-01
6.758620142936706543e-01
6.886699199676513672e-01
6.830869913101196289e-01
6.844005584716796875e-01
6.719210743904113770e-01
6.870278120040893555e-01
7.008209228515625000e-01
6.896550655364990234e-01
6.863710284233093262e-01
7.004925608634948730e-01
6.837437152862548828e-01
6.870278716087341309e-01
6.827585101127624512e-01
6.850574016571044922e-01
7.021344900131225586e-01
6.863709688186645508e-01
6.995072364807128906e-01
6.824301481246948242e-01
7.001641988754272461e-01
6.955664157867431641e-01
7.031196951866149902e-01
6.919539570808410645e-01
6.958948373794555664e-01
7.162560224533081055e-01
6.886698603630065918e-01
6.909687519073486328e-01
6.975368261337280273e-01
7.014777660369873047e-01
6.988505125045776367e-01
6.978653669357299805e-01
7.008209228515625000e-01
7.031197547912597656e-01
7.123152017593383789e-01
7.073890566825866699e-01
7.024629712104797363e-01
6.998357176780700684e-01
7.083742618560791016e-01
6.929391622543334961e-01
7.044333815574645996e-01
7.215105891227722168e-01
7.070606946945190430e-01
6.965516805648803711e-01
7.175697088241577148e-01
7.267650365829467773e-01
7.073890566825866699e-01
7.047618031501770020e-01
7.162560820579528809e-01
7.103447318077087402e-01
7.136287689208984375e-01
7.070606350898742676e-01
7.149424552917480469e-01
7.139571905136108398e-01
7.096878886222839355e-01
7.060753703117370605e-01
7.093594670295715332e-01
7.290638685226440430e-01
7.201969027519226074e-01
7.034481763839721680e-01
7.208538055419921875e-01
7.106730937957763672e-01
7.224957346916198730e-01
7.201969623565673828e-01
7.165845632553100586e-01
7.185549139976501465e-01
7.123152613639831543e-01
7.119867801666259766e-01
7.073889970779418945e-01
7.178980708122253418e-01
7.244662046432495117e-01
7.159276604652404785e-01
7.057470679283142090e-01
7.234810590744018555e-01
7.198685407638549805e-01
7.234810590744018555e-01
7.274218797683715820e-01
7.316911816596984863e-01
7.247946858406066895e-01
7.280787825584411621e-01
7.215105891227722168e-01
7.162561416625976562e-01
7.162560224533081055e-01
7.218390107154846191e-01
7.241377830505371094e-01
7.172413468360900879e-01
7.247946262359619141e-01
7.267650961875915527e-01
7.178981304168701172e-01
7.336616516113281250e-01
