1.740558445453643799e-02
1.609195396304130554e-02
1.839080266654491425e-02
1.510673202574253082e-02
1.707717590034008026e-02
1.576354727149009705e-02
1.609195396304130554e-02
1.477832719683647156e-02
1.642036251723766327e-02
1.707717590034008026e-02
1.576354727149009705e-02
1.576354727149009705e-02
1.182266045361757278e-02
1.379310339689254761e-02
1.247947476804256439e-02
1.313628908246755600e-02
1.609195396304130554e-02
1.215106714516878128e-02
1.674876734614372253e-02
1.313629001379013062e-02
1.477832533419132233e-02
1.444991864264011383e-02
1.412151008844375610e-02
1.313629001379013062e-02
1.806239597499370575e-02
1.280788052827119827e-02
1.609195396304130554e-02
1.379310246556997299e-02
1.412151008844375610e-02
1.543513871729373932e-02
1.543513871729373932e-02
1.543513871729373932e-02
1.215106807649135590e-02
1.543513964861631393e-02
1.313628908246755600e-02
1.444991957396268845e-02
1.313628908246755600e-02
1.379310246556997299e-02
1.215106807649135590e-02
1.477832533419132233e-02
1.707717590034008026e-02
1.444991677999496460e-02
1.215106807649135590e-02
1.313628815114498138e-02
1.280788145959377289e-02
1.444991864264011383e-02
1.247947476804256439e-02
1.247947476804256439e-02
1.346469670534133911e-02
1.313628815114498138e-02
1.313628815114498138e-02
1.412151195108890533e-02
1.215106807649135590e-02
1.346469577401876450e-02
1.280788332223892212e-02
1.313628815114498138e-02
1.247947476804256439e-02
1.379310432821512222e-02
1.215106621384620667e-02
1.313628908246755600e-02
1.313628815114498138e-02
1.379310339689254761e-02
1.247947476804256439e-02
1.313628908246755600e-02
1.280788239091634750e-02
1.412151008844375610e-02
1.674876734614372253e-02
1.313629001379013062e-02
1.313628815114498138e-02
1.346469670534133911e-02
1.247947476804256439e-02
1.280788145959377289e-02
1.444991864264011383e-02
1.313629001379013062e-02
1.477832533419132233e-02
1.543513871729373932e-02
1.215106807649135590e-02
1.313628815114498138e-02
1.379310339689254761e-02
1.379310339689254761e-02
1.379310339689254761e-02
1.412151101976633072e-02
1.346469670534133911e-02
1.313628815114498138e-02
1.313629001379013062e-02
1.412151195108890533e-02
1.346469670534133911e-02
1.346469670534133911e-02
1.543513871729373932e-02
1.346469670534133911e-02
1.313628815114498138e-02
1.313628815114498138e-02
1.346469670534133911e-02
1.379310339689254761e-02
1.313628815114498138e-02
1.346469670534133911e-02
1.346469670534133911e-02
1.313629001379013062e-02
1.280788145959377289e-02
1.280788145959377289e-02
1.247947476804256439e-02
1.510673388838768005e-02
1.346469670534133911e-02
1.412151008844375610e-02
1.247947476804256439e-02
1.379310432821512222e-02
1.280788145959377289e-02
1.642036065459251404e-02
2.068965509533882141e-02
1.313629001379013062e-02
1.313629001379013062e-02
1.280788145959377289e-02
1.280788145959377289e-02
1.280788145959377289e-02
1.280788239091634750e-02
1.543513964861631393e-02
1.937602646648883820e-02
1.871921122074127197e-02
1.477832440286874771e-02
1.839080452919006348e-02
1.904761977493762970e-02
1.740558259189128876e-02
1.576354727149009705e-02
1.477832533419132233e-02
1.576354727149009705e-02
1.412151008844375610e-02
1.674876920878887177e-02
1.379310339689254761e-02
1.510673202574253082e-02
1.642036065459251404e-02
1.412150915712118149e-02
1.642036251723766327e-02
1.642036065459251404e-02
1.477832533419132233e-02
1.379310339689254761e-02
1.806239597499370575e-02
1.346469577401876450e-02
1.477832440286874771e-02
1.444991771131753922e-02
1.543514057993888855e-02
1.674876734614372253e-02
1.937602460384368896e-02
1.280788145959377289e-02
1.609195396304130554e-02
1.609195396304130554e-02
3.054187074303627014e-02
3.546798229217529297e-02
3.973727673292160034e-02
4.564860463142395020e-02
5.188833922147750854e-02
5.517241358757019043e-02
5.418718978762626648e-02
6.009852141141891479e-02
6.042692810297012329e-02
6.535303592681884766e-02
6.633826345205307007e-02
7.126437127590179443e-02
7.980295270681381226e-02
7.619047164916992188e-02
7.783250510692596436e-02
8.013135939836502075e-02
8.045977354049682617e-02
7.947455346584320068e-02
8.801314234733581543e-02
8.374384045600891113e-02
8.965517580509185791e-02
9.162560850381851196e-02
8.669950813055038452e-02
9.458128362894058228e-02
9.819375723600387573e-02
9.655172377824783325e-02
1.054187268018722534e-01
1.054187119007110596e-01
1.083743721246719360e-01
1.100164204835891724e-01
1.080459803342819214e-01
1.080459803342819214e-01
1.149425357580184937e-01
1.165845692157745361e-01
1.261083781719207764e-01
1.343185603618621826e-01
1.418719142675399780e-01
1.415435075759887695e-01
1.490968912839889526e-01
1.464696228504180908e-01
1.513957381248474121e-01
1.474548429250717163e-01
1.569786369800567627e-01
1.592774987220764160e-01
1.645320206880569458e-01
1.655172407627105713e-01
1.681444942951202393e-01
1.783251166343688965e-01
1.763546764850616455e-01
1.743842363357543945e-01
1.783251315355300903e-01
1.875205338001251221e-01
1.862068921327590942e-01
1.806239783763885498e-01
1.865352988243103027e-01
