3.503595352172851562e+00
6.789429664611816406e+00
1.005925273895263672e+01
1.338011193275451660e+01
1.693463730812072754e+01
2.022847652435302734e+01
2.359736990928649902e+01
2.689721417427062988e+01
3.028762316703796387e+01
3.357645893096923828e+01
3.690774846076965332e+01
4.022910785675048828e+01
4.361101031303405762e+01
4.694888186454772949e+01
5.029025506973266602e+01
5.362515425682067871e+01
5.697959423065185547e+01
6.032246947288513184e+01
6.372088336944580078e+01
6.705725359916687012e+01
7.034859180450439453e+01
7.369747042655944824e+01
7.730804371833801270e+01
8.071796607971191406e+01
8.422648859024047852e+01
8.762540245056152344e+01
9.114940643310546875e+01
9.442273139953613281e+01
9.771807241439819336e+01
1.010879662036895752e+02
1.044178318977355957e+02
1.077351884841918945e+02
1.110966331958770752e+02
1.147242100238800049e+02
1.181191284656524658e+02
1.214534983634948730e+02
1.248088808059692383e+02
1.282183032035827637e+02
1.316727571487426758e+02
1.350841803550720215e+02
1.383605084419250488e+02
1.417719321250915527e+02
1.450717761516571045e+02
1.484566814899444580e+02
1.517490198612213135e+02
1.551224160194396973e+02
1.584047477245330811e+02
1.617891521453857422e+02
1.651225202083587646e+02
1.685294404029846191e+02
1.720244233608245850e+02
1.754233381748199463e+02
1.787471995353698730e+02
1.821416108608245850e+02
1.856370937824249268e+02
1.889754660129547119e+02
1.923503634929656982e+02
1.958518505096435547e+02
1.992162408828735352e+02
2.025451059341430664e+02
2.059044921398162842e+02
2.092388615608215332e+02
2.125987479686737061e+02
2.159576337337493896e+02
2.196067261695861816e+02
2.229936320781707764e+02
2.263665287494659424e+02
2.301327037811279297e+02
2.335931630134582520e+02
2.369290318489074707e+02
2.402889189720153809e+02
2.437323656082153320e+02
2.472768831253051758e+02
2.506818020343780518e+02
2.541037333011627197e+02
2.573990743160247803e+02
2.607834784984588623e+02
2.642799835205078125e+02
2.676398704051971436e+02
2.710042843818664551e+02
2.743401699066162109e+02
2.778146226406097412e+02
2.811740088462829590e+02
2.845048754215240479e+02
2.878317389488220215e+02
2.912786881923675537e+02
2.947446496486663818e+02
2.980940291881561279e+02
3.014374172687530518e+02
3.047777903079986572e+02
3.080946462154388428e+02
3.114620392322540283e+02
3.147703599929809570e+02
3.181102325916290283e+02
3.215058450698852539e+02
3.248392128944396973e+02
3.281490643024444580e+02
3.315224606990814209e+02
3.348478238582611084e+02
3.381726853847503662e+02
3.415020506381988525e+02
3.448154313564300537e+02
3.482253534793853760e+02
3.516292719841003418e+02
3.549586369991302490e+02
3.583635699748992920e+02
3.619436228275299072e+02
3.653410360813140869e+02
3.686924166679382324e+02
3.721323606967926025e+02
3.755582940578460693e+02
3.789512052536010742e+02
3.824176676273345947e+02
3.860518620014190674e+02
3.894047436714172363e+02
3.928507046699523926e+02
3.962316062450408936e+02
3.998507699966430664e+02
4.034523289203643799e+02
4.069383046627044678e+02
4.102926883697509766e+02
4.149720125198364258e+02
4.193622918128967285e+02
4.233176097869873047e+02
4.273940057754516602e+02
4.309095029830932617e+02
4.344165058135986328e+02
4.378599522113800049e+02
4.412818827629089355e+02
4.446207785606384277e+02
4.480652661323547363e+02
4.514161467552185059e+02
4.548791072368621826e+02
4.583450689315795898e+02
4.617785077095031738e+02
4.651554074287414551e+02
4.685107908248901367e+02
4.721033430099487305e+02
4.755112648010253906e+02
4.790522797107696533e+02
4.826438314914703369e+02
4.862393860816955566e+02
4.896162843704223633e+02
4.930006887912750244e+02
4.963935990333557129e+02
4.997860090732574463e+02
5.032079405784606934e+02
5.065783340930938721e+02
5.100032687187194824e+02
5.135047945976257324e+02
5.168441972732543945e+02
5.202215962409973145e+02
5.236095037460327148e+02
5.269764306545257568e+02
5.303353168964385986e+02
5.339198627471923828e+02
5.373347902297973633e+02
5.407457432746887207e+02
5.443563084602355957e+02
5.477522211074829102e+02
5.511401274204254150e+02
5.545345389842987061e+02
5.578844187259674072e+02
5.612708244323730469e+02
5.646732416152954102e+02
5.680561611652374268e+02
5.714790921211242676e+02
5.750030965805053711e+02
5.784930751323699951e+02
5.818654792308807373e+02
5.852568879127502441e+02
5.886247813701629639e+02
5.922363460063934326e+02
5.956102430820465088e+02
5.990481853485107422e+02
6.026067132949829102e+02
6.061046988964080811e+02
6.094961078166961670e+02
6.128580029010772705e+02
6.164685740470886230e+02
6.198219559192657471e+02
6.233424565792083740e+02
6.267769608497619629e+02
6.301518580913543701e+02
6.335457692146301270e+02
6.369181649684906006e+02
6.404872000217437744e+02
6.439011254310607910e+02
6.472980601787567139e+02
6.509846794605255127e+02
6.544091117382049561e+02
6.578841052055358887e+02
6.615757131576538086e+02
6.650706961154937744e+02
6.687173190116882324e+02
6.722613615989685059e+02
6.756918108463287354e+02
6.791617758274078369e+02
6.825702126026153564e+02
6.859651079177856445e+02
