9.887006133794784546e-03
1.271186489611864090e-02
2.259887196123600006e-02
2.259887009859085083e-02
1.694915071129798889e-02
2.401129901409149170e-02
1.694915257394313812e-02
1.412429288029670715e-02
1.412429474294185638e-02
2.401129901409149170e-02
1.553672272711992264e-02
1.129943504929542542e-02
2.259887009859085083e-02
1.694915257394313812e-02
2.401129901409149170e-02
2.824858576059341431e-02
1.412429288029670715e-02
2.259887009859085083e-02
1.977401040494441986e-02
1.977401226758956909e-02
1.553672365844249725e-02
1.271186396479606628e-02
1.977401226758956909e-02
3.107344545423984528e-02
2.259887009859085083e-02
2.401130087673664093e-02
2.118644118309020996e-02
1.836158335208892822e-02
3.107344731688499451e-02
3.813559561967849731e-02
2.966101840138435364e-02
3.531073406338691711e-02
3.389830514788627625e-02
3.531073406338691711e-02
4.096045345067977905e-02
3.672316297888755798e-02
3.107344545423984528e-02
4.237288236618041992e-02
3.672316297888755798e-02
5.084746330976486206e-02
4.519774019718170166e-02
4.096044972538948059e-02
5.508474633097648621e-02
5.508475005626678467e-02
5.367231741547584534e-02
4.943502694368362427e-02
6.214689090847969055e-02
6.497175246477127075e-02
5.508474633097648621e-02
8.474576473236083984e-02
6.638418883085250854e-02
6.497175991535186768e-02
6.355932354927062988e-02
7.627119123935699463e-02
7.627118378877639771e-02
7.909604161977767944e-02
9.180790930986404419e-02
7.062146812677383423e-02
8.192090690135955811e-02
1.045197695493698120e-01
1.073446273803710938e-01
1.059322059154510498e-01
9.604519605636596680e-02
1.228813603520393372e-01
1.144067794084548950e-01
1.299434900283813477e-01
1.299435049295425415e-01
1.327683627605438232e-01
1.511299461126327515e-01
1.271186470985412598e-01
1.440677940845489502e-01
1.483050733804702759e-01
1.581920981407165527e-01
2.062146961688995361e-01
1.822033971548080444e-01
1.906779706478118896e-01
1.765536665916442871e-01
2.062146961688995361e-01
1.864406764507293701e-01
1.991525441408157349e-01
2.090395539999008179e-01
2.203390002250671387e-01
1.963276863098144531e-01
2.500000000000000000e-01
2.132768481969833374e-01
2.556497156620025635e-01
2.471751421689987183e-01
2.612994313240051270e-01
2.612994313240051270e-01
2.500000000000000000e-01
2.627118825912475586e-01
3.093220293521881104e-01
3.192090392112731934e-01
2.937853038311004639e-01
3.262711763381958008e-01
3.163841962814331055e-01
3.220339119434356689e-01
3.389830589294433594e-01
3.418079316616058350e-01
3.135593235492706299e-01
3.559321761131286621e-01
3.305084705352783203e-01
3.347457647323608398e-01
3.601695001125335693e-01
3.827683925628662109e-01
3.827683925628662109e-01
3.898305296897888184e-01
3.870056867599487305e-01
3.827683925628662109e-01
3.855932354927062988e-01
4.081920981407165527e-01
4.096045494079589844e-01
4.166666865348815918e-01
3.983050584793090820e-01
4.336158335208892822e-01
4.350282549858093262e-01
4.166666567325592041e-01
4.350282549858093262e-01
4.463276863098144531e-01
4.180791079998016357e-01
4.364406764507293701e-01
4.322034120559692383e-01
4.420904219150543213e-01
4.279661178588867188e-01
4.689265787601470947e-01
4.646892547607421875e-01
4.562147259712219238e-01
4.774011373519897461e-01
4.675141274929046631e-01
4.548022747039794922e-01
4.661017060279846191e-01
4.689265489578247070e-01
4.576271176338195801e-01
4.830508828163146973e-01
4.646892845630645752e-01
5.042372941970825195e-01
4.816384613513946533e-01
5.169491767883300781e-01
5.056497454643249512e-01
4.887005686759948730e-01
5.084745883941650391e-01
5.183616280555725098e-01
5.141243338584899902e-01
5.028248429298400879e-01
5.183616280555725098e-01
5.127118825912475586e-01
5.169491767883300781e-01
5.155367255210876465e-01
5.028249025344848633e-01
4.957626760005950928e-01
5.169491767883300781e-01
5.381356477737426758e-01
5.098869800567626953e-01
5.338982939720153809e-01
5.367231369018554688e-01
5.112994313240051270e-01
5.409604907035827637e-01
5.141243338584899902e-01
5.367231965065002441e-01
5.155367851257324219e-01
5.338983535766601562e-01
5.480226278305053711e-01
5.522599220275878906e-01
5.381355881690979004e-01
5.381355881690979004e-01
5.536723136901855469e-01
5.409604907035827637e-01
5.466102361679077148e-01
5.621469020843505859e-01
5.564971566200256348e-01
5.508475303649902344e-01
5.635592937469482422e-01
5.381355881690979004e-01
5.635592937469482422e-01
5.833333134651184082e-01
5.409604907035827637e-01
5.536723732948303223e-01
5.635593533515930176e-01
5.805084705352783203e-01
5.706214904785156250e-01
5.579096078872680664e-01
5.649717450141906738e-01
5.762712359428405762e-01
5.875706076622009277e-01
5.663841962814331055e-01
5.677965879440307617e-01
5.819209814071655273e-01
5.677966475486755371e-01
5.903955101966857910e-01
5.805084705352783203e-01
5.692090392112731934e-01
5.974576473236083984e-01
5.918079614639282227e-01
5.607345104217529297e-01
5.875706076622009277e-01
5.720339417457580566e-01
5.903955101966857910e-01
6.002824902534484863e-01
5.932203531265258789e-01
5.790960192680358887e-01
