1.694915257394313812e-02
2.401129901409149170e-02
1.412429381161928177e-02
1.412429474294185638e-02
1.694915257394313812e-02
1.836158148944377899e-02
1.694915443658828735e-02
1.836158148944377899e-02
1.836158335208892822e-02
1.694915071129798889e-02
2.259887009859085083e-02
2.118644118309020996e-02
1.271186396479606628e-02
1.553672272711992264e-02
1.977400854229927063e-02
7.062146905809640884e-03
1.977401226758956909e-02
1.553672179579734802e-02
1.694915257394313812e-02
1.553672365844249725e-02
1.836158335208892822e-02
1.271186396479606628e-02
1.836158148944377899e-02
1.412429474294185638e-02
5.649717524647712708e-03
2.683615870773792267e-02
2.683615870773792267e-02
1.977401040494441986e-02
1.836158148944377899e-02
1.694915257394313812e-02
2.118644118309020996e-02
1.271186396479606628e-02
2.118643932044506073e-02
1.694915257394313812e-02
2.824858576059341431e-02
1.836158335208892822e-02
1.836158335208892822e-02
3.672316297888755798e-02
2.966101840138435364e-02
2.966101840138435364e-02
2.259887009859085083e-02
4.802259802818298340e-02
4.378531128168106079e-02
3.248587623238563538e-02
4.378531128168106079e-02
4.519774019718170166e-02
4.802259802818298340e-02
3.813559189438819885e-02
5.790960788726806641e-02
5.367231741547584534e-02
5.084745585918426514e-02
4.943503066897392273e-02
7.909604907035827637e-02
9.039548039436340332e-02
9.322034567594528198e-02
8.333332836627960205e-02
9.039547294378280640e-02
7.909604161977767944e-02
9.604519605636596680e-02
1.031073480844497681e-01
1.172316372394561768e-01
1.341807842254638672e-01
1.172316446900367737e-01
1.271186619997024536e-01
1.285310834646224976e-01
1.355932205915451050e-01
1.440677940845489502e-01
1.553672552108764648e-01
1.553672403097152710e-01
1.793785393238067627e-01
1.836158037185668945e-01
2.019773870706558228e-01
2.175141125917434692e-01
2.033898234367370605e-01
2.048022598028182983e-01
2.288135439157485962e-01
2.415254116058349609e-01
2.697740197181701660e-01
2.415254414081573486e-01
2.895480394363403320e-01
2.796610295772552490e-01
3.008474409580230713e-01
2.895480394363403320e-01
2.909604609012603760e-01
2.951977252960205078e-01
3.121469318866729736e-01
3.248587548732757568e-01
3.319209218025207520e-01
3.163841664791107178e-01
3.728813529014587402e-01
3.545198142528533936e-01
3.601694703102111816e-01
3.516949415206909180e-01
3.940678238868713379e-01
3.926554024219512939e-01
3.855932354927062988e-01
3.926553726196289062e-01
4.152542352676391602e-01
3.841807842254638672e-01
4.293785095214843750e-01
4.053672552108764648e-01
4.166666567325592041e-01
4.067796766757965088e-01
4.279661476612091064e-01
4.322034120559692383e-01
4.661017060279846191e-01
4.265536665916442871e-01
4.590395689010620117e-01
4.562147259712219238e-01
4.406779408454895020e-01
4.449152350425720215e-01
4.802260100841522217e-01
4.618644118309020996e-01
4.590395689010620117e-01
4.731638431549072266e-01
4.858757257461547852e-01
4.717514514923095703e-01
5.014123916625976562e-01
5.084745883941650391e-01
4.971751570701599121e-01
4.887005686759948730e-01
4.858757257461547852e-01
5.141243338584899902e-01
5.042372941970825195e-01
5.070621371269226074e-01
5.296610593795776367e-01
5.084745883941650391e-01
5.098870396614074707e-01
5.324859023094177246e-01
5.423728823661804199e-01
5.098870396614074707e-01
5.141242742538452148e-01
5.042373538017272949e-01
5.112994313240051270e-01
5.353107452392578125e-01
5.324859023094177246e-01
5.240113139152526855e-01
5.480226278305053711e-01
5.324859023094177246e-01
5.169491767883300781e-01
5.310734510421752930e-01
5.451977849006652832e-01
5.607345104217529297e-01
5.508474707603454590e-01
5.649717450141906738e-01
5.635593533515930176e-01
5.451977252960205078e-01
5.635593533515930176e-01
5.635593533515930176e-01
5.649718046188354492e-01
5.494350194931030273e-01
5.480226278305053711e-01
5.607344508171081543e-01
5.550847649574279785e-01
5.522599220275878906e-01
5.593220591545104980e-01
5.621468424797058105e-01
5.621469020843505859e-01
5.409604907035827637e-01
5.649718046188354492e-01
5.677966475486755371e-01
5.889830589294433594e-01
5.677965879440307617e-01
6.158192157745361328e-01
5.706214904785156250e-01
5.946327447891235352e-01
5.579096674919128418e-01
5.875706672668457031e-01
5.748587846755981445e-01
6.016949415206909180e-01
5.946328043937683105e-01
5.903955101966857910e-01
5.988700389862060547e-01
5.946327447891235352e-01
6.172316670417785645e-01
5.903955101966857910e-01
5.875706672668457031e-01
5.847457647323608398e-01
5.833333134651184082e-01
5.988700985908508301e-01
5.748587846755981445e-01
6.144067645072937012e-01
5.734463334083557129e-01
5.748587250709533691e-01
5.960451960563659668e-01
6.073446273803710938e-01
6.327683925628662109e-01
5.918079018592834473e-01
5.918079614639282227e-01
6.214689016342163086e-01
6.144067645072937012e-01
6.002825498580932617e-01
6.059321761131286621e-01
6.059322357177734375e-01
6.158192157745361328e-01
6.242938041687011719e-01
5.819209218025207520e-01
6.115819215774536133e-01
5.861581563949584961e-01
5.974575877189636230e-01
