1.271186396479606628e-02
1.694915443658828735e-02
1.129943504929542542e-02
2.401130087673664093e-02
9.887006133794784546e-03
2.401129901409149170e-02
1.977401226758956909e-02
1.412429381161928177e-02
2.401129901409149170e-02
1.977401226758956909e-02
1.836157962679862976e-02
2.118644118309020996e-02
1.836158148944377899e-02
2.683615870773792267e-02
3.813559189438819885e-02
2.542372792959213257e-02
1.836158148944377899e-02
1.836158148944377899e-02
2.542372792959213257e-02
3.813559561967849731e-02
3.954802453517913818e-02
3.248587250709533691e-02
3.813559561967849731e-02
2.824858948588371277e-02
3.107344545423984528e-02
2.824858948588371277e-02
4.096045345067977905e-02
5.790960416197776794e-02
6.779661029577255249e-02
6.638418138027191162e-02
6.073446571826934814e-02
7.344632595777511597e-02
6.355932354927062988e-02
6.355932354927062988e-02
7.768361270427703857e-02
8.050847053527832031e-02
8.615820109844207764e-02
9.180791676044464111e-02
1.073446422815322876e-01
1.115819290280342102e-01
1.158192157745361328e-01
1.045197844505310059e-01
1.355932354927062988e-01
1.525423824787139893e-01
1.144067868590354919e-01
1.426553726196289062e-01
1.567796617746353149e-01
1.977401226758956909e-01
1.483050882816314697e-01
1.963276863098144531e-01
1.737288087606430054e-01
2.118644118309020996e-01
2.274011373519897461e-01
2.330508530139923096e-01
2.556497156620025635e-01
2.316384464502334595e-01
2.443502843379974365e-01
2.556497454643249512e-01
2.528248727321624756e-01
2.612994313240051270e-01
2.796610295772552490e-01
2.725988626480102539e-01
2.838982939720153809e-01
2.768361568450927734e-01
3.149717152118682861e-01
3.206214606761932373e-01
3.248587548732757568e-01
3.050847649574279785e-01
3.488700389862060547e-01
3.403955101966857910e-01
3.446328043937683105e-01
3.319209218025207520e-01
3.432203233242034912e-01
3.672316074371337891e-01
3.615819215774536133e-01
3.700564801692962646e-01
3.841807842254638672e-01
3.742938041687011719e-01
4.025423526763916016e-01
4.209039807319641113e-01
3.983050882816314697e-01
3.997174799442291260e-01
4.166666567325592041e-01
4.279661178588867188e-01
3.997175395488739014e-01
4.505649805068969727e-01
4.251412153244018555e-01
4.406779706478118896e-01
4.392655491828918457e-01
4.463276863098144531e-01
4.435028433799743652e-01
4.548022747039794922e-01
4.223163723945617676e-01
4.717514216899871826e-01
4.816384315490722656e-01
4.957627058029174805e-01
4.632768630981445312e-01
4.774011075496673584e-01
4.985876083374023438e-01
4.717514514923095703e-01
4.717514514923095703e-01
4.675140976905822754e-01
4.887005984783172607e-01
5.254237055778503418e-01
4.802259802818298340e-01
4.971751570701599121e-01
4.901130199432373047e-01
4.872881174087524414e-01
5.098870396614074707e-01
5.240113139152526855e-01
4.971751570701599121e-01
5.268362164497375488e-01
5.098869800567626953e-01
5.183615684509277344e-01
4.957627356052398682e-01
5.268361568450927734e-01
5.494350194931030273e-01
5.409604907035827637e-01
5.353107452392578125e-01
5.395480394363403320e-01
5.225989222526550293e-01
5.338983535766601562e-01
5.367231965065002441e-01
5.353107452392578125e-01
5.508474707603454590e-01
5.550847649574279785e-01
5.508474707603454590e-01
5.692090392112731934e-01
5.480225682258605957e-01
5.706215500831604004e-01
5.395480394363403320e-01
5.692090392112731934e-01
5.466101765632629395e-01
5.677966475486755371e-01
5.550847649574279785e-01
5.451977252960205078e-01
5.720338821411132812e-01
5.593219995498657227e-01
5.607345104217529297e-01
5.819209218025207520e-01
5.508474707603454590e-01
5.706214904785156250e-01
5.621469020843505859e-01
5.776836276054382324e-01
5.734463334083557129e-01
5.946328043937683105e-01
5.748587846755981445e-01
5.494350194931030273e-01
5.748587846755981445e-01
5.536723136901855469e-01
5.974576473236083984e-01
6.144068241119384766e-01
5.833333134651184082e-01
5.819208621978759766e-01
6.115819215774536133e-01
5.720339417457580566e-01
5.692090392112731934e-01
6.073446869850158691e-01
5.960452556610107422e-01
6.115819215774536133e-01
5.932203531265258789e-01
6.016948819160461426e-01
5.918079018592834473e-01
6.002825498580932617e-01
6.101695299148559570e-01
5.988700389862060547e-01
6.031073331832885742e-01
6.129943728446960449e-01
5.776836276054382324e-01
5.946328043937683105e-01
6.087570190429687500e-01
6.002824902534484863e-01
5.946327447891235352e-01
6.002825498580932617e-01
5.946327447891235352e-01
6.115819215774536133e-01
6.101695299148559570e-01
5.946328043937683105e-01
6.087570190429687500e-01
6.045197844505310059e-01
5.974576473236083984e-01
6.172316074371337891e-01
6.172316670417785645e-01
6.073446273803710938e-01
6.059321761131286621e-01
6.341807842254638672e-01
6.045197844505310059e-01
6.384180784225463867e-01
6.172316074371337891e-01
6.016949415206909180e-01
6.002824902534484863e-01
6.186440587043762207e-01
6.087570190429687500e-01
6.355932950973510742e-01
6.327683925628662109e-01
6.271186470985412598e-01
6.186441183090209961e-01
5.875706076622009277e-01
6.355932950973510742e-01
6.031073331832885742e-01
