2.219079256057739258e+00
4.172468423843383789e+00
6.113348722457885742e+00
7.972670793533325195e+00
9.823487281799316406e+00
1.168431115150451660e+01
1.352161812782287598e+01
1.538194084167480469e+01
1.722275018692016602e+01
1.906310367584228516e+01
2.102800154685974121e+01
2.325258445739746094e+01
2.519596648216247559e+01
2.709781956672668457e+01
2.908973622322082520e+01
3.123226094245910645e+01
3.329622793197631836e+01
3.524011063575744629e+01
3.709643173217773438e+01
3.892323136329650879e+01
4.081157398223876953e+01
4.265988850593566895e+01
4.451170587539672852e+01
4.631398820877075195e+01
4.819982933998107910e+01
5.011919450759887695e+01
5.202505016326904297e+01
5.395542335510253906e+01
5.597936272621154785e+01
5.788121581077575684e+01
5.990415549278259277e+01
6.229735779762268066e+01
6.437083220481872559e+01
6.636124777793884277e+01
6.832414412498474121e+01
7.023950695991516113e+01
7.215436935424804688e+01
7.415529274940490723e+01
7.611968946456909180e+01
7.801353621482849121e+01
7.995992112159729004e+01
8.190991044044494629e+01
8.420854687690734863e+01
8.652069044113159180e+01
8.868723845481872559e+01
9.074870443344116211e+01
9.270459580421447754e+01
9.459444069862365723e+01
9.652681469917297363e+01
9.872637963294982910e+01
1.007963514328002930e+02
1.028458094596862793e+02
1.048142092227935791e+02
1.069132030010223389e+02
1.088335685729980469e+02
1.106913900375366211e+02
1.125562169551849365e+02
1.143880198001861572e+02
1.163494143486022949e+02
1.183973715305328369e+02
1.203692741394042969e+02
1.222781324386596680e+02
1.241734797954559326e+02
1.261038539409637451e+02
1.280302236080169678e+02
1.300751776695251465e+02
1.321181316375732422e+02
1.340575106143951416e+02
1.360719435214996338e+02
1.380428459644317627e+02
1.399677155017852783e+02
1.419546277523040771e+02
1.439475457668304443e+02
1.458609068393707275e+02
1.477587571144104004e+02
1.496766204833984375e+02
1.515769731998443604e+02
1.534953370094299316e+02
1.554807498455047607e+02
1.573610868453979492e+02
1.592764489650726318e+02
1.611617901325225830e+02
1.632147502899169922e+02
1.650930869579315186e+02
1.670194571018218994e+02
1.689103016853332520e+02
1.708421766757965088e+02
1.727665448188781738e+02
1.746168611049652100e+02
1.765552403926849365e+02
1.784686007499694824e+02
1.804440064430236816e+02
1.823003585338592529e+02
1.841521759033203125e+02
1.860290110111236572e+02
1.878743240833282471e+02
1.898192071914672852e+02
1.918734469413757324e+02
1.939147028923034668e+02
1.959276354312896729e+02
1.979240562915802002e+02
1.998509254455566406e+02
2.017763102054595947e+02
2.037967467308044434e+02
2.058412010669708252e+02
2.077615671157836914e+02
2.096263935565948486e+02
2.116748385429382324e+02
2.135711872577667236e+02
2.155335836410522461e+02
2.173944411277770996e+02
2.192852871417999268e+02
2.211951451301574707e+02
2.231240172386169434e+02
2.250892524719238281e+02
2.270111196041107178e+02
2.289344871044158936e+02
2.308513512611389160e+02
2.327797234058380127e+02
2.349182438850402832e+02
2.368080878257751465e+02
2.387462651729583740e+02
2.406050868034362793e+02
2.424594376087188721e+02
2.443588736057281494e+02
2.464675188064575195e+02
2.483865361213684082e+02
2.502536036968231201e+02
2.521082808971405029e+02
2.540111341476440430e+02
2.559355037212371826e+02
2.578362188339233398e+02
2.597325682640075684e+02
2.616144559383392334e+02
2.635750727653503418e+02
2.655234837532043457e+02
2.674440174102783203e+02
2.693762860298156738e+02
2.714810905456542969e+02
2.734653630256652832e+02
2.754215738773345947e+02
2.774394233226776123e+02
2.793628239631652832e+02
2.813153862953186035e+02
2.832724547386169434e+02
2.851357023715972900e+02
2.869820854663848877e+02
2.891450011730194092e+02
2.911000275611877441e+02
2.930064508914947510e+02
2.949443721771240234e+02
2.968329429626464844e+02
2.989100818634033203e+02
3.008310801982879639e+02
3.029804167747497559e+02
3.050523850917816162e+02
3.069998922348022461e+02
3.088705208301544189e+02
3.108515665531158447e+02
3.126994478702545166e+02
3.145925195217132568e+02
3.165419752597808838e+02
3.184995424747467041e+02
3.204805717468261719e+02
3.224769353866577148e+02
3.245533638000488281e+02
3.264975805282592773e+02
3.284835448265075684e+02
3.304066488742828369e+02
3.324049136638641357e+02
3.343609704971313477e+02
3.363510138988494873e+02
3.383714900016784668e+02
3.407659509181976318e+02
3.428040006160736084e+02
3.449135799407958984e+02
3.470172603130340576e+02
3.491518185138702393e+02
3.512425973415374756e+02
3.532076175212860107e+02
3.552712566852569580e+02
3.575222725868225098e+02
3.596661963462829590e+02
3.616587712764739990e+02
3.636247222423553467e+02
3.657228870391845703e+02
3.676552844047546387e+02
3.695948216915130615e+02
3.716483297348022461e+02
3.736572356224060059e+02
3.755425770282745361e+02
3.774380664825439453e+02
3.793422725200653076e+02
3.812365651130676270e+02
3.831231381893157959e+02
3.852805974483489990e+02
3.872175951004028320e+02
3.891766993999481201e+02
3.914262223243713379e+02
3.935516748428344727e+02
