1.546907901763916016e+00
2.828161001205444336e+00
4.093802928924560547e+00
5.343821763992309570e+00
6.656338930130004883e+00
7.937620401382446289e+00
9.218873500823974609e+00
1.048451519012451172e+01
1.175015783309936523e+01
1.307829952239990234e+01
1.439081740379333496e+01
1.589083957672119141e+01
1.718773174285888672e+01
1.848462247848510742e+01
1.978151702880859375e+01
2.109403419494628906e+01
2.239092612266540527e+01
2.368781924247741699e+01
2.495346283912658691e+01
2.628160500526428223e+01
2.759413623809814453e+01
2.889101457595825195e+01
3.017228341102600098e+01
3.145354986190795898e+01
3.273481750488281250e+01
3.400046038627624512e+01
3.528172707557678223e+01
3.648488020896911621e+01
3.765677189826965332e+01
3.882866382598876953e+01
3.998492693901062012e+01
4.114117956161499023e+01
4.229744601249694824e+01
4.345371103286743164e+01
4.462560248374938965e+01
4.576625680923461914e+01
4.698501062393188477e+01
4.831315469741821289e+01
4.957880949974060059e+01
5.076632523536682129e+01
5.200071668624877930e+01
5.346947264671325684e+01
5.476637983322143555e+01
5.600075674057006836e+01
5.715703678131103516e+01
5.829766345024108887e+01
5.946956777572631836e+01
6.059456920623779297e+01
6.181333732604980469e+01
6.301647734642028809e+01
6.420399284362792969e+01
6.545401000976562500e+01
6.664152765274047852e+01
6.790718507766723633e+01
6.912593698501586914e+01
7.046970462799072266e+01
7.178222322463989258e+01
7.307911682128906250e+01
7.439163279533386230e+01
7.567291355133056641e+01
7.700104260444641113e+01
7.821982192993164062e+01
7.943857693672180176e+01
8.061047983169555664e+01
8.178237128257751465e+01
8.295426273345947266e+01
8.411051487922668457e+01
8.528240585327148438e+01
8.645429730415344238e+01
8.762620162963867188e+01
8.909495902061462402e+01
9.065747976303100586e+01
9.222000908851623535e+01
9.432579350471496582e+01
9.629899811744689941e+01
9.765839123725891113e+01
9.900216007232666016e+01
1.003303022384643555e+02
1.017209477424621582e+02
1.030490899085998535e+02
1.044241092205047607e+02
1.057678921222686768e+02
1.071116449832916260e+02
1.084241805076599121e+02
1.097679300308227539e+02
1.110960743427276611e+02
1.124398415088653564e+02
1.137679843902587891e+02
1.151117680072784424e+02
1.164398968219757080e+02
1.177524144649505615e+02
1.190649333000183105e+02
1.204243254661560059e+02
1.218149693012237549e+02
1.231431119441986084e+02
1.244712696075439453e+02
1.257837734222412109e+02
1.270806806087493896e+02
1.284244351387023926e+02
1.297369530200958252e+02
1.311119706630706787e+02
1.323679327964782715e+02
1.335554463863372803e+02
1.347742130756378174e+02
1.359773559570312500e+02
1.371804969310760498e+02
1.383679986000061035e+02
1.395399029254913330e+02
1.407274243831634521e+02
1.418836846351623535e+02
1.430399508476257324e+02
1.442274687290191650e+02
1.453993568420410156e+02
1.465556228160858154e+02
1.477118768692016602e+02
1.489150311946868896e+02
1.501025345325469971e+02
1.512744374275207520e+02
1.524619405269622803e+02
1.536494688987731934e+02
1.548213613033294678e+02
1.560088765621185303e+02
1.571807677745819092e+02
1.583526592254638672e+02
1.595245497226715088e+02
1.606964406967163086e+02
1.618683311939239502e+02
1.630558469295501709e+02
1.642277374267578125e+02
1.653996310234069824e+02
1.666027574539184570e+02
1.677746608257293701e+02
1.689778022766113281e+02
1.701653053760528564e+02
1.713371961116790771e+02
1.725091006755828857e+02
1.736966161727905273e+02
1.748685071468353271e+02
1.760560240745544434e+02
1.772435410022735596e+02
1.784154322147369385e+02
1.795716845989227295e+02
1.807435746192932129e+02
1.819310903549194336e+02
1.830873694419860840e+02
1.842592616081237793e+02
1.854467773437500000e+02
1.866343078613281250e+02
1.878217959403991699e+02
1.890093250274658203e+02
1.902124660015106201e+02
1.913687195777893066e+02
1.925562491416931152e+02
1.937281260490417480e+02
1.949156417846679688e+02
1.960875463485717773e+02
1.972906870841979980e+02
1.984469542503356934e+02
1.996500952243804932e+02
2.008219854831695557e+02
2.020095026493072510e+02
2.032126421928405762e+02
2.044470205307006836e+02
2.056345369815826416e+02
2.068064424991607666e+02
2.080095694065093994e+02
2.091970992088317871e+02
2.104002406597137451e+02
2.115721321105957031e+02
2.127596347332000732e+02
2.139471631050109863e+02
2.151346800327301025e+02
2.163065707683563232e+02
2.174940729141235352e+02
2.186816043853759766e+02
2.198691191673278809e+02
2.210410106182098389e+02
2.221972758769989014e+02
2.233847920894622803e+02
2.245723075866699219e+02
2.257441987991333008e+02
2.269629659652709961e+02
2.281348555088043213e+02
2.293379983901977539e+02
2.305098898410797119e+02
2.316974041461944580e+02
2.328849074840545654e+02
2.340411751270294189e+02
2.352287025451660156e+02
2.364474711418151855e+02
2.376349856853485107e+02
2.388381261825561523e+02
2.400412554740905762e+02
2.412287840843200684e+02
2.424163010120391846e+02
2.436038031578063965e+02
2.448225824832916260e+02
2.459944744110107422e+02
2.471663529872894287e+02
2.483695068359375000e+02
