1.359376192092895508e+00
2.625031709671020508e+00
3.859423160552978516e+00
5.093813419342041016e+00
6.343831539154052734e+00
7.562586307525634766e+00
8.796990871429443359e+00
1.004700684547424316e+01
1.129702401161193848e+01
1.254703950881958008e+01
1.376579403877258301e+01
1.503144884109497070e+01
1.626582789421081543e+01
1.751585888862609863e+01
1.878149914741516113e+01
2.001589179039001465e+01
2.126590800285339355e+01
2.245342493057250977e+01
2.370344376564025879e+01
2.498471045494079590e+01
2.623471403121948242e+01
2.748097157478332520e+01
2.873098921775817871e+01
2.996538352966308594e+01
3.121539735794067383e+01
3.244978904724121094e+01
3.368416714668273926e+01
3.491857242584228516e+01
3.616858863830566406e+01
3.740296888351440430e+01
3.865300178527832031e+01
3.990301489830017090e+01
4.113740634918212891e+01
4.238742351531982422e+01
4.363742685317993164e+01
4.494994473457336426e+01
4.616872453689575195e+01
4.741872930526733398e+01
4.866875982284545898e+01
4.990315032005310059e+01
5.115315389633178711e+01
5.238755846023559570e+01
5.362195181846618652e+01
5.484071850776672363e+01
5.612197279930114746e+01
5.737198877334594727e+01
5.860639309883117676e+01
5.984077310562133789e+01
6.107516551017761230e+01
6.232519507408142090e+01
6.357521104812622070e+01
6.482522892951965332e+01
6.607524633407592773e+01
6.734087395668029785e+01
6.859089136123657227e+01
6.985654783248901367e+01
7.110656404495239258e+01
7.235656762123107910e+01
7.359097433090209961e+01
7.484098958969116211e+01
7.610663127899169922e+01
7.737227392196655273e+01
7.860666489601135254e+01
7.985668444633483887e+01
8.112232470512390137e+01
8.238796877861022949e+01
8.363797259330749512e+01
8.490362691879272461e+01
8.618489456176757812e+01
8.745053577423095703e+01
8.871617746353149414e+01
9.004432082176208496e+01
9.130996251106262207e+01
9.257560491561889648e+01
9.390374946594238281e+01
9.516938948631286621e+01
9.640378212928771973e+01
9.766942453384399414e+01
9.891942811012268066e+01
1.001538341045379639e+02
1.014194626808166504e+02
1.026538696289062500e+02
1.038882613182067871e+02
1.051538879871368408e+02
1.064195444583892822e+02
1.076695611476898193e+02
1.089351909160614014e+02
1.102008326053619385e+02
1.114508502483367920e+02
1.127321295738220215e+02
1.139977724552154541e+02
1.152634131908416748e+02
1.165134172439575195e+02
1.177634475231170654e+02
1.190290896892547607e+02
1.202947323322296143e+02
1.215759999752044678e+02
1.228416280746459961e+02
1.241072702407836914e+02
1.253416635990142822e+02
1.266073169708251953e+02
1.278573346138000488e+02
1.291229779720306396e+02
1.303729939460754395e+02
1.316542613506317139e+02
1.329198913574218750e+02
1.341699209213256836e+02
1.354355666637420654e+02
1.367011926174163818e+02
1.379668467044830322e+02
1.392168505191802979e+02
1.404668681621551514e+02
1.417168853282928467e+02
1.431700341701507568e+02
1.444669356346130371e+02
1.457638285160064697e+02
1.471544592380523682e+02
1.487326099872589111e+02
1.503420021533966064e+02
1.518264143466949463e+02
1.532326676845550537e+02
1.546389360427856445e+02
1.560920798778533936e+02
1.575139887332916260e+02
1.589202437400817871e+02
1.603108892440795898e+02
1.617015311717987061e+02
1.630921902656555176e+02
1.644828212261199951e+02
1.658734636306762695e+02
1.672953724861145020e+02
1.686860160827636719e+02
1.700610351562500000e+02
1.714672901630401611e+02
1.728579497337341309e+02
1.742642190456390381e+02
1.756548602581024170e+02
1.770454912185668945e+02
1.784361338615417480e+02
1.798580284118652344e+02
1.812642967700958252e+02
1.826861925125122070e+02
1.840924606323242188e+02
1.855143687725067139e+02
1.869518902301788330e+02
1.884362707138061523e+02
1.899206809997558594e+02
1.913425595760345459e+02
1.927332043647766113e+02
1.941238477230072021e+02
1.955769932270050049e+02
1.969988870620727539e+02
1.983895447254180908e+02
1.998114240169525146e+02
2.012489457130432129e+02
2.026708381175994873e+02
2.041396086215972900e+02
2.055771296024322510e+02
2.069990227222442627e+02
2.083896796703338623e+02
2.097959358692169189e+02
2.112647047042846680e+02
2.126866159439086914e+02
2.140928683280944824e+02
2.155147638320922852e+02
2.169366724491119385e+02
2.183898015022277832e+02
2.198273229598999023e+02
2.212804665565490723e+02
2.226867358684539795e+02
2.241086308956146240e+02
2.255305242538452148e+02
2.268586676120758057e+02
2.281399476528167725e+02
2.294212148189544678e+02
2.307181074619293213e+02
2.320150001049041748e+02
2.333118939399719238e+02
2.345931603908538818e+02
2.358900535106658936e+02
2.371556954383850098e+02
2.384525732994079590e+02
2.397338428497314453e+02
2.410151224136352539e+02
2.422963910102844238e+02
2.435776562690734863e+02
2.448589251041412354e+02
2.461714286804199219e+02
2.474214580059051514e+02
2.487027270793914795e+02
2.499683685302734375e+02
2.512496361732482910e+02
2.524996392726898193e+02
2.539059231281280518e+02
2.551871919631958008e+02
2.564528317451477051e+02
2.577497243881225586e+02
2.590153684616088867e+02
2.603122456073760986e+02
2.615779030323028564e+02
