1.250001430511474609e+00
2.437518835067749023e+00
3.640672922134399414e+00
4.843800783157348633e+00
6.031329631805419922e+00
7.218833923339843750e+00
8.468862533569335938e+00
9.671991825103759766e+00
1.089077043533325195e+01
1.207827281951904297e+01
1.326578927040100098e+01
1.443769502639770508e+01
1.562519741058349609e+01
1.682833886146545410e+01
1.801586627960205078e+01
1.918774628639221191e+01
2.039088773727416992e+01
2.159402751922607422e+01
2.276593160629272461e+01
2.395344805717468262e+01
2.515659403800964355e+01
2.639098024368286133e+01
2.759412312507629395e+01
2.879725170135498047e+01
2.998478150367736816e+01
3.117228341102600098e+01
3.239105033874511719e+01
3.359419035911560059e+01
3.478172016143798828e+01
3.598484921455383301e+01
3.718800210952758789e+01
3.839114475250244141e+01
3.959427285194396973e+01
4.081305289268493652e+01
4.201619243621826172e+01
4.321932101249694824e+01
4.442246222496032715e+01
4.562560343742370605e+01
4.681313395500183105e+01
4.801627445220947266e+01
4.918816709518432617e+01
5.040691876411437988e+01
5.161006069183349609e+01
5.282882690429687500e+01
5.400071859359741211e+01
5.518823456764221191e+01
5.636012625694274902e+01
5.753201603889465332e+01
5.871954631805419922e+01
5.993829846382141113e+01
6.114144039154052734e+01
6.232895731925964355e+01
6.354094576835632324e+01
6.475971317291259766e+01
6.600972962379455566e+01
6.721287131309509277e+01
6.840039968490600586e+01
6.960352993011474609e+01
7.079105830192565918e+01
7.199419951438903809e+01
7.319732785224914551e+01
7.443173146247863770e+01
7.565048623085021973e+01
7.686925268173217773e+01
7.808803200721740723e+01
7.929117155075073242e+01
8.049431419372558594e+01
8.169744277000427246e+01
8.290059685707092285e+01
8.408811306953430176e+01
8.527562904357910156e+01
8.647875833511352539e+01
8.768189859390258789e+01
8.886941480636596680e+01
9.007257103919982910e+01
9.126008534431457520e+01
9.246321296691894531e+01
9.368198132514953613e+01
9.488512158393859863e+01
9.610388851165771484e+01
9.732266736030578613e+01
9.854143428802490234e+01
9.974457597732543945e+01
1.009789550304412842e+02
1.021820952892303467e+02
1.034008634090423584e+02
1.046040039062500000e+02
1.057915327548980713e+02
1.070415492057800293e+02
1.082290530204772949e+02
1.094478316307067871e+02
1.106353368759155273e+02
1.118384900093078613e+02
1.130416193008422852e+02
1.143072745800018311e+02
1.155416524410247803e+02
1.167916696071624756e+02
1.180104355812072754e+02
1.192224984169006348e+02
1.204256281852722168e+02
1.216444077491760254e+02
1.228631753921508789e+02
1.240975654125213623e+02
1.253006939888000488e+02
1.265076396465301514e+02
1.277263889312744141e+02
1.289607930183410645e+02
1.301639213562011719e+02
1.313983252048492432e+02
1.326014537811279297e+02
1.338202209472656250e+02
1.350389869213104248e+02
1.362421288490295410e+02
1.374921469688415527e+02
1.387109122276306152e+02
1.399140675067901611e+02
1.411328330039978027e+02
1.423672125339508057e+02
1.435859792232513428e+02
1.448047585487365723e+02
1.460078999996185303e+02
1.472110285758972168e+02
1.484454193115234375e+02
1.496798124313354492e+02
1.509142036437988281e+02
1.521485950946807861e+02
1.533673615455627441e+02
1.545861279964447021e+02
1.558049073219299316e+02
1.570549249649047852e+02
1.582580530643463135e+02
1.594768340587615967e+02
1.606956009864807129e+02
1.618987283706665039e+02
1.631174929141998291e+02
1.643518853187561035e+02
1.655394153594970703e+02
1.667581684589385986e+02
1.679925744533538818e+02
1.692113420963287354e+02
1.704144823551177979e+02
1.716019983291625977e+02
1.728051254749298096e+02
1.740395321846008301e+02
1.752426593303680420e+02
1.764614264965057373e+02
1.776958172321319580e+02
1.789145832061767578e+02
1.801333508491516113e+02
1.813833661079406738e+02
1.826177580356597900e+02
1.838365263938903809e+02
1.850865557193756104e+02
1.863053228855133057e+02
1.875397138595581055e+02
1.887584660053253174e+02
1.899772462844848633e+02
1.912428882122039795e+02
1.924616415500640869e+02
1.936647980213165283e+02
1.948991751670837402e+02
1.961335673332214355e+02
1.973367097377777100e+02
1.986336009502410889e+02
1.998836178779602051e+02
2.011648979187011719e+02
2.023992776870727539e+02
2.036493065357208252e+02
2.048836863040924072e+02
2.061337020397186279e+02
2.073993473052978516e+02
2.086337504386901855e+02
2.098681282997131348e+02
2.110868959426879883e+02
2.123056623935699463e+02
2.135400547981262207e+02
2.147588341236114502e+02
2.159776003360748291e+02
2.171963531970977783e+02
2.184463713169097900e+02
2.196964008808135986e+02
2.209307789802551270e+02
2.221495578289031982e+02
2.233839499950408936e+02
2.246339542865753174e+02
2.258683464527130127e+02
2.271183755397796631e+02
2.283683938980102539e+02
2.296027712821960449e+02
2.308215377330780029e+02
2.320246801376342773e+02
2.332747094631195068e+02
2.345091009140014648e+02
2.357591052055358887e+02
2.369778726100921631e+02
2.381966540813446045e+02
2.394154167175292969e+02
2.406497962474822998e+02
2.418685638904571533e+02
2.431029555797576904e+02
