2.474275827407836914e+00
4.466354131698608398e+00
6.478719234466552734e+00
8.447104454040527344e+00
1.055563998222351074e+01
1.255948233604431152e+01
1.456744623184204102e+01
1.656001448631286621e+01
1.854915523529052734e+01
2.053099846839904785e+01
2.261470293998718262e+01
2.476803278923034668e+01
2.682056713104248047e+01
2.886054396629333496e+01
3.090329146385192871e+01
3.294358754158020020e+01
3.496260547637939453e+01
3.697048568725585938e+01
3.904856729507446289e+01
4.106048512458801270e+01
4.312266945838928223e+01
4.520219707489013672e+01
4.732568025588989258e+01
4.940698814392089844e+01
5.143889832496643066e+01
5.351474189758300781e+01
5.550573492050170898e+01
5.751679992675781250e+01
5.951815366744995117e+01
6.152925491333007812e+01
6.348571443557739258e+01
6.550392007827758789e+01
6.756139206886291504e+01
6.955100059509277344e+01
7.154896402359008789e+01
7.356906795501708984e+01
7.563502144813537598e+01
7.768397831916809082e+01
7.968984198570251465e+01
8.168003678321838379e+01
8.367066073417663574e+01
8.565648698806762695e+01
8.764961075782775879e+01
8.969299650192260742e+01
9.169921612739562988e+01
9.370568394660949707e+01
9.576574206352233887e+01
9.779327869415283203e+01
9.995265984535217285e+01
1.019231295585632324e+02
1.039382739067077637e+02
1.060069119930267334e+02
1.080013625621795654e+02
1.100063848495483398e+02
1.120260789394378662e+02
1.140559349060058594e+02
1.160786015987396240e+02
1.181033608913421631e+02
1.201521439552307129e+02
1.221764709949493408e+02
1.242584724426269531e+02
1.263409192562103271e+02
1.284116647243499756e+02
1.304636275768280029e+02
1.326205828189849854e+02
1.355186364650726318e+02
1.378336598873138428e+02
1.399603817462921143e+02
1.426846573352813721e+02
1.451484072208404541e+02
1.473678109645843506e+02
1.495485081672668457e+02
1.517255990505218506e+02
1.538185386657714844e+02
1.558121762275695801e+02
1.578132097721099854e+02
1.598032248020172119e+02
1.618901402950286865e+02
1.638839635848999023e+02
1.658875575065612793e+02
1.680083365440368652e+02
1.701681818962097168e+02
1.722390301227569580e+02
1.742319374084472656e+02
1.762456669807434082e+02
1.782549209594726562e+02
1.802690250873565674e+02
1.822983877658843994e+02
1.842797603607177734e+02
1.862804446220397949e+02
1.882837839126586914e+02
1.902922449111938477e+02
1.922928907871246338e+02
1.943914926052093506e+02
1.964218425750732422e+02
1.984231050014495850e+02
2.004524829387664795e+02
2.024716236591339111e+02
2.045252044200897217e+02
2.066133821010589600e+02
2.086814432144165039e+02
2.107849338054656982e+02
2.129038267135620117e+02
2.149015998840332031e+02
2.169033620357513428e+02
2.189069943428039551e+02
2.209089920520782471e+02
2.229280154705047607e+02
2.249144589900970459e+02
2.269038102626800537e+02
2.289063014984130859e+02
2.309710237979888916e+02
2.329582569599151611e+02
2.349563872814178467e+02
2.369746193885803223e+02
2.389640560150146484e+02
2.410155079364776611e+02
2.431609256267547607e+02
2.452726840972900391e+02
2.473255400657653809e+02
2.493400125503540039e+02
2.513864109516143799e+02
2.534536364078521729e+02
2.554939367771148682e+02
2.574753086566925049e+02
2.594844994544982910e+02
2.617090396881103516e+02
2.638074138164520264e+02
2.658107700347900391e+02
2.678179976940155029e+02
2.698602797985076904e+02
2.720084986686706543e+02
2.740129668712615967e+02
2.760520851612091064e+02
2.781999225616455078e+02
2.802415714263916016e+02
2.823499357700347900e+02
2.843511362075805664e+02
2.865514636039733887e+02
2.886132159233093262e+02
2.906159348487854004e+02
2.926605927944183350e+02
2.947399365901947021e+02
2.967970938682556152e+02
2.988164541721343994e+02
3.008460173606872559e+02
3.029330956935882568e+02
3.049514315128326416e+02
3.070557899475097656e+02
3.090684995651245117e+02
3.110864174365997314e+02
3.130719389915466309e+02
3.151525073051452637e+02
3.172085871696472168e+02
3.192617328166961670e+02
3.212795178890228271e+02
3.233052799701690674e+02
3.253309340476989746e+02
3.273450868129730225e+02
3.293954803943634033e+02
3.315261549949645996e+02
3.335817754268646240e+02
3.356170561313629150e+02
3.376646237373352051e+02
3.397204501628875732e+02
3.417413294315338135e+02
3.437677164077758789e+02
3.458153965473175049e+02
3.478501050472259521e+02
3.498784315586090088e+02
3.519399082660675049e+02
3.539805548191070557e+02
3.560257506370544434e+02
3.581173069477081299e+02
3.601441531181335449e+02
3.621653211116790771e+02
3.642131206989288330e+02
3.662612471580505371e+02
3.683120620250701904e+02
3.703992488384246826e+02
3.726104905605316162e+02
3.746872644424438477e+02
3.767375340461730957e+02
3.788566377162933350e+02
3.809211447238922119e+02
3.830081238746643066e+02
3.851374168395996094e+02
3.871839773654937744e+02
3.892368168830871582e+02
3.913357124328613281e+02
3.933891830444335938e+02
3.954361929893493652e+02
3.975471253395080566e+02
3.995948445796966553e+02
4.018965163230895996e+02
4.039102334976196289e+02
4.059240245819091797e+02
4.079841072559356689e+02
4.102811541557312012e+02
4.122992479801177979e+02
