1.463414542376995087e-02
1.951219514012336731e-02
1.219512149691581726e-02
2.195121906697750092e-02
1.463414542376995087e-02
1.951219514012336731e-02
1.707316935062408447e-02
1.707317121326923370e-02
1.707316935062408447e-02
1.219512149691581726e-02
1.707316935062408447e-02
1.463414542376995087e-02
1.463414635509252548e-02
2.195121906697750092e-02
2.195121720433235168e-02
2.682926878333091736e-02
1.951219514012336731e-02
1.463414542376995087e-02
1.951219514012336731e-02
3.170731663703918457e-02
1.707316935062408447e-02
3.414634242653846741e-02
3.414634242653846741e-02
2.926829084753990173e-02
1.463414635509252548e-02
1.707316935062408447e-02
2.682926878333091736e-02
2.195121906697750092e-02
1.951219514012336731e-02
2.439024299383163452e-02
2.439024299383163452e-02
1.707317121326923370e-02
4.634146764874458313e-02
2.926828898489475250e-02
2.439024299383163452e-02
4.146341234445571899e-02
2.439024299383163452e-02
4.390243813395500183e-02
4.146341234445571899e-02
4.634146392345428467e-02
4.146341234445571899e-02
6.585365533828735352e-02
7.317072898149490356e-02
5.121951550245285034e-02
6.097561120986938477e-02
4.634146392345428467e-02
6.585365533828735352e-02
9.024390578269958496e-02
6.097560748457908630e-02
5.365853756666183472e-02
7.560975849628448486e-02
8.292683213949203491e-02
8.536585420370101929e-02
6.585365533828735352e-02
9.512195736169815063e-02
6.585365533828735352e-02
1.073170751333236694e-01
8.536584675312042236e-02
7.560975104570388794e-02
1.024390161037445068e-01
8.292682468891143799e-02
8.292683213949203491e-02
8.536585420370101929e-02
1.219512224197387695e-01
1.024390310049057007e-01
1.341463476419448853e-01
1.048780530691146851e-01
1.414634138345718384e-01
1.146341487765312195e-01
1.365853548049926758e-01
1.341463476419448853e-01
1.390243768692016602e-01
1.268292665481567383e-01
1.609756052494049072e-01
1.317073255777359009e-01
1.463414579629898071e-01
1.756097525358200073e-01
1.634146422147750854e-01
1.634146273136138916e-01
1.317073106765747070e-01
1.756097376346588135e-01
1.707316935062408447e-01
1.414634287357330322e-01
1.682926714420318604e-01
1.731707304716110229e-01
1.878048777580261230e-01
2.243902385234832764e-01
2.048780471086502075e-01
1.926829367876052856e-01
2.146341502666473389e-01
2.097561061382293701e-01
2.048780471086502075e-01
2.024390250444412231e-01
2.268292605876922607e-01
2.024390250444412231e-01
2.121951133012771606e-01
2.292682975530624390e-01
2.317073047161102295e-01
2.219512164592742920e-01
2.414634227752685547e-01
2.780487835407257080e-01
2.731707394123077393e-01
2.536585330963134766e-01
2.634146213531494141e-01
2.536585032939910889e-01
2.829268276691436768e-01
2.829268276691436768e-01
2.951219379901885986e-01
2.926829159259796143e-01
2.902438938617706299e-01
2.756097614765167236e-01
3.146341145038604736e-01
2.731707394123077393e-01
2.853658497333526611e-01
3.219512104988098145e-01
3.146341443061828613e-01
2.658536732196807861e-01
3.073170781135559082e-01
3.219512104988098145e-01
3.268292546272277832e-01
3.463414609432220459e-01
3.219512104988098145e-01
3.439024686813354492e-01
3.048780262470245361e-01
3.634145855903625488e-01
3.487804830074310303e-01
3.585366010665893555e-01
3.463414609432220459e-01
3.536585271358489990e-01
3.560975193977355957e-01
3.487804532051086426e-01
3.853658735752105713e-01
4.097561240196228027e-01
4.292682707309722900e-01
3.487804830074310303e-01
3.658536672592163086e-01
3.731707334518432617e-01
3.999999761581420898e-01
3.804877996444702148e-01
3.878048658370971680e-01
3.756097555160522461e-01
4.024390280246734619e-01
4.195121824741363525e-01
3.878048658370971680e-01
3.682926893234252930e-01
4.024390280246734619e-01
4.097560942173004150e-01
4.341463446617126465e-01
4.000000059604644775e-01
4.317073225975036621e-01
4.048780500888824463e-01
4.195122122764587402e-01
4.097560942173004150e-01
4.487804472446441650e-01
4.146341085433959961e-01
4.292683005332946777e-01
4.219512045383453369e-01
4.243902564048767090e-01
4.487804472446441650e-01
4.146341383457183838e-01
4.414634108543395996e-01
4.341463744640350342e-01
4.536585211753845215e-01
4.439024329185485840e-01
4.073170721530914307e-01
4.341463446617126465e-01
4.731707274913787842e-01
4.487804770469665527e-01
4.317072927951812744e-01
5.024390220642089844e-01
4.317073225975036621e-01
4.536584913730621338e-01
4.658536612987518311e-01
4.731706976890563965e-01
4.707317054271697998e-01
5.024390220642089844e-01
4.560975134372711182e-01
4.731707274913787842e-01
4.926829040050506592e-01
4.682926833629608154e-01
4.536584913730621338e-01
4.780488014221191406e-01
4.804877638816833496e-01
4.365853667259216309e-01
4.609755873680114746e-01
4.975609481334686279e-01
4.658536911010742188e-01
4.756097495555877686e-01
4.829268157482147217e-01
4.999999701976776123e-01
5.048780441284179688e-01
5.000000000000000000e-01
4.902438819408416748e-01
4.902438521385192871e-01
5.000000000000000000e-01
4.634146094322204590e-01
4.634146392345428467e-01
5.170731544494628906e-01
4.804878234863281250e-01
5.048780441284179688e-01
