1.642036065459251404e-02
1.642036065459251404e-02
1.379310339689254761e-02
1.970443315804004669e-02
1.970443315804004669e-02
1.642036251723766327e-02
1.871921122074127197e-02
1.806239783763885498e-02
1.839080452919006348e-02
1.576354540884494781e-02
2.101805992424488068e-02
2.101806178689002991e-02
1.806239783763885498e-02
2.364531904458999634e-02
2.068965509533882141e-02
2.003284171223640442e-02
2.364532090723514557e-02
2.725779637694358826e-02
2.495894767343997955e-02
2.922824397683143616e-02
2.791461348533630371e-02
3.382594138383865356e-02
3.612479567527770996e-02
4.137930646538734436e-02
4.761904478073120117e-02
5.090311914682388306e-02
6.371100246906280518e-02
6.403940916061401367e-02
7.980296015739440918e-02
8.275862038135528564e-02
8.637109398841857910e-02
1.004926115274429321e-01
1.119868531823158264e-01
1.182266026735305786e-01
1.215106770396232605e-01
1.293924450874328613e-01
1.619047671556472778e-01
1.553366184234619141e-01
1.740558147430419922e-01
1.793103367090225220e-01
1.973727345466613770e-01
2.190476357936859131e-01
2.190476059913635254e-01
2.351395636796951294e-01
2.509030997753143311e-01
2.532019615173339844e-01
2.689655125141143799e-01
2.771756947040557861e-01
2.863711118698120117e-01
2.883415818214416504e-01
3.136288821697235107e-01
3.221674561500549316e-01
3.238095045089721680e-01
3.405582904815673828e-01
3.507389128208160400e-01
3.550082147121429443e-01
3.543514013290405273e-01
3.648603856563568115e-01
3.822659850120544434e-01
3.747126162052154541e-01
3.908045589923858643e-01
4.022988379001617432e-01
3.999999463558197021e-01
4.039408862590789795e-01
4.206896126270294189e-01
4.190475642681121826e-01
4.193759858608245850e-01
4.285714030265808105e-01
4.367815852165222168e-01
4.423645138740539551e-01
4.472906291484832764e-01
4.420361220836639404e-01
4.551723301410675049e-01
4.633825719356536865e-01
4.512315094470977783e-01
4.528735280036926270e-01
4.643677771091461182e-01
4.689654409885406494e-01
4.709359407424926758e-01
4.850574135780334473e-01
4.807881712913513184e-01
4.840722382068634033e-01
4.916256070137023926e-01
5.041050910949707031e-01
4.896551370620727539e-01
5.001641511917114258e-01
5.021346211433410645e-01
5.133004188537597656e-01
5.155993103981018066e-01
5.057471394538879395e-01
5.231527090072631836e-01
5.142856836318969727e-01
5.149424672126770020e-01
5.224958658218383789e-01
5.270935297012329102e-01
5.313628315925598145e-01
5.231526494026184082e-01
5.297208428382873535e-01
5.385878086090087891e-01
5.464695692062377930e-01
5.458127260208129883e-01
5.425287485122680664e-01
5.497536659240722656e-01
5.477831959724426270e-01
5.550081729888916016e-01
5.517240762710571289e-01
5.563217997550964355e-01
5.556649565696716309e-01
5.632183551788330078e-01
5.556649565696716309e-01
5.605911016464233398e-01
5.717568993568420410e-01
5.753693580627441406e-01
5.760262012481689453e-01
5.697865486145019531e-01
5.724138021469116211e-01
5.875204801559448242e-01
5.628899335861206055e-01
5.750409960746765137e-01
5.855500102043151855e-01
5.816091895103454590e-01
5.816091299057006836e-01
5.806238651275634766e-01
5.875204801559448242e-01
5.858784317970275879e-01
5.819375514984130859e-01
5.983579158782958984e-01
6.026271581649780273e-01
6.016420125961303711e-01
5.891625285148620605e-01
6.003283858299255371e-01
5.862068533897399902e-01
5.980295538902282715e-01
6.167486906051635742e-01
6.052544713020324707e-01
5.914613008499145508e-01
6.226600408554077148e-01
6.039408445358276367e-01
6.200327873229980469e-01
6.111658215522766113e-01
6.075533032417297363e-01
6.075532436370849609e-01
6.098521351814270020e-01
6.006568074226379395e-01
6.325122714042663574e-01
6.134645938873291016e-01
6.285713911056518555e-01
6.183907985687255859e-01
6.203612089157104492e-01
6.118226051330566406e-01
6.298849582672119141e-01
6.262724399566650391e-01
6.338258385658264160e-01
6.216748356819152832e-01
6.275861263275146484e-01
6.108373403549194336e-01
6.220031976699829102e-01
6.334974169731140137e-01
6.328406333923339844e-01
6.380951404571533203e-01
6.341542005538940430e-01
6.420360207557678223e-01
6.423645019531250000e-01
6.423644423484802246e-01
6.449917554855346680e-01
6.420360207557678223e-01
6.397371888160705566e-01
6.417076587677001953e-01
6.394088268280029297e-01
6.390804052352905273e-01
6.518883109092712402e-01
6.410508155822753906e-01
6.548439264297485352e-01
6.463053226470947266e-01
6.574711799621582031e-01
6.472905278205871582e-01
6.449917554855346680e-01
6.436780691146850586e-01
6.394087672233581543e-01
6.426929235458374023e-01
6.571427583694458008e-01
6.512314081192016602e-01
6.577996611595153809e-01
6.486042141914367676e-01
6.591131687164306641e-01
6.472905874252319336e-01
6.607552766799926758e-01
6.597700119018554688e-01
6.617404222488403320e-01
6.709358096122741699e-01
6.449916958808898926e-01
6.699506640434265137e-01
6.627256870269775391e-01
6.646960973739624023e-01
6.666666269302368164e-01
6.712642908096313477e-01
6.692938804626464844e-01
6.719211339950561523e-01
6.558291316032409668e-01
6.607552766799926758e-01
