2.682926878333091736e-02
1.951219514012336731e-02
9.756097570061683655e-03
1.463414542376995087e-02
1.219512149691581726e-02
2.195122092962265015e-02
1.219512149691581726e-02
1.951219514012336731e-02
1.463414635509252548e-02
1.951219514012336731e-02
7.317073177546262741e-03
2.439024299383163452e-02
9.756097570061683655e-03
2.682926692068576813e-02
3.414634242653846741e-02
1.951219514012336731e-02
1.463414542376995087e-02
1.707316935062408447e-02
1.463414635509252548e-02
1.219512149691581726e-02
1.219512149691581726e-02
1.951219514012336731e-02
1.219512149691581726e-02
2.195121906697750092e-02
1.219512149691581726e-02
1.219512149691581726e-02
1.463414542376995087e-02
9.756097570061683655e-03
1.951219514012336731e-02
2.439024299383163452e-02
2.195121906697750092e-02
2.195121906697750092e-02
9.756097570061683655e-03
1.707316935062408447e-02
1.219512149691581726e-02
1.463414542376995087e-02
2.926829271018505096e-02
1.707316935062408447e-02
3.414634242653846741e-02
7.317073177546262741e-03
3.414634242653846741e-02
1.463414635509252548e-02
2.926829084753990173e-02
1.463414635509252548e-02
2.195121906697750092e-02
2.439024392515420914e-03
1.951219514012336731e-02
2.195121720433235168e-02
1.463414542376995087e-02
1.463414542376995087e-02
1.219512149691581726e-02
2.439024299383163452e-02
1.951219514012336731e-02
2.195121720433235168e-02
4.878048598766326904e-02
3.658536449074745178e-02
4.146341234445571899e-02
3.658536821603775024e-02
3.902438655495643616e-02
4.878048598766326904e-02
3.414633870124816895e-02
4.390243813395500183e-02
2.926829457283020020e-02
4.390243440866470337e-02
5.121951177716255188e-02
3.902439028024673462e-02
6.097560748457908630e-02
6.585365533828735352e-02
7.073170691728591919e-02
1.000000014901161194e-01
8.780486881732940674e-02
1.121951192617416382e-01
7.560975849628448486e-02
1.097560971975326538e-01
1.024390161037445068e-01
1.000000089406967163e-01
1.292682886123657227e-01
1.317073106765747070e-01
1.195121929049491882e-01
1.268292665481567383e-01
1.536585390567779541e-01
1.219512149691581726e-01
1.609756052494049072e-01
1.609755903482437134e-01
1.585365831851959229e-01
1.707317084074020386e-01
1.756097525358200073e-01
1.853658556938171387e-01
1.756097525358200073e-01
2.073170691728591919e-01
2.146341502666473389e-01
2.073170542716979980e-01
2.341463267803192139e-01
2.170731723308563232e-01
2.463414520025253296e-01
2.243902385234832764e-01
2.268292605876922607e-01
2.390243858098983765e-01
2.365853637456893921e-01
2.439024448394775391e-01
2.829268276691436768e-01
2.853658497333526611e-01
3.024390339851379395e-01
2.853658497333526611e-01
2.439024448394775391e-01
2.707316875457763672e-01
2.975609600543975830e-01
2.902438938617706299e-01
2.951219379901885986e-01
3.048780262470245361e-01
3.219511806964874268e-01
3.073170781135559082e-01
3.243902623653411865e-01
3.073170781135559082e-01
3.243902325630187988e-01
3.390243947505950928e-01
3.439024388790130615e-01
3.341463506221771240e-01
3.219512104988098145e-01
3.146341443061828613e-01
3.609756231307983398e-01
3.780487775802612305e-01
3.317073285579681396e-01
3.585366010665893555e-01
3.878048658370971680e-01
3.804877996444702148e-01
3.999999761581420898e-01
3.926829099655151367e-01
3.853658437728881836e-01
4.170731604099273682e-01
3.951219320297241211e-01
4.121950864791870117e-01
3.829268217086791992e-01
3.926829099655151367e-01
3.975609838962554932e-01
3.999999761581420898e-01
4.097560644149780273e-01
4.243902266025543213e-01
4.170731306076049805e-01
3.902438879013061523e-01
4.487805068492889404e-01
4.000000059604644775e-01
4.390243887901306152e-01
4.536585211753845215e-01
4.170731604099273682e-01
4.707317054271697998e-01
4.487804770469665527e-01
4.317073225975036621e-01
4.024389982223510742e-01
4.585365653038024902e-01
4.707316756248474121e-01
4.365853369235992432e-01
4.829267859458923340e-01
4.658536314964294434e-01
4.439023733139038086e-01
4.878048598766326904e-01
4.756097793579101562e-01
4.682926833629608154e-01
4.317072629928588867e-01
4.634146094322204590e-01
4.609755873680114746e-01
5.097560882568359375e-01
4.731707274913787842e-01
4.634146392345428467e-01
4.731707274913787842e-01
4.658536314964294434e-01
5.024390220642089844e-01
4.780488014221191406e-01
5.170731544494628906e-01
5.243901610374450684e-01
4.878048598766326904e-01
4.804877936840057373e-01
4.951219260692596436e-01
4.756097793579101562e-01
4.926829040050506592e-01
4.609755873680114746e-01
5.219511389732360840e-01
5.487804412841796875e-01
4.951219260692596436e-01
4.878048896789550781e-01
5.048780441284179688e-01
5.048779845237731934e-01
5.439023971557617188e-01
5.097560882568359375e-01
4.975609481334686279e-01
5.341463088989257812e-01
5.658536553382873535e-01
5.121951103210449219e-01
5.170731544494628906e-01
5.390243530273437500e-01
5.170731544494628906e-01
5.390243530273437500e-01
5.536585450172424316e-01
4.951219558715820312e-01
5.121950507164001465e-01
5.341463088989257812e-01
5.146341323852539062e-01
5.414633750915527344e-01
5.121951103210449219e-01
5.512195229530334473e-01
