4.878048785030841827e-03
1.707317121326923370e-02
1.951219327747821808e-02
1.707317121326923370e-02
1.951219514012336731e-02
7.317073177546262741e-03
2.195121720433235168e-02
1.951219514012336731e-02
9.756097570061683655e-03
2.926829084753990173e-02
1.951219327747821808e-02
4.878048785030841827e-03
1.219512149691581726e-02
1.707317121326923370e-02
3.170731663703918457e-02
2.439024299383163452e-02
1.463414542376995087e-02
1.707317121326923370e-02
1.951219514012336731e-02
1.707317121326923370e-02
9.756097570061683655e-03
1.707317121326923370e-02
9.756097570061683655e-03
1.951219514012336731e-02
1.463414542376995087e-02
2.682926692068576813e-02
2.195121720433235168e-02
1.707317121326923370e-02
1.951219327747821808e-02
9.756097570061683655e-03
2.439024299383163452e-02
2.926829084753990173e-02
1.951219514012336731e-02
3.658536449074745178e-02
2.195121906697750092e-02
2.926829271018505096e-02
3.658536449074745178e-02
3.170731663703918457e-02
2.926829271018505096e-02
2.682926505804061890e-02
4.146341234445571899e-02
3.414633870124816895e-02
3.170731663703918457e-02
4.146341234445571899e-02
5.121951550245285034e-02
4.878048598766326904e-02
3.414634242653846741e-02
4.146341606974601746e-02
3.658536821603775024e-02
5.365853756666183472e-02
5.365853756666183472e-02
5.609755963087081909e-02
6.341463327407836914e-02
8.048780262470245361e-02
5.853658169507980347e-02
9.024390578269958496e-02
9.756097197532653809e-02
8.292683213949203491e-02
7.073170691728591919e-02
6.341463327407836914e-02
8.536585420370101929e-02
8.780487626791000366e-02
1.024390235543251038e-01
1.048780381679534912e-01
8.536585420370101929e-02
1.195121854543685913e-01
9.999998658895492554e-02
1.219512224197387695e-01
1.170731633901596069e-01
1.146341562271118164e-01
1.268292665481567383e-01
1.512195169925689697e-01
1.682926714420318604e-01
1.609756052494049072e-01
1.317073106765747070e-01
1.560975462198257446e-01
1.707317084074020386e-01
1.756097674369812012e-01
1.658536493778228760e-01
1.756097376346588135e-01
1.926829069852828979e-01
1.853658556938171387e-01
1.780487746000289917e-01
2.024390250444412231e-01
2.243902236223220825e-01
2.073170691728591919e-01
2.195121794939041138e-01
1.926829218864440918e-01
2.268292605876922607e-01
2.073170840740203857e-01
2.463414818048477173e-01
2.219512164592742920e-01
2.317073345184326172e-01
2.560975551605224609e-01
2.195121943950653076e-01
2.365853637456893921e-01
2.658536434173583984e-01
2.390244007110595703e-01
2.512195110321044922e-01
2.536585330963134766e-01
2.756097316741943359e-01
2.804878056049346924e-01
2.463414520025253296e-01
2.951219379901885986e-01
2.853658795356750488e-01
2.829268276691436768e-01
2.902439236640930176e-01
2.878048717975616455e-01
2.902438938617706299e-01
3.048780560493469238e-01
3.024390339851379395e-01
2.999999821186065674e-01
3.243902325630187988e-01
3.195122182369232178e-01
3.073170781135559082e-01
3.097561001777648926e-01
3.146341443061828613e-01
3.243902325630187988e-01
3.463414907455444336e-01
3.341463506221771240e-01
3.585365712642669678e-01
3.365853428840637207e-01
3.707316815853118896e-01
3.634146153926849365e-01
3.658536374568939209e-01
3.853658437728881836e-01
3.756097555160522461e-01
3.609756529331207275e-01
3.634146451950073242e-01
4.097560942173004150e-01
3.682927191257476807e-01
4.073170721530914307e-01
3.878048658370971680e-01
3.829268217086791992e-01
3.926829099655151367e-01
4.000000059604644775e-01
3.634146451950073242e-01
3.999999761581420898e-01
3.902438879013061523e-01
4.121951162815093994e-01
4.195121824741363525e-01
4.146341085433959961e-01
3.975609838962554932e-01
4.317072927951812744e-01
4.219511747360229492e-01
3.975609838962554932e-01
4.268292486667633057e-01
3.999999761581420898e-01
4.121951162815093994e-01
4.414633810520172119e-01
4.219512343406677246e-01
3.853658437728881836e-01
4.073170721530914307e-01
4.219512045383453369e-01
4.707316756248474121e-01
4.463414251804351807e-01
4.317072629928588867e-01
4.634145796298980713e-01
4.439024329185485840e-01
4.463414549827575684e-01
4.341463148593902588e-01
4.317073225975036621e-01
4.560975432395935059e-01
4.585365653038024902e-01
4.463414549827575684e-01
4.829267859458923340e-01
4.634146094322204590e-01
4.658536314964294434e-01
4.804878234863281250e-01
4.951219558715820312e-01
4.682926833629608154e-01
5.243902802467346191e-01
4.682927131652832031e-01
4.463414549827575684e-01
4.731707274913787842e-01
4.634145796298980713e-01
4.804878234863281250e-01
4.926828742027282715e-01
4.756097495555877686e-01
4.536585211753845215e-01
4.804877936840057373e-01
4.999999701976776123e-01
4.926829338073730469e-01
5.195121765136718750e-01
4.853658378124237061e-01
5.073170661926269531e-01
4.951219856739044189e-01
4.780487716197967529e-01
4.707317054271697998e-01
5.146341323852539062e-01
4.975609481334686279e-01
4.804877936840057373e-01
5.268292427062988281e-01
4.999999701976776123e-01
4.951219558715820312e-01
4.878048598766326904e-01
5.000000000000000000e-01
4.951219558715820312e-01
5.390244126319885254e-01
5.268293023109436035e-01
