1.816425323486328125e+00
3.425689220428466797e+00
4.996941804885864258e+00
6.644329547882080078e+00
8.237635135650634766e+00
9.833993196487426758e+00
1.146326923370361328e+01
1.306406617164611816e+01
1.467392683029174805e+01
1.631423234939575195e+01
1.789047098159790039e+01
1.948729634284973145e+01
2.113824319839477539e+01
2.268046736717224121e+01
2.426078009605407715e+01
2.581299185752868652e+01
2.739614915847778320e+01
2.898278570175170898e+01
3.057504534721374512e+01
3.215530014038085938e+01
3.380444407463073730e+01
3.538575601577758789e+01
3.697156119346618652e+01
3.853330087661743164e+01
4.014316248893737793e+01
4.172791433334350586e+01
4.332415080070495605e+01
4.510413718223571777e+01
4.673009061813354492e+01
4.832236480712890625e+01
4.992557239532470703e+01
5.152794837951660156e+01
5.307817292213439941e+01
5.466542649269104004e+01
5.625469779968261719e+01
5.784202241897583008e+01
5.948738312721252441e+01
6.108366823196411133e+01
6.268198633193969727e+01
6.430329298973083496e+01
6.585754489898681641e+01
6.747187781333923340e+01
6.909119701385498047e+01
7.063501644134521484e+01
7.219872093200683594e+01
7.380505061149597168e+01
7.536630630493164062e+01
7.702261638641357422e+01
7.865394115447998047e+01
8.029131507873535156e+01
8.188962316513061523e+01
8.351791715621948242e+01
8.509727334976196289e+01
8.668251705169677734e+01
8.828277373313903809e+01
8.987709689140319824e+01
9.146238732337951660e+01
9.303662538528442383e+01
9.465706968307495117e+01
9.626833844184875488e+01
9.793866014480590820e+01
9.952997541427612305e+01
1.011538345813751221e+02
1.027846186161041260e+02
1.043938970565795898e+02
1.059752285480499268e+02
1.075815079212188721e+02
1.091687829494476318e+02
1.107575266361236572e+02
1.124505290985107422e+02
1.140447793006896973e+02
1.156480720043182373e+02
1.172544596195220947e+02
1.188588716983795166e+02
1.204981663227081299e+02
1.220513992309570312e+02
1.236617791652679443e+02
1.252610573768615723e+02
1.269623761177062988e+02
1.285576138496398926e+02
1.301308541297912598e+02
1.316871485710144043e+02
1.332609426975250244e+02
1.349458041191101074e+02
1.365611758232116699e+02
1.381485598087310791e+02
1.397097847461700439e+02
1.413020303249359131e+02
1.429403297901153564e+02
1.445485875606536865e+02
1.461409094333648682e+02
1.477842688560485840e+02
1.493947293758392334e+02
1.509819750785827637e+02
1.526072552204132080e+02
1.541504518985748291e+02
1.557297208309173584e+02
1.573079562187194824e+02
1.589683160781860352e+02
1.605927076339721680e+02
1.622340710163116455e+02
1.638253273963928223e+02
1.654636113643646240e+02
1.670699543952941895e+02
1.686873660087585449e+02
1.703181428909301758e+02
1.719399640560150146e+02
1.735632550716400146e+02
1.752385966777801514e+02
1.768669714927673340e+02
1.784522459506988525e+02
1.801256422996520996e+02
1.817244389057159424e+02
1.832891664505004883e+02
1.849264430999755859e+02
1.866744015216827393e+02
1.882986714839935303e+02
1.899991741180419922e+02
1.917065043449401855e+02
1.933404047489166260e+02
1.950117337703704834e+02
1.965983490943908691e+02
1.982017052173614502e+02
1.998610246181488037e+02
2.014643146991729736e+02
2.031286137104034424e+02
2.047559235095977783e+02
2.063541233539581299e+02
2.080004029273986816e+02
2.096066529750823975e+02
2.112228991985321045e+02
2.128753490447998047e+02
2.145666737556457520e+02
2.162250442504882812e+02
2.180675821304321289e+02
2.196472432613372803e+02
2.212505841255187988e+02
2.229018750190734863e+02
2.245661883354187012e+02
2.261955454349517822e+02
2.278168919086456299e+02
2.294370114803314209e+02
2.310723533630371094e+02
2.327736151218414307e+02
2.349252858161926270e+02
2.365788838863372803e+02
2.381924657821655273e+02
2.398142428398132324e+02
2.414852945804595947e+02
2.430819146633148193e+02
2.446951181888580322e+02
2.462837462425231934e+02
2.479555037021636963e+02
2.495848062038421631e+02
2.512172372341156006e+02
2.528607821464538574e+02
2.544692161083221436e+02
2.561238822937011719e+02
2.578167424201965332e+02
2.595535166263580322e+02
2.612461626529693604e+02
2.628869457244873047e+02
2.644839832782745361e+02
2.661093046665191650e+02
2.677747290134429932e+02
2.694021489620208740e+02
2.711045224666595459e+02
2.727121107578277588e+02
2.743473339080810547e+02
2.760433082580566406e+02
2.776536297798156738e+02
2.793509652614593506e+02
2.810723121166229248e+02
2.826775302886962891e+02
2.842940416336059570e+02
2.858907101154327393e+02
2.875381059646606445e+02
2.892018234729766846e+02
2.907885899543762207e+02
2.924170405864715576e+02
2.940767378807067871e+02
2.957133288383483887e+02
2.974125902652740479e+02
2.990898036956787109e+02
3.007290654182434082e+02
3.023393387794494629e+02
3.039828143119812012e+02
3.055821769237518311e+02
3.072066659927368164e+02
3.088257398605346680e+02
3.104550418853759766e+02
3.121495726108551025e+02
3.138162422180175781e+02
3.154917900562286377e+02
3.172071046829223633e+02
3.188316082954406738e+02
3.204920790195465088e+02
3.221072313785552979e+02
3.238482561111450195e+02
3.254738814830780029e+02
