2.003609895706176758e+00
3.804474353790283203e+00
5.633919715881347656e+00
7.420834541320800781e+00
9.254781007766723633e+00
1.103361701965332031e+01
1.278752756118774414e+01
1.472932243347167969e+01
1.652875375747680664e+01
1.831615090370178223e+01
2.006156086921691895e+01
2.181795454025268555e+01
2.363186717033386230e+01
2.541577267646789551e+01
2.715615248680114746e+01
2.903816390037536621e+01
3.084713244438171387e+01
3.264254474639892578e+01
3.449915599822998047e+01
3.631459259986877441e+01
3.812802028656005859e+01
3.995904064178466797e+01
4.172396922111511230e+01
4.348941159248352051e+01
4.531284785270690918e+01
4.711334967613220215e+01
4.890179491043090820e+01
5.077135968208312988e+01
5.257487344741821289e+01
5.429520392417907715e+01
5.607679104804992676e+01
5.789422702789306641e+01
5.986876177787780762e+01
6.208556485176086426e+01
6.398706579208374023e+01
6.575159835815429688e+01
6.753899192810058594e+01
6.933261084556579590e+01
7.115506291389465332e+01
7.293945097923278809e+01
7.469283461570739746e+01
7.651029348373413086e+01
7.831377196311950684e+01
8.017323946952819824e+01
8.197672367095947266e+01
8.376119065284729004e+01
8.550358486175537109e+01
8.731806397438049316e+01
8.917160320281982422e+01
9.090297961235046387e+01
9.279010462760925293e+01
9.458369183540344238e+01
9.633605599403381348e+01
9.815523648262023926e+01
9.994666552543640137e+01
1.017350640296936035e+02
1.035314741134643555e+02
1.054029469490051270e+02
1.072149071693420410e+02
1.089837889671325684e+02
1.107261567115783691e+02
1.125236232280731201e+02
1.143488309383392334e+02
1.161950414180755615e+02
1.179645130634307861e+02
1.197489957809448242e+02
1.215583815574645996e+02
1.233588774204254150e+02
1.251663677692413330e+02
1.269668707847595215e+02
1.287542641162872314e+02
1.306255302429199219e+02
1.323950202465057373e+02
1.341985421180725098e+02
1.359659218788146973e+02
1.377262711524963379e+02
1.395343747138977051e+02
1.413808546066284180e+02
1.432191464900970459e+02
1.450827875137329102e+02
1.469280428886413574e+02
1.487231583595275879e+02
1.505512435436248779e+02
1.522879228591918945e+02
1.540776622295379639e+02
1.559231975078582764e+02
1.577647726535797119e+02
1.595672252178192139e+02
1.613836953639984131e+02
1.632120714187622070e+02
1.650307788848876953e+02
1.668042798042297363e+02
1.686295897960662842e+02
1.704920985698699951e+02
1.723998920917510986e+02
1.742054245471954346e+02
1.759893832206726074e+02
1.777537853717803955e+02
1.796092355251312256e+02
1.813846807479858398e+02
1.831981134414672852e+02
1.849766182899475098e+02
1.867520835399627686e+02
1.885064990520477295e+02
1.903359391689300537e+02
1.921414248943328857e+02
1.938548285961151123e+02
1.956347937583923340e+02
1.974497790336608887e+02
1.992682175636291504e+02
2.010957400798797607e+02
2.029091787338256836e+02
2.047757582664489746e+02
2.065743360519409180e+02
2.083787562847137451e+02
2.101611671447753906e+02
2.119095602035522461e+02
2.137005589008331299e+02
2.154964599609375000e+02
2.173120167255401611e+02
2.191284451484680176e+02
2.210109782218933105e+02
2.228124139308929443e+02
2.246148996353149414e+02
2.264048671722412109e+02
2.282238478660583496e+02
2.300017657279968262e+02
2.318087418079376221e+02
2.336212310791015625e+02
2.353836491107940674e+02
2.371290686130523682e+02
2.389100332260131836e+02
2.407550148963928223e+02
2.425064415931701660e+02
2.443174645900726318e+02
2.461198809146881104e+02
2.479578957557678223e+02
2.498014664649963379e+02
2.517139809131622314e+02
2.534804308414459229e+02
2.552528648376464844e+02
2.571013164520263672e+02
2.589708397388458252e+02
2.607773628234863281e+02
2.626302878856658936e+02
2.644412858486175537e+02
2.662823972702026367e+02
2.680873119831085205e+02
2.698757369518280029e+02
2.716411523818969727e+02
2.733896243572235107e+02
2.751695432662963867e+02
2.769784879684448242e+02
2.787995595932006836e+02
2.806234755516052246e+02
2.824679555892944336e+02
2.843549892902374268e+02
2.862110164165496826e+02
2.880254745483398438e+02
2.898494827747344971e+02
2.916554727554321289e+02
2.934970777034759521e+02
2.953745684623718262e+02
2.971929922103881836e+02
2.989944369792938232e+02
3.007779142856597900e+02
3.025963385105133057e+02
3.044008579254150391e+02
3.062674078941345215e+02
3.080999109745025635e+02
3.099263398647308350e+02
3.117888896465301514e+02
3.136403853893280029e+02
3.154941818714141846e+02
3.172801015377044678e+02
3.190670075416564941e+02
3.208622560501098633e+02
3.226716780662536621e+02
3.244641864299774170e+02
3.262496249675750732e+02
3.280851891040802002e+02
3.298830950260162354e+02
3.316761264801025391e+02
3.334555423259735107e+02
3.353100104331970215e+02
3.371284720897674561e+02
3.390200183391571045e+02
3.408254930973052979e+02
3.426264824867248535e+02
3.445115377902984619e+02
3.463499758243560791e+02
3.481314458847045898e+02
3.499999642372131348e+02
3.518925533294677734e+02
3.536849694252014160e+02
3.554944491386413574e+02
3.573535351753234863e+02
3.591784703731536865e+02
3.610299618244171143e+02
3.628954975605010986e+02
