1.442024946212768555e+00
2.805993556976318359e+00
4.161456346511840820e+00
5.536933898925781250e+00
6.899415254592895508e+00
8.276379823684692383e+00
9.620334863662719727e+00
1.100281715393066406e+01
1.236428403854370117e+01
1.372575116157531738e+01
1.510272908210754395e+01
1.649371719360351562e+01
1.782650589942932129e+01
1.918096828460693359e+01
2.053693103790283203e+01
2.189589643478393555e+01
2.327237439155578613e+01
2.465735864639282227e+01
2.602883291244506836e+01
2.739930701255798340e+01
2.878829336166381836e+01
3.016477108001708984e+01
3.152423667907714844e+01
3.285818481445312500e+01
3.433873653411865234e+01
3.569971776008605957e+01
3.705766773223876953e+01
3.860776925086975098e+01
4.000426101684570312e+01
4.138224005699157715e+01
4.273119831085205078e+01
4.414670395851135254e+01
4.553418993949890137e+01
4.690116071701049805e+01
4.829314923286437988e+01
4.968764042854309082e+01
5.105661296844482422e+01
5.243094110488891602e+01
5.380166745185852051e+01
5.515663003921508789e+01
5.651809716224670410e+01
5.790107989311218262e+01
5.928606319427490234e+01
6.062151288986206055e+01
6.200099897384643555e+01
6.338498210906982422e+01
6.478447604179382324e+01
6.615194845199584961e+01
6.751091313362121582e+01
6.888138723373413086e+01
7.027037382125854492e+01
7.165635871887207031e+01
7.304284334182739258e+01
7.442432475090026855e+01
7.579833292961120605e+01
7.718932008743286133e+01
7.857730674743652344e+01
7.995328378677368164e+01
8.132475876808166504e+01
8.272175049781799316e+01
8.412474727630615234e+01
8.547570657730102539e+01
8.686369323730468750e+01
8.826518869400024414e+01
8.964817166328430176e+01
9.104066038131713867e+01
9.241513657569885254e+01
9.379511737823486328e+01
9.519461131095886230e+01
9.658559942245483398e+01
9.797390317916870117e+01
9.942443346977233887e+01
1.008349361419677734e+02
1.022129285335540771e+02
1.035913937091827393e+02
1.049813818931579590e+02
1.063643643856048584e+02
1.077483472824096680e+02
1.091388354301452637e+02
1.105193173885345459e+02
1.118942928314208984e+02
1.132875039577484131e+02
1.146653594970703125e+02
1.160718433856964111e+02
1.174773418903350830e+02
1.188538200855255127e+02
1.202588179111480713e+02
1.216663177013397217e+02
1.230533030033111572e+02
1.244588027000427246e+02
1.258598239421844482e+02
1.272447931766510010e+02
1.286387841701507568e+02
1.300322875976562500e+02
1.314182581901550293e+02
1.328207542896270752e+02
1.342287547588348389e+02
1.356327521800994873e+02
1.370240759849548340e+02
1.384175660610198975e+02
1.398090546131134033e+02
1.412220582962036133e+02
1.426020388603210449e+02
1.440335555076599121e+02
1.454190404415130615e+02
1.468130302429199219e+02
1.482240326404571533e+02
1.496205246448516846e+02
1.510480389595031738e+02
1.524505350589752197e+02
1.538670411109924316e+02
1.552675364017486572e+02
1.566575236320495605e+02
1.580690264701843262e+02
1.594600143432617188e+02
1.608735184669494629e+02
1.622615048885345459e+02
1.636514921188354492e+02
1.650599930286407471e+02
1.664579858779907227e+02
1.678494749069213867e+02
1.692604770660400391e+02
1.706404573917388916e+02
1.720734751224517822e+02
1.734584593772888184e+02
1.748489465713500977e+02
1.762644786834716797e+02
1.776724786758422852e+02
1.790824801921844482e+02
1.804894797801971436e+02
1.818674588203430176e+02
1.832709558010101318e+02
1.846729519367218018e+02
1.860774493217468262e+02
1.874744422435760498e+02
1.888829431533813477e+02
1.903099563121795654e+02
1.916874346733093262e+02
1.931074442863464355e+02
1.945109546184539795e+02
1.959069328308105469e+02
1.973324451446533203e+02
1.987469501495361328e+02
2.001579539775848389e+02
2.015694558620452881e+02
2.029794571399688721e+02
2.043779504299163818e+02
2.057789459228515625e+02
2.071719350814819336e+02
2.085794351100921631e+02
2.099764277935028076e+02
2.114019401073455811e+02
2.128274533748626709e+02
2.142534661293029785e+02
2.156674702167510986e+02
2.170829758644104004e+02
2.184914774894714355e+02
2.199124865531921387e+02
2.213374123573303223e+02
2.227469136714935303e+02
2.241644554138183594e+02
2.255714545249938965e+02
2.269939653873443604e+02
2.284084701538085938e+02
2.297924535274505615e+02
2.312194669246673584e+02
2.325999484062194824e+02
2.340289630889892578e+02
2.354252216815948486e+02
2.368422281742095947e+02
2.382602357864379883e+02
2.396857483386993408e+02
2.411182663440704346e+02
2.425227689743041992e+02
2.439357731342315674e+02
2.453352673053741455e+02
2.468023576736450195e+02
2.483077120780944824e+02
2.497158067226409912e+02
2.511421530246734619e+02
2.525697863101959229e+02
2.540027337074279785e+02
2.554026548862457275e+02
2.568398499488830566e+02
2.582666227817535400e+02
2.596942317485809326e+02
2.611177978515625000e+02
2.625292046070098877e+02
2.639267370700836182e+02
2.653357779979705811e+02
2.667378826141357422e+02
2.681630053520202637e+02
2.695617647171020508e+02
2.709912295341491699e+02
2.724157879352569580e+02
2.738334808349609375e+02
2.752733306884765625e+02
2.766828713417053223e+02
2.781018142700195312e+02
2.795082383155822754e+02
