1.946593999862670898e+00
3.751128196716308594e+00
5.535564899444580078e+00
7.421518087387084961e+00
9.257137537002563477e+00
1.108858251571655273e+01
1.280497980117797852e+01
1.458937573432922363e+01
1.644977617263793945e+01
1.820606923103332520e+01
1.987537646293640137e+01
2.168077325820922852e+01
2.345620942115783691e+01
2.539326310157775879e+01
2.717671751976013184e+01
2.891409969329833984e+01
3.128099775314331055e+01
3.394585132598876953e+01
3.605972814559936523e+01
3.781367564201354980e+01
3.960549974441528320e+01
4.137113046646118164e+01
4.311331939697265625e+01
4.487220668792724609e+01
4.655377864837646484e+01
4.825931215286254883e+01
5.006673359870910645e+01
5.181528615951538086e+01
5.361894845962524414e+01
5.530503201484680176e+01
5.709685540199279785e+01
5.884625506401062012e+01
6.060420918464660645e+01
6.233504128456115723e+01
6.400062751770019531e+01
6.569640636444091797e+01
6.737637782096862793e+01
6.911152839660644531e+01
7.080108880996704102e+01
7.252549457550048828e+01
7.425884604454040527e+01
7.596857380867004395e+01
7.776122713088989258e+01
7.945674657821655273e+01
8.118890237808227539e+01
8.290519165992736816e+01
8.460671949386596680e+01
8.630427861213684082e+01
8.796983027458190918e+01
8.966039657592773438e+01
9.136013054847717285e+01
9.312056064605712891e+01
9.487582421302795410e+01
9.656427597999572754e+01
9.827893090248107910e+01
9.997027230262756348e+01
1.017006626129150391e+02
1.034569108486175537e+02
1.051502921581268311e+02
1.069258847236633301e+02
1.086734549999237061e+02
1.104069042205810547e+02
1.121453430652618408e+02
1.138889856338500977e+02
1.155995326042175293e+02
1.173370604515075684e+02
1.191384971141815186e+02
1.208677895069122314e+02
1.226362736225128174e+02
1.243427159786224365e+02
1.260421519279479980e+02
1.278075659275054932e+02
1.295319626331329346e+02
1.313234508037567139e+02
1.331399557590484619e+02
1.348498716354370117e+02
1.365727701187133789e+02
1.382811710834503174e+02
1.400515592098236084e+02
1.417919714450836182e+02
1.435422961711883545e+02
1.452787773609161377e+02
1.469870822429656982e+02
1.487056128978729248e+02
1.504666762351989746e+02
1.521794977188110352e+02
1.539168884754180908e+02
1.557032968997955322e+02
1.574276962280273438e+02
1.591611857414245605e+02
1.609145963191986084e+02
1.626169042587280273e+02
1.643063158988952637e+02
1.660336833000183105e+02
1.677660973072052002e+02
1.695045006275177002e+02
1.713236298561096191e+02
1.730250329971313477e+02
1.747105357646942139e+02
1.764699952602386475e+02
1.782163317203521729e+02
1.799615111351013184e+02
1.816915040016174316e+02
1.834208872318267822e+02
1.851410951614379883e+02
1.868835771083831787e+02
1.885889160633087158e+02
1.903613438606262207e+02
1.920663511753082275e+02
1.938578011989593506e+02
1.956654024124145508e+02
1.974109203815460205e+02
1.991273667812347412e+02
2.008949346542358398e+02
2.026513772010803223e+02
2.043699026107788086e+02
2.061413292884826660e+02
2.078577342033386230e+02
2.096642627716064453e+02
2.113891363143920898e+02
2.131200294494628906e+02
2.148564519882202148e+02
2.165858650207519531e+02
2.183952665328979492e+02
2.201514475345611572e+02
2.220141606330871582e+02
2.238486688137054443e+02
2.255930895805358887e+02
2.273175227642059326e+02
2.290369038581848145e+02
2.308633973598480225e+02
2.326868624687194824e+02
2.343632402420043945e+02
2.361223201751708984e+02
2.378651988506317139e+02
2.396156353950500488e+02
2.413390095233917236e+02
2.431138660907745361e+02
2.451887304782867432e+02
2.469256422519683838e+02
2.487191352844238281e+02
2.505091366767883301e+02
2.522495255470275879e+02
2.540099039077758789e+02
2.557733886241912842e+02
2.575418853759765625e+02
2.592792599201202393e+02
2.610026824474334717e+02
2.627310423851013184e+02
2.644511933326721191e+02
2.661702971458435059e+02
2.679333412647247314e+02
2.697007398605346680e+02
2.715552170276641846e+02
2.733767266273498535e+02
2.751050999164581299e+02
2.768455286026000977e+02
2.785929141044616699e+02
2.803693399429321289e+02
2.820968363285064697e+02
2.838321928977966309e+02
2.855726425647735596e+02
2.874001367092132568e+02
2.891530373096466064e+02
2.910240812301635742e+02
2.928727052211761475e+02
2.946191112995147705e+02
2.964445528984069824e+02
2.982429714202880859e+02
2.999983606338500977e+02
3.017878706455230713e+02
3.035757696628570557e+02
3.054047892093658447e+02
3.071531953811645508e+02
3.089236328601837158e+02
3.107080402374267578e+02
3.124534809589385986e+02
3.142009181976318359e+02
3.159553608894348145e+02
3.177243354320526123e+02
3.194622211456298828e+02
3.213047142028808594e+02
3.230411143302917480e+02
3.248516948223114014e+02
3.266350934505462646e+02
3.284465622901916504e+02
3.302825555801391602e+02
3.320524640083312988e+02
3.337788367271423340e+02
3.355883841514587402e+02
3.372868275642395020e+02
3.390482373237609863e+02
3.408051145076751709e+02
3.425509800910949707e+02
3.443013889789581299e+02
3.460668735504150391e+02
3.478142082691192627e+02
3.496013739109039307e+02
3.514068064689636230e+02
3.532022457122802734e+02
