1.605839282274246216e-02
1.605839282274246216e-02
2.043795585632324219e-02
1.532846596091985703e-02
1.678831875324249268e-02
1.678832247853279114e-02
1.678832061588764191e-02
1.532846689224243164e-02
1.313868537545204163e-02
1.605839468538761139e-02
2.116788364946842194e-02
1.751824840903282166e-02
1.532846596091985703e-02
1.751824840903282166e-02
1.386861223727464676e-02
2.335766330361366272e-02
1.824817620217800140e-02
2.116788178682327271e-02
1.386861130595207214e-02
1.678832061588764191e-02
1.167883165180683136e-02
1.751824840903282166e-02
1.678832061588764191e-02
1.459853909909725189e-02
1.459854003041982651e-02
1.897810027003288269e-02
2.116788178682327271e-02
2.262773737311363220e-02
1.970802806317806244e-02
3.138686344027519226e-02
2.262773551046848297e-02
1.751824654638767242e-02
2.700729668140411377e-02
2.043795399367809296e-02
2.554744482040405273e-02
2.481751702725887299e-02
1.678832061588764191e-02
2.116788364946842194e-02
2.335766516625881195e-02
3.576642274856567383e-02
2.481751888990402222e-02
3.722627460956573486e-02
4.160583764314651489e-02
4.087591543793678284e-02
5.036496371030807495e-02
4.671532660722732544e-02
5.620438233017921448e-02
6.423357874155044556e-02
7.664232701063156128e-02
6.642335653305053711e-02
7.810218632221221924e-02
9.124086797237396240e-02
8.029197156429290771e-02
9.635036438703536987e-02
9.562043100595474243e-02
1.058394089341163635e-01
1.014598459005355835e-01
1.021897867321968079e-01
1.306569278240203857e-01
1.175182312726974487e-01
1.240875944495201111e-01
1.248175129294395447e-01
1.474452465772628784e-01
1.394160687923431396e-01
1.591240763664245605e-01
1.554744541645050049e-01
1.591240763664245605e-01
1.496350318193435669e-01
1.656934171915054321e-01
1.751824617385864258e-01
1.846715360879898071e-01
2.021897733211517334e-01
2.021897733211517334e-01
1.868613064289093018e-01
1.854014545679092407e-01
2.138686031103134155e-01
2.306569218635559082e-01
2.058394253253936768e-01
2.489051222801208496e-01
2.343065738677978516e-01
2.722627520561218262e-01
2.678831815719604492e-01
2.525547444820404053e-01
2.810218930244445801e-01
2.598540186882019043e-01
2.686131298542022705e-01
2.839415967464447021e-01
3.029196858406066895e-01
2.919707894325256348e-01
3.080291748046875000e-01
3.160583972930908203e-01
3.284671306610107422e-01
3.160583972930908203e-01
3.313868641853332520e-01
3.233576416969299316e-01
3.364963531494140625e-01
3.437955975532531738e-01
3.664233386516571045e-01
3.678832054138183594e-01
3.759123682975769043e-01
3.686131536960601807e-01
3.635036051273345947e-01
3.941605687141418457e-01
3.846715390682220459e-01
3.956204652786254883e-01
3.919707536697387695e-01
4.029197096824645996e-01
3.846714794635772705e-01
4.029197096824645996e-01
4.065693020820617676e-01
4.116788208484649658e-01
4.211678504943847656e-01
4.131386876106262207e-01
4.087591171264648438e-01
4.204379618167877197e-01
4.284671247005462646e-01
4.474452137947082520e-01
4.240875840187072754e-01
4.270072877407073975e-01
4.306569099426269531e-01
4.613138437271118164e-01
4.576642513275146484e-01
4.591240584850311279e-01
4.525547027587890625e-01
4.445255398750305176e-01
4.839416146278381348e-01
4.642335772514343262e-01
4.620437920093536377e-01
4.817517995834350586e-01
4.649634659290313721e-01
4.649634957313537598e-01
4.824817776679992676e-01
4.992700815200805664e-01
4.810219109058380127e-01
4.970802664756774902e-01
4.686130881309509277e-01
4.905109703540802002e-01
4.883211851119995117e-01
4.934306144714355469e-01
4.992700219154357910e-01
4.963503479957580566e-01
5.007299184799194336e-01
5.204379558563232422e-01
5.182481408119201660e-01
5.175182223320007324e-01
5.277372002601623535e-01
5.116788148880004883e-01
5.109488964080810547e-01
5.240876078605651855e-01
5.291970372200012207e-01
5.401459336280822754e-01
5.306569337844848633e-01
5.474452376365661621e-01
5.343065261840820312e-01
5.467153191566467285e-01
5.467153191566467285e-01
5.313868522644042969e-01
5.459854006767272949e-01
5.240875482559204102e-01
5.291970372200012207e-01
5.372262597084045410e-01
5.386860966682434082e-01
5.430656671524047852e-01
5.306569337844848633e-01
5.408759117126464844e-01
5.576642155647277832e-01
5.445255637168884277e-01
5.518248081207275391e-01
5.627737045288085938e-01
5.562043786048889160e-01
5.459854006767272949e-01
5.649635195732116699e-01
5.489051342010498047e-01
5.532846450805664062e-01
5.766422748565673828e-01
5.773722529411315918e-01
5.693430304527282715e-01
5.737226009368896484e-01
5.613138675689697266e-01
5.795620083808898926e-01
5.751824378967285156e-01
5.824817419052124023e-01
5.832116603851318359e-01
5.781021118164062500e-01
5.839415788650512695e-01
5.708029270172119141e-01
5.846714973449707031e-01
5.810219049453735352e-01
5.927007794380187988e-01
5.671533346176147461e-01
5.905109643936157227e-01
5.817518234252929688e-01
5.927007198333740234e-01
5.722627639770507812e-01
5.788320899009704590e-01
6.043795943260192871e-01
5.927007198333740234e-01
5.956204533576965332e-01
6.153284311294555664e-01
5.927007198333740234e-01
