1.271186396479606628e-02
1.836158148944377899e-02
1.412429474294185638e-02
1.836158148944377899e-02
1.412429474294185638e-02
1.977401040494441986e-02
1.977401040494441986e-02
9.887006133794784546e-03
1.694915257394313812e-02
2.683615870773792267e-02
9.887006133794784546e-03
1.836158148944377899e-02
2.401129901409149170e-02
2.824858762323856354e-02
2.118644118309020996e-02
1.553672365844249725e-02
1.553672365844249725e-02
2.683615870773792267e-02
2.401130087673664093e-02
4.237288236618041992e-02
1.977401226758956909e-02
3.813559561967849731e-02
3.813559561967849731e-02
2.683615684509277344e-02
4.519774019718170166e-02
3.107344545423984528e-02
4.519774019718170166e-02
3.389830514788627625e-02
4.802259802818298340e-02
3.813559189438819885e-02
4.943502694368362427e-02
5.367232114076614380e-02
5.084745213389396667e-02
6.638418138027191162e-02
5.508474633097648621e-02
6.355932354927062988e-02
7.203389704227447510e-02
8.050847798585891724e-02
7.062147557735443115e-02
8.898305147886276245e-02
9.322033822536468506e-02
1.002824828028678894e-01
9.745762497186660767e-02
9.039548784494400024e-02
1.158192083239555359e-01
1.214689314365386963e-01
1.129943579435348511e-01
1.285310834646224976e-01
1.172316372394561768e-01
1.511299610137939453e-01
1.596045196056365967e-01
1.299435049295425415e-01
1.680790930986404419e-01
1.483050882816314697e-01
1.977401226758956909e-01
1.680791079998016357e-01
1.949152648448944092e-01
1.920903921127319336e-01
1.850282549858093262e-01
2.175141125917434692e-01
2.104519903659820557e-01
2.457627058029174805e-01
2.471751570701599121e-01
2.259887009859085083e-01
2.598870098590850830e-01
2.612994313240051270e-01
2.570621371269226074e-01
2.740112841129302979e-01
2.697739899158477783e-01
2.881355881690979004e-01
3.121468722820281982e-01
2.711864411830902100e-01
3.022598624229431152e-01
3.149717152118682861e-01
3.050847649574279785e-01
3.234463632106781006e-01
3.107344508171081543e-01
3.177966177463531494e-01
3.531073331832885742e-01
3.502824604511260986e-01
3.559322357177734375e-01
3.813559114933013916e-01
3.418079316616058350e-01
3.700564801692962646e-01
3.644067645072937012e-01
3.997174799442291260e-01
3.940677940845489502e-01
3.813559710979461670e-01
3.940677940845489502e-01
3.545197844505310059e-01
3.912429511547088623e-01
3.983050584793090820e-01
4.251412451267242432e-01
4.180791378021240234e-01
3.926553726196289062e-01
4.011299610137939453e-01
4.307909905910491943e-01
4.180791378021240234e-01
4.279660880565643311e-01
4.392655491828918457e-01
4.378531575202941895e-01
4.350282549858093262e-01
4.378531277179718018e-01
4.406780004501342773e-01
4.237287640571594238e-01
4.463277161121368408e-01
4.604519903659820557e-01
4.731638729572296143e-01
4.745762944221496582e-01
4.632768332958221436e-01
5.070621967315673828e-01
4.449152648448944092e-01
4.816384315490722656e-01
4.731638729572296143e-01
4.858756959438323975e-01
4.802259802818298340e-01
4.844632744789123535e-01
4.731638133525848389e-01
5.225988626480102539e-01
4.774011373519897461e-01
4.901130199432373047e-01
4.745762646198272705e-01
5.141242742538452148e-01
5.169491171836853027e-01
5.141243338584899902e-01
5.254237651824951172e-01
5.254237055778503418e-01
5.155367255210876465e-01
5.451977252960205078e-01
5.197740197181701660e-01
5.353108048439025879e-01
5.381355881690979004e-01
5.480226278305053711e-01
5.225989222526550293e-01
5.254237055778503418e-01
5.409604907035827637e-01
5.324859023094177246e-01
5.367231369018554688e-01
5.508474707603454590e-01
5.423728823661804199e-01
5.423729419708251953e-01
5.423728823661804199e-01
5.324859619140625000e-01
5.593220591545104980e-01
5.423728823661804199e-01
5.734463930130004883e-01
5.324859023094177246e-01
5.635593533515930176e-01
5.423729419708251953e-01
5.508474707603454590e-01
5.734463930130004883e-01
5.663841962814331055e-01
5.847457647323608398e-01
5.635593533515930176e-01
5.833333730697631836e-01
5.734463334083557129e-01
5.720338821411132812e-01
6.016948819160461426e-01
5.889830589294433594e-01
5.550847053527832031e-01
5.762711763381958008e-01
5.720339417457580566e-01
5.790960788726806641e-01
5.692090392112731934e-01
6.045197844505310059e-01
5.960451960563659668e-01
5.762712359428405762e-01
5.790960788726806641e-01
5.861581563949584961e-01
5.847458243370056152e-01
6.059322357177734375e-01
5.833333730697631836e-01
6.129943728446960449e-01
6.031073927879333496e-01
5.932204127311706543e-01
5.946327447891235352e-01
5.861582159996032715e-01
5.706214904785156250e-01
6.016948819160461426e-01
5.833333730697631836e-01
6.016948819160461426e-01
5.960452556610107422e-01
5.819209218025207520e-01
5.833333730697631836e-01
6.016949415206909180e-01
6.257061958312988281e-01
5.960452556610107422e-01
6.158192157745361328e-01
6.355932354927062988e-01
6.285310983657836914e-01
6.355931758880615234e-01
5.946327447891235352e-01
6.087570786476135254e-01
6.158191561698913574e-01
6.129944324493408203e-01
5.960452556610107422e-01
5.847457647323608398e-01
6.200565099716186523e-01
6.370056867599487305e-01
6.073446273803710938e-01
