1.836158148944377899e-02
4.237288143485784531e-03
1.553672272711992264e-02
1.977401040494441986e-02
2.259887009859085083e-02
1.271186396479606628e-02
1.836158148944377899e-02
2.401129901409149170e-02
1.412429381161928177e-02
1.271186396479606628e-02
2.824858762323856354e-02
1.553672272711992264e-02
2.401129901409149170e-02
1.836158148944377899e-02
2.542372792959213257e-02
2.542372792959213257e-02
2.683615870773792267e-02
1.694915257394313812e-02
1.553672272711992264e-02
3.389830514788627625e-02
1.553672272711992264e-02
2.118644118309020996e-02
2.542372792959213257e-02
3.813559189438819885e-02
2.683615870773792267e-02
2.259887009859085083e-02
2.118644118309020996e-02
3.531073406338691711e-02
2.824858762323856354e-02
2.966101653873920441e-02
3.531073406338691711e-02
3.248587623238563538e-02
3.813559189438819885e-02
3.531073406338691711e-02
3.107344545423984528e-02
3.954802080988883972e-02
5.225988849997520447e-02
4.096045345067977905e-02
6.355932354927062988e-02
5.225988849997520447e-02
6.355932354927062988e-02
5.790960416197776794e-02
7.344632595777511597e-02
5.932203307747840881e-02
8.615819364786148071e-02
9.180790930986404419e-02
1.073446348309516907e-01
1.087570637464523315e-01
1.158192083239555359e-01
1.257062107324600220e-01
1.440677940845489502e-01
1.299435049295425415e-01
1.370056569576263428e-01
1.454802304506301880e-01
1.807909607887268066e-01
1.878531128168106079e-01
1.652542352676391602e-01
1.963276863098144531e-01
1.920903921127319336e-01
1.977401077747344971e-01
2.358757108449935913e-01
2.274011373519897461e-01
2.457627058029174805e-01
2.330508530139923096e-01
2.655367255210876465e-01
2.669491469860076904e-01
2.754237353801727295e-01
2.853107452392578125e-01
2.838982939720153809e-01
2.838982939720153809e-01
3.107344508171081543e-01
3.093220293521881104e-01
3.319208920001983643e-01
3.319208920001983643e-01
3.686440587043762207e-01
3.615819215774536133e-01
3.418079018592834473e-01
3.502824902534484863e-01
3.799434900283813477e-01
3.870056569576263428e-01
3.686440587043762207e-01
3.686440587043762207e-01
3.898304998874664307e-01
4.223163723945617676e-01
3.968926668167114258e-01
3.968926668167114258e-01
4.265536665916442871e-01
4.124293923377990723e-01
4.067796468734741211e-01
4.307909607887268066e-01
4.392655491828918457e-01
4.646892547607421875e-01
4.322033822536468506e-01
4.618644118309020996e-01
4.675141274929046631e-01
4.548022747039794922e-01
4.802259802818298340e-01
4.632768332958221436e-01
4.915254116058349609e-01
4.604519903659820557e-01
4.745762646198272705e-01
4.788135588169097900e-01
4.901129901409149170e-01
5.183615684509277344e-01
4.957627058029174805e-01
4.887005686759948730e-01
5.014124512672424316e-01
5.282486081123352051e-01
5.282486081123352051e-01
4.957627058029174805e-01
5.282486081123352051e-01
5.310734510421752930e-01
5.127118825912475586e-01
5.367231369018554688e-01
5.155367255210876465e-01
5.296609997749328613e-01
5.381355881690979004e-01
5.197740197181701660e-01
5.338982939720153809e-01
5.324859023094177246e-01
5.423728823661804199e-01
5.550847649574279785e-01
5.409604310989379883e-01
5.607344508171081543e-01
5.550847649574279785e-01
5.593220591545104980e-01
5.338982939720153809e-01
5.536723136901855469e-01
5.607344508171081543e-01
5.663841962814331055e-01
5.466101765632629395e-01
5.451977252960205078e-01
5.692090392112731934e-01
5.268361568450927734e-01
5.536723136901855469e-01
5.593220591545104980e-01
5.635592937469482422e-01
5.706214904785156250e-01
5.734463334083557129e-01
5.621469020843505859e-01
5.353107452392578125e-01
5.579096078872680664e-01
5.720338821411132812e-01
5.706214904785156250e-01
5.790960192680358887e-01
5.437853336334228516e-01
5.677965879440307617e-01
5.720338821411132812e-01
5.805084705352783203e-01
6.031073331832885742e-01
5.663841962814331055e-01
5.776836276054382324e-01
5.748587846755981445e-01
5.734463334083557129e-01
5.903954505920410156e-01
5.776836276054382324e-01
5.748587846755981445e-01
5.889830589294433594e-01
5.918079018592834473e-01
5.607344508171081543e-01
6.016949415206909180e-01
5.960451960563659668e-01
5.918079018592834473e-01
5.790960192680358887e-01
5.861582159996032715e-01
5.918079018592834473e-01
5.960451960563659668e-01
5.550847649574279785e-01
6.002824902534484863e-01
6.101694703102111816e-01
6.115819215774536133e-01
6.341807842254638672e-01
6.073446273803710938e-01
6.257061958312988281e-01
6.045197844505310059e-01
6.129943728446960449e-01
6.016949415206909180e-01
6.214689016342163086e-01
6.031073331832885742e-01
6.285310983657836914e-01
6.016949415206909180e-01
6.144067645072937012e-01
6.073446273803710938e-01
6.144067645072937012e-01
6.045197844505310059e-01
6.087570786476135254e-01
6.129943728446960449e-01
5.932203531265258789e-01
6.002824902534484863e-01
6.144067645072937012e-01
6.129943728446960449e-01
6.327683329582214355e-01
6.101694703102111816e-01
6.341807842254638672e-01
6.115819215774536133e-01
6.355932354927062988e-01
6.242938041687011719e-01
6.242938041687011719e-01
6.257061958312988281e-01
6.186440587043762207e-01
