1.459853909909725189e-02
1.605839468538761139e-02
1.605839282274246216e-02
1.605839282274246216e-02
1.459854003041982651e-02
1.459853909909725189e-02
1.605839468538761139e-02
2.116788178682327271e-02
2.116788178682327271e-02
1.970802806317806244e-02
1.605839282274246216e-02
1.751824840903282166e-02
1.021897792816162109e-02
1.459853909909725189e-02
1.970802806317806244e-02
2.043795585632324219e-02
1.532846689224243164e-02
1.824817433953285217e-02
2.116788364946842194e-02
2.043795585632324219e-02
1.751824654638767242e-02
1.897810213267803192e-02
1.678831875324249268e-02
1.459854003041982651e-02
2.262773737311363220e-02
1.897810027003288269e-02
2.116788551211357117e-02
2.043795585632324219e-02
1.459853909909725189e-02
1.751824654638767242e-02
2.335766516625881195e-02
2.773722633719444275e-02
2.773722633719444275e-02
2.116788178682327271e-02
1.824817433953285217e-02
2.116788364946842194e-02
2.262773551046848297e-02
2.481751888990402222e-02
2.262773737311363220e-02
2.481752075254917145e-02
2.627737075090408325e-02
1.897810213267803192e-02
1.897810213267803192e-02
1.897810213267803192e-02
2.189781144261360168e-02
2.627737075090408325e-02
2.262773551046848297e-02
2.627737075090408325e-02
2.700729854404926300e-02
2.481751516461372375e-02
2.846715226769447327e-02
3.211678564548492432e-02
2.700729668140411377e-02
3.357664123177528381e-02
4.525547474622726440e-02
4.525547474622726440e-02
5.547444894909858704e-02
4.744525253772735596e-02
5.328466743230819702e-02
5.474452301859855652e-02
6.861314177513122559e-02
6.131386756896972656e-02
6.861313432455062866e-02
8.248174935579299927e-02
8.394160866737365723e-02
9.416058659553527832e-02
1.014598459005355835e-01
1.065693423151969910e-01
1.072992682456970215e-01
1.087591201066970825e-01
1.021897792816162109e-01
1.138686090707778931e-01
1.189780980348587036e-01
1.211678832769393921e-01
1.350364983081817627e-01
1.343065649271011353e-01
1.335766464471817017e-01
1.394160538911819458e-01
1.489051133394241333e-01
1.474452614784240723e-01
1.773722618818283081e-01
1.832116693258285522e-01
1.700729876756668091e-01
1.875912249088287354e-01
2.087591290473937988e-01
1.934306472539901733e-01
2.211678773164749146e-01
2.255474627017974854e-01
2.350364923477172852e-01
2.299270033836364746e-01
2.474452555179595947e-01
2.751824855804443359e-01
2.540146112442016602e-01
2.627737224102020264e-01
2.810218930244445801e-01
2.613138556480407715e-01
3.043795526027679443e-01
3.160583674907684326e-01
3.014598190784454346e-01
3.043795526027679443e-01
3.167883157730102539e-01
3.335766196250915527e-01
3.189781010150909424e-01
3.437956273555755615e-01
3.430656790733337402e-01
3.474452197551727295e-01
3.452554643154144287e-01
3.569343090057373047e-01
3.474452197551727295e-01
3.635036349296569824e-01
3.883211612701416016e-01
3.773722648620605469e-01
3.868613243103027344e-01
3.810219168663024902e-01
3.817518055438995361e-01
4.043795466423034668e-01
3.678832054138183594e-01
4.138686060905456543e-01
4.116788506507873535e-01
4.036496281623840332e-01
4.109488725662231445e-01
4.197080135345458984e-01
4.182481765747070312e-01
4.204379320144653320e-01
4.255474209785461426e-01
4.211678504943847656e-01
4.357663989067077637e-01
4.328466653823852539e-01
4.233576357364654541e-01
4.401459395885467529e-01
4.532846510410308838e-01
4.547445178031921387e-01
4.496350288391113281e-01
4.481751322746276855e-01
4.635036289691925049e-01
4.554744362831115723e-01
4.642335772514343262e-01
4.781021773815155029e-01
4.620437920093536377e-01
4.832116663455963135e-01
4.627737104892730713e-01
4.868612885475158691e-01
4.985401332378387451e-01
4.810219109058380127e-01
4.766423404216766357e-01
4.868613183498382568e-01
4.642335772514343262e-01
4.970802664756774902e-01
4.846715331077575684e-01
4.890511035919189453e-01
5.058394074440002441e-01
4.729927182197570801e-01
5.153284668922424316e-01
5.167883038520812988e-01
5.175182223320007324e-01
5.072992444038391113e-01
5.240875482559204102e-01
5.000000000000000000e-01
5.167883038520812988e-01
5.138686299324035645e-01
5.189781188964843750e-01
5.233576893806457520e-01
5.284671783447265625e-01
5.284671783447265625e-01
5.233576297760009766e-01
5.350365042686462402e-01
5.218977928161621094e-01
5.248175263404846191e-01
5.364963412284851074e-01
5.423357486724853516e-01
5.160583853721618652e-01
5.240875482559204102e-01
5.452554225921630859e-01
5.401459932327270508e-01
5.270072817802429199e-01
5.372263193130493164e-01
5.554744005203247070e-01
5.510948300361633301e-01
5.532846450805664062e-01
5.605838894844055176e-01
5.481751561164855957e-01
5.744525790214538574e-01
5.598540306091308594e-01
5.547445416450500488e-01
5.656933784484863281e-01
5.635036230087280273e-01
5.605838894844055176e-01
5.824816823005676270e-01
5.583941340446472168e-01
5.744525194168090820e-01
5.598539710044860840e-01
5.525547266006469727e-01
5.540145635604858398e-01
5.635036230087280273e-01
5.700729489326477051e-01
5.678831934928894043e-01
5.861313939094543457e-01
5.781021714210510254e-01
5.751824975013732910e-01
5.759123563766479492e-01
