1.374128103256225586e+00
2.686122655868530273e+00
3.955193519592285156e+00
5.235435247421264648e+00
6.536781549453735352e+00
7.793531179428100586e+00
9.064629077911376953e+00
1.039955496788024902e+01
1.169529581069946289e+01
1.297538352012634277e+01
1.425337886810302734e+01
1.553343224525451660e+01
1.681649899482727051e+01
1.809961080551147461e+01
1.939085364341735840e+01
2.066206908226013184e+01
2.195326995849609375e+01
2.330138206481933594e+01
2.458561301231384277e+01
2.589728641510009766e+01
2.721093082427978516e+01
2.851337599754333496e+01
2.981242489814758301e+01
3.111165189743041992e+01
3.240291523933410645e+01
3.369250059127807617e+01
3.497184491157531738e+01
3.625079417228698730e+01
3.752021169662475586e+01
3.883407449722290039e+01
4.012121272087097168e+01
4.141603374481201172e+01
4.268986701965332031e+01
4.399379301071166992e+01
4.527623057365417480e+01
4.656629681587219238e+01
4.796469831466674805e+01
4.925774455070495605e+01
5.054606652259826660e+01
5.182674837112426758e+01
5.311922478675842285e+01
5.440942358970642090e+01
5.569418311119079590e+01
5.699041342735290527e+01
5.828802371025085449e+01
5.960376811027526855e+01
6.088492441177368164e+01
6.217386794090270996e+01
6.347803306579589844e+01
6.477317380905151367e+01
6.605727124214172363e+01
6.736742281913757324e+01
6.865663433074951172e+01
6.994492840766906738e+01
7.123393177986145020e+01
7.254686331748962402e+01
7.384803676605224609e+01
7.513521718978881836e+01
7.643112039566040039e+01
7.774880003929138184e+01
7.907590055465698242e+01
8.036536383628845215e+01
8.167673563957214355e+01
8.296668243408203125e+01
8.425349521636962891e+01
8.554773688316345215e+01
8.686103081703186035e+01
8.816115498542785645e+01
8.945816683769226074e+01
9.075911092758178711e+01
9.204322052001953125e+01
9.334443712234497070e+01
9.463434195518493652e+01
9.593255448341369629e+01
9.723767304420471191e+01
9.854010748863220215e+01
9.982037687301635742e+01
1.011281120777130127e+02
1.024360392093658447e+02
1.037402186393737793e+02
1.050543513298034668e+02
1.063743679523468018e+02
1.077542181015014648e+02
1.090565135478973389e+02
1.104368877410888672e+02
1.117470028400421143e+02
1.130538465976715088e+02
1.143627729415893555e+02
1.156561274528503418e+02
1.169634401798248291e+02
1.183437016010284424e+02
1.196726043224334717e+02
1.209817366600036621e+02
1.222766258716583252e+02
1.235665919780731201e+02
1.248747122287750244e+02
1.261839320659637451e+02
1.274886803627014160e+02
1.287919590473175049e+02
1.301141121387481689e+02
1.314221124649047852e+02
1.327280666828155518e+02
1.340181097984313965e+02
1.353221454620361328e+02
1.366321079730987549e+02
1.379597892761230469e+02
1.392765648365020752e+02
1.405836861133575439e+02
1.419020755290985107e+02
1.431831114292144775e+02
1.444830222129821777e+02
1.457903475761413574e+02
1.470835523605346680e+02
1.484127478599548340e+02
1.497205114364624023e+02
1.510367558002471924e+02
1.523468418121337891e+02
1.536904721260070801e+02
1.549927477836608887e+02
1.562906296253204346e+02
1.575827507972717285e+02
1.589111449718475342e+02
1.602166249752044678e+02
1.615220851898193359e+02
1.628533093929290771e+02
1.641724510192871094e+02
1.654625360965728760e+02
1.667733035087585449e+02
1.681019377708435059e+02
1.694398450851440430e+02
1.707726035118103027e+02
1.720907614231109619e+02
1.733961424827575684e+02
1.747168023586273193e+02
1.760510029792785645e+02
1.773571889400482178e+02
1.786922099590301514e+02
1.799986324310302734e+02
1.812938973903656006e+02
1.826146886348724365e+02
1.839388120174407959e+02
1.852640609741210938e+02
1.865939850807189941e+02
1.879214525222778320e+02
1.892503166198730469e+02
1.905555374622344971e+02
1.918527925014495850e+02
1.932499392032623291e+02
1.945571854114532471e+02
1.958594489097595215e+02
1.972042026519775391e+02
1.985227861404418945e+02
1.998364617824554443e+02
2.011696610450744629e+02
2.024899401664733887e+02
2.038332390785217285e+02
2.051594891548156738e+02
2.064916784763336182e+02
2.078201856613159180e+02
2.091414361000061035e+02
2.104621894359588623e+02
2.117952446937561035e+02
2.131194665431976318e+02
2.144604599475860596e+02
2.157937166690826416e+02
2.171290054321289062e+02
2.184750785827636719e+02
2.198202641010284424e+02
2.211553597450256348e+02
2.224880971908569336e+02
2.238087468147277832e+02
2.251416985988616943e+02
2.264992527961730957e+02
2.278379197120666504e+02
2.291769554615020752e+02
2.305090990066528320e+02
2.318761286735534668e+02
2.331902756690979004e+02
2.345251691341400146e+02
2.358706047534942627e+02
2.372022254467010498e+02
2.385429630279541016e+02
2.398777213096618652e+02
2.412299480438232422e+02
2.425681869983673096e+02
2.439001808166503906e+02
2.452393414974212646e+02
2.465722243785858154e+02
2.478921773433685303e+02
2.492404444217681885e+02
2.505582449436187744e+02
2.519180955886840820e+02
2.532440466880798340e+02
2.545742721557617188e+02
2.559086554050445557e+02
2.572590227127075195e+02
2.585819015502929688e+02
2.599302396774291992e+02
2.612667891979217529e+02
2.626021502017974854e+02
