1.474457263946533203e+00
2.813508749008178711e+00
4.155368328094482422e+00
5.489432096481323242e+00
6.845261573791503906e+00
8.169463396072387695e+00
9.512567996978759766e+00
1.085759830474853516e+01
1.222427248954772949e+01
1.354831099510192871e+01
1.511657547950744629e+01
1.643760395050048828e+01
1.779670715332031250e+01
1.920099949836730957e+01
2.054880118370056152e+01
2.189915895462036133e+01
2.326732587814331055e+01
2.459891009330749512e+01
2.592394089698791504e+01
2.722790169715881348e+01
2.856694054603576660e+01
2.992619729042053223e+01
3.124113416671752930e+01
3.259630870819091797e+01
3.392421102523803711e+01
3.526825189590454102e+01
3.660851550102233887e+01
3.795832610130310059e+01
3.930036067962646484e+01
4.062682437896728516e+01
4.193883657455444336e+01
4.328656029701232910e+01
4.464933371543884277e+01
4.600538706779479980e+01
4.736324286460876465e+01
4.874338078498840332e+01
5.009331393241882324e+01
5.141299414634704590e+01
5.274323296546936035e+01
5.407278013229370117e+01
5.544799828529357910e+01
5.683916258811950684e+01
5.818697166442871094e+01
5.953869462013244629e+01
6.086175465583801270e+01
6.223281049728393555e+01
6.359535336494445801e+01
6.492477679252624512e+01
6.628511309623718262e+01
6.764723229408264160e+01
6.897930240631103516e+01
7.033714199066162109e+01
7.166005802154541016e+01
7.302213001251220703e+01
7.436817288398742676e+01
7.572008943557739258e+01
7.703706359863281250e+01
7.839202070236206055e+01
7.977124619483947754e+01
8.114405012130737305e+01
8.251461696624755859e+01
8.383522963523864746e+01
8.515623140335083008e+01
8.648883318901062012e+01
8.789232087135314941e+01
8.924171781539916992e+01
9.058902049064636230e+01
9.191694521903991699e+01
9.325845050811767578e+01
9.462085556983947754e+01
9.602100467681884766e+01
9.736459898948669434e+01
9.872894048690795898e+01
1.000615170001983643e+02
1.014043533802032471e+02
1.027834579944610596e+02
1.041583652496337891e+02
1.055347142219543457e+02
1.069060394763946533e+02
1.082971699237823486e+02
1.095962557792663574e+02
1.109401383399963379e+02
1.123055417537689209e+02
1.136271033287048340e+02
1.149708907604217529e+02
1.163369472026824951e+02
1.176922755241394043e+02
1.190742461681365967e+02
1.204265995025634766e+02
1.217616789340972900e+02
1.231137342453002930e+02
1.244894847869873047e+02
1.258449599742889404e+02
1.272541346549987793e+02
1.285995366573333740e+02
1.300268425941467285e+02
1.314360184669494629e+02
1.328359642028808594e+02
1.343410029411315918e+02
1.356999754905700684e+02
1.371161124706268311e+02
1.384937381744384766e+02
1.398635573387145996e+02
1.412256662845611572e+02
1.426661162376403809e+02
1.440757520198822021e+02
1.454777202606201172e+02
1.468744399547576904e+02
1.482835991382598877e+02
1.496641466617584229e+02
1.510643553733825684e+02
1.525022218227386475e+02
1.539034206867218018e+02
1.552434732913970947e+02
1.566255476474761963e+02
1.580140030384063721e+02
1.594123289585113525e+02
1.608392622470855713e+02
1.622382640838623047e+02
1.636964523792266846e+02
1.651143646240234375e+02
1.665433154106140137e+02
1.679586324691772461e+02
1.694074888229370117e+02
1.708332056999206543e+02
1.722217311859130859e+02
1.736129882335662842e+02
1.750055229663848877e+02
1.764241213798522949e+02
1.778353617191314697e+02
1.793542675971984863e+02
1.807717130184173584e+02
1.822171440124511719e+02
1.836692090034484863e+02
1.850898084640502930e+02
1.865122518539428711e+02
1.879392962455749512e+02
1.893392751216888428e+02
1.907711749076843262e+02
1.922012662887573242e+02
1.936508204936981201e+02
1.950980751514434814e+02
1.965204272270202637e+02
1.979667518138885498e+02
1.993678936958312988e+02
2.008051981925964355e+02
2.021898927688598633e+02
2.036110379695892334e+02
2.050498833656311035e+02
2.064898209571838379e+02
2.078646993637084961e+02
2.093380105495452881e+02
2.107619466781616211e+02
2.122251291275024414e+02
2.136511666774749756e+02
2.150759267807006836e+02
2.164630277156829834e+02
2.178234004974365234e+02
2.192089707851409912e+02
2.205719959735870361e+02
2.219862704277038574e+02
2.233964068889617920e+02
2.248261394500732422e+02
2.262347500324249268e+02
2.276174349784851074e+02
2.290116331577301025e+02
2.302966442108154297e+02
2.315676157474517822e+02
2.328028125762939453e+02
2.340540628433227539e+02
2.353033068180084229e+02
2.365468471050262451e+02
2.377526955604553223e+02
2.390068597793579102e+02
2.402533245086669922e+02
2.416284985542297363e+02
2.428637447357177734e+02
2.441094548702239990e+02
2.453587522506713867e+02
2.466130292415618896e+02
2.478679068088531494e+02
2.490979676246643066e+02
2.503280749320983887e+02
2.515695638656616211e+02
2.527856550216674805e+02
2.540358755588531494e+02
2.552669155597686768e+02
2.565329301357269287e+02
2.577696406841278076e+02
2.590168986320495605e+02
2.602281744480133057e+02
2.614813568592071533e+02
2.627571818828582764e+02
2.639903426170349121e+02
2.652238292694091797e+02
2.664734635353088379e+02
2.677051141262054443e+02
2.689369411468505859e+02
2.701577243804931641e+02
2.714157330989837646e+02
