1.312779664993286133e+00
2.559408426284790039e+00
3.787224769592285156e+00
4.996984720230102539e+00
6.241867780685424805e+00
7.468859910964965820e+00
8.695831775665283203e+00
9.956350088119506836e+00
1.120028424263000488e+01
1.248366665840148926e+01
1.372052812576293945e+01
1.496971344947814941e+01
1.621647524833679199e+01
1.744197297096252441e+01
1.870248842239379883e+01
1.995748066902160645e+01
2.118926405906677246e+01
2.243553400039672852e+01
2.366453456878662109e+01
2.489774847030639648e+01
2.613492631912231445e+01
2.737302327156066895e+01
2.860816216468811035e+01
2.984208083152770996e+01
3.106751084327697754e+01
3.231512904167175293e+01
3.355423998832702637e+01
3.479617142677307129e+01
3.603750896453857422e+01
3.728368020057678223e+01
3.851188874244689941e+01
3.975808858871459961e+01
4.106642222404479980e+01
4.229960393905639648e+01
4.354269170761108398e+01
4.478969097137451172e+01
4.602839303016662598e+01
4.727525377273559570e+01
4.852713823318481445e+01
4.975805425643920898e+01
5.101024317741394043e+01
5.224911165237426758e+01
5.351217222213745117e+01
5.473939323425292969e+01
5.599260115623474121e+01
5.722867918014526367e+01
5.846001601219177246e+01
5.971327757835388184e+01
6.094735932350158691e+01
6.220260429382324219e+01
6.345542025566101074e+01
6.470310163497924805e+01
6.595917439460754395e+01
6.721323895454406738e+01
6.844861507415771484e+01
6.970539593696594238e+01
7.095779824256896973e+01
7.221853804588317871e+01
7.347160339355468750e+01
7.473573470115661621e+01
7.598604655265808105e+01
7.723185348510742188e+01
7.848056268692016602e+01
7.971563863754272461e+01
8.096525406837463379e+01
8.221889233589172363e+01
8.345206379890441895e+01
8.469871401786804199e+01
8.605563712120056152e+01
8.730244708061218262e+01
8.854237079620361328e+01
8.977891230583190918e+01
9.102260637283325195e+01
9.227367877960205078e+01
9.352570247650146484e+01
9.478783273696899414e+01
9.604868388175964355e+01
9.730079817771911621e+01
9.853809642791748047e+01
9.979242730140686035e+01
1.010334742069244385e+02
1.022916204929351807e+02
1.035313920974731445e+02
1.047909827232360840e+02
1.060640649795532227e+02
1.073094916343688965e+02
1.085487666130065918e+02
1.098033912181854248e+02
1.110363430976867676e+02
1.123033249378204346e+02
1.135696918964385986e+02
1.148115432262420654e+02
1.160725920200347900e+02
1.173357620239257812e+02
1.185855166912078857e+02
1.198380527496337891e+02
1.210769906044006348e+02
1.223452055454254150e+02
1.235811548233032227e+02
1.249152441024780273e+02
1.261713569164276123e+02
1.274124422073364258e+02
1.287465808391571045e+02
1.300098614692687988e+02
1.312647149562835693e+02
1.325330913066864014e+02
1.337769262790679932e+02
1.350388977527618408e+02
1.362940044403076172e+02
1.375602138042449951e+02
1.388493802547454834e+02
1.401105334758758545e+02
1.413523352146148682e+02
1.426105375289916992e+02
1.438829576969146729e+02
1.451297469139099121e+02
1.464365837574005127e+02
1.477047364711761475e+02
1.489508707523345947e+02
1.501940948963165283e+02
1.514520914554595947e+02
1.527151947021484375e+02
1.539634299278259277e+02
1.552253074645996094e+02
1.564802379608154297e+02
1.577484126091003418e+02
1.590318508148193359e+02
1.602841038703918457e+02
1.615645556449890137e+02
1.628198323249816895e+02
1.640888628959655762e+02
1.653592720031738281e+02
1.666231157779693604e+02
1.678772294521331787e+02
1.691353683471679688e+02
1.704283797740936279e+02
1.716752140522003174e+02
1.729355006217956543e+02
1.742169699668884277e+02
1.754840805530548096e+02
1.767641406059265137e+02
1.780500669479370117e+02
1.794172770977020264e+02
1.806634304523468018e+02
1.819465529918670654e+02
1.832116739749908447e+02
1.844898147583007812e+02
1.857631154060363770e+02
1.870588560104370117e+02
1.883193624019622803e+02
1.896079130172729492e+02
1.908767893314361572e+02
1.921460373401641846e+02
1.934035346508026123e+02
1.946866345405578613e+02
1.959903132915496826e+02
1.972511520385742188e+02
1.985278289318084717e+02
1.998102104663848877e+02
2.010843629837036133e+02
2.023697266578674316e+02
2.036658775806427002e+02
2.049392940998077393e+02
2.062273690700531006e+02
2.075102534294128418e+02
2.087854406833648682e+02
2.100581245422363281e+02
2.113371920585632324e+02
2.126123402118682861e+02
2.138853800296783447e+02
2.151596488952636719e+02
2.164358189105987549e+02
2.177187693119049072e+02
2.190180099010467529e+02
2.202944900989532471e+02
2.215820808410644531e+02
2.228619384765625000e+02
2.241459898948669434e+02
2.254272069931030273e+02
2.267263052463531494e+02
2.280323479175567627e+02
2.293277347087860107e+02
2.306318566799163818e+02
2.319202806949615479e+02
2.331945061683654785e+02
2.344644463062286377e+02
2.357355129718780518e+02
2.369926760196685791e+02
2.382808542251586914e+02
2.395700879096984863e+02
2.408472337722778320e+02
2.421455330848693848e+02
2.434422967433929443e+02
2.447176005840301514e+02
2.460123324394226074e+02
2.473023226261138916e+02
2.485895154476165771e+02
2.498659019470214844e+02
2.511603736877441406e+02
2.524545309543609619e+02
