2.049303770065307617e+00
3.639972448348999023e+00
5.268887281417846680e+00
6.932947158813476562e+00
8.554517507553100586e+00
1.017846012115478516e+01
1.181787729263305664e+01
1.345409178733825684e+01
1.506120896339416504e+01
1.670395112037658691e+01
1.832443857192993164e+01
1.994344663619995117e+01
2.153932762145996094e+01
2.317795038223266602e+01
2.480828213691711426e+01
2.641488718986511230e+01
2.802643823623657227e+01
2.965047407150268555e+01
3.129517054557800293e+01
3.291335320472717285e+01
3.456532073020935059e+01
3.620681762695312500e+01
3.801242160797119141e+01
3.963457560539245605e+01
4.125622868537902832e+01
4.286687421798706055e+01
4.448402476310729980e+01
4.610517787933349609e+01
4.772533059120178223e+01
4.933697772026062012e+01
5.096413421630859375e+01
5.259929800033569336e+01
5.423346018791198730e+01
5.583760166168212891e+01
5.746826052665710449e+01
5.906989979743957520e+01
6.076360464096069336e+01
6.239526605606079102e+01
6.400641107559204102e+01
6.564357566833496094e+01
6.729975438117980957e+01
6.894442439079284668e+01
7.058208894729614258e+01
7.220374298095703125e+01
7.381438755989074707e+01
7.548607659339904785e+01
7.712874650955200195e+01
7.874489521980285645e+01
8.035954356193542480e+01
8.187163400650024414e+01
8.328716301918029785e+01
8.471167659759521484e+01
8.610316634178161621e+01
8.753668594360351562e+01
8.897821235656738281e+01
9.039171648025512695e+01
9.184425020217895508e+01
9.328827738761901855e+01
9.472179722785949707e+01
9.616082048416137695e+01
9.758433341979980469e+01
9.902735972404479980e+01
1.004888989925384521e+02
1.019144134521484375e+02
1.033314211368560791e+02
1.047469282150268555e+02
1.061424205303192139e+02
1.075774412155151367e+02
1.090124619007110596e+02
1.104254670143127441e+02
1.118644909858703613e+02
1.133135216236114502e+02
1.147595503330230713e+02
1.162090809345245361e+02
1.176726226806640625e+02
1.191121461391448975e+02
1.205766878128051758e+02
1.220482347011566162e+02
1.234862575531005859e+02
1.249102702140808105e+02
1.263457915782928467e+02
1.278213415145874023e+02
1.294374907016754150e+02
1.309440896511077881e+02
1.324146356582641602e+02
1.339162039756774902e+02
1.355193443298339844e+02
1.370229218006134033e+02
1.384830610752105713e+02
1.399456014633178711e+02
1.414441678524017334e+02
1.430448060035705566e+02
1.445083470344543457e+02
1.459848973751068115e+02
1.474729564189910889e+02
1.490265610218048096e+02
1.505306313037872314e+02
1.519806773662567139e+02
1.534352116584777832e+02
1.549162654876708984e+02
1.564903845787048340e+02
1.579519243240356445e+02
1.593999543190002441e+02
1.608284704685211182e+02
1.622965145111083984e+02
1.637830727100372314e+02
1.652220954895019531e+02
1.667126555442810059e+02
1.681977121829986572e+02
1.696552495956420898e+02
1.711162884235382080e+02
1.725688216686248779e+02
1.740268588066101074e+02
1.755329301357269287e+02
1.770204877853393555e+02
1.784845299720764160e+02
1.799430665969848633e+02
1.814311258792877197e+02
1.829161822795867920e+02
1.843837256431579590e+02
1.858477668762207031e+02
1.873128092288970947e+02
1.887478299140930176e+02
1.902508988380432129e+02
1.917684783935546875e+02
1.934621345996856689e+02
1.949511935710906982e+02
1.964657714366912842e+02
1.979293122291564941e+02
1.994163701534271240e+02
2.009029271602630615e+02
2.024029943943023682e+02
2.038725395202636719e+02
2.053530929088592529e+02
2.068356475830078125e+02
2.083156998157501221e+02
2.098057596683502197e+02
2.113138332366943359e+02
2.128539280891418457e+02
2.143309788703918457e+02
2.158200387954711914e+02
2.173080961704254150e+02
2.190428307056427002e+02
2.205038697719573975e+02
2.219764175415039062e+02
2.234524669647216797e+02
2.249315195083618164e+02
2.264235806465148926e+02
2.278851201534271240e+02
2.293456590175628662e+02
2.308352191448211670e+02
2.323042633533477783e+02
2.337723078727722168e+02
2.352513611316680908e+02
2.367224059104919434e+02
2.381914510726928711e+02
2.396820116043090820e+02
2.411805779933929443e+02
2.426676344871520996e+02
2.441476881504058838e+02
2.456432518959045410e+02
2.471052916049957275e+02
2.485978996753692627e+02
2.500594391822814941e+02
2.515765180587768555e+02
2.530175430774688721e+02
2.544875893592834473e+02
2.559611370563507080e+02
2.574461941719055176e+02
2.589142379760742188e+02
2.604128038883209229e+02
2.619498975276947021e+02
2.634449603557586670e+02
2.649054992198944092e+02
2.663880813121795654e+02
2.678811428546905518e+02
2.694382503032684326e+02
2.709278106689453125e+02
2.724128668308258057e+02
2.738719041347503662e+02
2.753694694042205811e+02
2.769035606384277344e+02
2.784021265506744385e+02
2.798681697845458984e+02
2.813547375202178955e+02
2.828397941589355469e+02
2.843173451423645020e+02
2.857943954467773438e+02
2.872719466686248779e+02
2.887710127830505371e+02
2.902465624809265137e+02
2.917281162738800049e+02
2.931881546974182129e+02
2.946812167167663574e+02
2.961177392005920410e+02
2.975747754573822021e+02
2.990793452262878418e+02
3.005854165554046631e+02
3.020549626350402832e+02
3.035575306415557861e+02
