1.463414635509252548e-02
1.707316935062408447e-02
2.195121720433235168e-02
1.951219514012336731e-02
1.219512149691581726e-02
1.463414635509252548e-02
1.707316935062408447e-02
2.195121720433235168e-02
2.195122092962265015e-02
2.682926878333091736e-02
1.219512149691581726e-02
2.195121720433235168e-02
1.219512149691581726e-02
1.707316935062408447e-02
1.951219514012336731e-02
1.463414542376995087e-02
2.439024392515420914e-03
2.439024299383163452e-02
1.707316935062408447e-02
2.195121906697750092e-02
1.463414635509252548e-02
7.317073177546262741e-03
1.219512149691581726e-02
2.195122092962265015e-02
2.195121720433235168e-02
9.756097570061683655e-03
2.195121906697750092e-02
1.951219514012336731e-02
2.439024299383163452e-02
2.195121906697750092e-02
2.195122092962265015e-02
2.682926692068576813e-02
2.439024113118648529e-02
2.682926692068576813e-02
2.682926692068576813e-02
2.439024299383163452e-02
2.682926692068576813e-02
3.902439028024673462e-02
2.926829084753990173e-02
2.682926878333091736e-02
4.878048598766326904e-02
3.902439028024673462e-02
3.902439028024673462e-02
3.902439400553703308e-02
4.878048598766326904e-02
6.829267740249633789e-02
6.585365533828735352e-02
4.878048598766326904e-02
6.097561120986938477e-02
6.341463327407836914e-02
7.560975849628448486e-02
7.317072898149490356e-02
7.317072898149490356e-02
8.048780262470245361e-02
9.512194991111755371e-02
9.756097197532653809e-02
9.024390578269958496e-02
9.024389833211898804e-02
1.097560897469520569e-01
1.219512224197387695e-01
1.170731708407402039e-01
1.390243917703628540e-01
1.243902444839477539e-01
1.463414579629898071e-01
1.731707453727722168e-01
1.463414579629898071e-01
1.487804800271987915e-01
1.463414579629898071e-01
1.560975611209869385e-01
1.780487746000289917e-01
1.536585241556167603e-01
1.853658556938171387e-01
1.658536642789840698e-01
1.926829218864440918e-01
1.926829367876052856e-01
1.926829218864440918e-01
2.097561061382293701e-01
2.000000029802322388e-01
2.048780322074890137e-01
1.975609660148620605e-01
2.317073047161102295e-01
2.268292605876922607e-01
2.024390101432800293e-01
2.536585330963134766e-01
2.414633929729461670e-01
2.292682975530624390e-01
2.365853488445281982e-01
2.487804889678955078e-01
2.292682826519012451e-01
2.414634078741073608e-01
2.926829159259796143e-01
2.536585330963134766e-01
2.902439236640930176e-01
2.439024150371551514e-01
2.390243709087371826e-01
3.268292546272277832e-01
2.975609600543975830e-01
2.878048717975616455e-01
2.902438938617706299e-01
3.048780560493469238e-01
3.195121884346008301e-01
2.975609600543975830e-01
3.292682766914367676e-01
3.219512104988098145e-01
2.926829159259796143e-01
3.146341443061828613e-01
3.243902325630187988e-01
3.463414609432220459e-01
3.560975790023803711e-01
3.195121884346008301e-01
3.219512403011322021e-01
3.463414609432220459e-01
3.365854024887084961e-01
3.512195348739624023e-01
3.707317113876342773e-01
3.243902325630187988e-01
3.512195050716400146e-01
3.853658139705657959e-01
3.634146451950073242e-01
3.926829099655151367e-01
3.902438879013061523e-01
3.560975492000579834e-01
3.853658735752105713e-01
3.731707334518432617e-01
4.121951162815093994e-01
4.097560942173004150e-01
3.756097853183746338e-01
4.121951460838317871e-01
4.073170423507690430e-01
3.853658437728881836e-01
3.951219320297241211e-01
3.975609540939331055e-01
4.097560942173004150e-01
4.243902564048767090e-01
4.268292784690856934e-01
3.853658735752105713e-01
3.902438879013061523e-01
4.243902266025543213e-01
4.317072927951812744e-01
3.756097555160522461e-01
4.292682707309722900e-01
4.243902266025543213e-01
4.439024329185485840e-01
4.243902564048767090e-01
4.341463446617126465e-01
4.317072927951812744e-01
4.512195289134979248e-01
4.536585509777069092e-01
4.414634406566619873e-01
4.341463446617126465e-01
4.390243887901306152e-01
4.243901968002319336e-01
4.292682707309722900e-01
4.170731902122497559e-01
4.634146392345428467e-01
4.512195587158203125e-01
4.902438819408416748e-01
5.048780441284179688e-01
4.439024329185485840e-01
4.609755873680114746e-01
4.609756171703338623e-01
4.707317054271697998e-01
4.682926833629608154e-01
4.658536911010742188e-01
4.463414549827575684e-01
4.463414251804351807e-01
4.829268157482147217e-01
5.292683243751525879e-01
4.682927131652832031e-01
4.487804770469665527e-01
4.682926833629608154e-01
4.926829040050506592e-01
5.048780441284179688e-01
4.902438819408416748e-01
4.999999701976776123e-01
4.731707274913787842e-01
5.195121765136718750e-01
4.829268157482147217e-01
4.902439117431640625e-01
4.804877936840057373e-01
5.341463088989257812e-01
4.853658378124237061e-01
5.195121765136718750e-01
5.097560882568359375e-01
4.926829040050506592e-01
4.853658378124237061e-01
4.707317054271697998e-01
4.878048598766326904e-01
4.999999701976776123e-01
5.292682647705078125e-01
5.048780441284179688e-01
5.292682647705078125e-01
5.121951103210449219e-01
5.146341323852539062e-01
5.121951103210449219e-01
4.902438819408416748e-01
4.853658378124237061e-01
5.146341323852539062e-01
4.975609481334686279e-01
4.829268157482147217e-01
