9.756097570061683655e-03
1.951219514012336731e-02
2.439024113118648529e-02
9.756097570061683655e-03
9.756097570061683655e-03
1.463414542376995087e-02
1.219512149691581726e-02
1.219512149691581726e-02
1.707316935062408447e-02
2.195121720433235168e-02
2.195121906697750092e-02
7.317073177546262741e-03
1.463414542376995087e-02
9.756097570061683655e-03
1.219512149691581726e-02
1.707316935062408447e-02
2.682926878333091736e-02
1.707316935062408447e-02
2.439024299383163452e-02
1.219512149691581726e-02
1.463414542376995087e-02
1.219512149691581726e-02
2.682926878333091736e-02
1.219512149691581726e-02
1.707316935062408447e-02
2.195121720433235168e-02
1.951219514012336731e-02
1.463414635509252548e-02
1.463414542376995087e-02
1.951219514012336731e-02
1.951219514012336731e-02
1.219512149691581726e-02
2.926829271018505096e-02
1.219512149691581726e-02
2.195121906697750092e-02
4.878048785030841827e-03
1.951219514012336731e-02
1.463414635509252548e-02
1.951219327747821808e-02
2.682926692068576813e-02
2.195121720433235168e-02
1.951219327747821808e-02
9.756097570061683655e-03
1.951219327747821808e-02
1.707316935062408447e-02
1.707317121326923370e-02
1.951219327747821808e-02
1.951219327747821808e-02
2.926829271018505096e-02
4.146341234445571899e-02
2.439024113118648529e-02
4.146341234445571899e-02
3.902439028024673462e-02
2.682926878333091736e-02
4.146341234445571899e-02
3.658536449074745178e-02
5.365853384137153625e-02
6.585365533828735352e-02
4.634146392345428467e-02
8.048780262470245361e-02
6.341463327407836914e-02
5.853658169507980347e-02
7.560975849628448486e-02
8.048780262470245361e-02
8.048780262470245361e-02
8.536584675312042236e-02
1.073170676827430725e-01
8.536584675312042236e-02
7.073170691728591919e-02
1.097560971975326538e-01
1.341463327407836914e-01
1.268292665481567383e-01
1.170731782913208008e-01
1.560975611209869385e-01
1.146341487765312195e-01
1.317073106765747070e-01
1.414634287357330322e-01
1.731707304716110229e-01
1.634146273136138916e-01
1.365853697061538696e-01
1.463414579629898071e-01
1.951219439506530762e-01
2.073170840740203857e-01
1.658536642789840698e-01
1.878048628568649292e-01
2.073170691728591919e-01
2.073170542716979980e-01
2.097560912370681763e-01
2.146341502666473389e-01
2.170731574296951294e-01
2.341463416814804077e-01
2.414634227752685547e-01
2.243902385234832764e-01
2.487804591655731201e-01
2.463414520025253296e-01
2.463414520025253296e-01
2.536585330963134766e-01
2.585365772247314453e-01
2.780487835407257080e-01
2.682926952838897705e-01
2.682926654815673828e-01
2.536585330963134766e-01
2.804877758026123047e-01
2.512195110321044922e-01
2.707316875457763672e-01
3.097560703754425049e-01
2.951219379901885986e-01
3.219512104988098145e-01
3.243902325630187988e-01
3.024390339851379395e-01
3.195121884346008301e-01
3.195122182369232178e-01
3.121950924396514893e-01
3.414633870124816895e-01
3.536585569381713867e-01
3.317073285579681396e-01
3.317073285579681396e-01
3.634146153926849365e-01
3.560975492000579834e-01
3.341463208198547363e-01
3.707317113876342773e-01
3.463414907455444336e-01
3.707317113876342773e-01
3.585366010665893555e-01
3.756097555160522461e-01
3.585365712642669678e-01
3.512194752693176270e-01
3.585365414619445801e-01
4.000000059604644775e-01
4.121951162815093994e-01
3.951219618320465088e-01
4.048780500888824463e-01
4.121951162815093994e-01
3.560975492000579834e-01
4.390243589878082275e-01
4.024390578269958496e-01
3.975609540939331055e-01
4.146341383457183838e-01
4.048780500888824463e-01
4.048780202865600586e-01
3.999999761581420898e-01
3.829268217086791992e-01
3.975609838962554932e-01
4.097560942173004150e-01
4.268292486667633057e-01
4.097560942173004150e-01
4.268292784690856934e-01
4.146341681480407715e-01
4.292682707309722900e-01
4.195121824741363525e-01
4.219512343406677246e-01
3.878048658370971680e-01
4.000000059604644775e-01
4.219511747360229492e-01
4.219512343406677246e-01
4.560975134372711182e-01
4.439024329185485840e-01
4.414633810520172119e-01
4.341463148593902588e-01
4.317073225975036621e-01
4.707316756248474121e-01
4.804877936840057373e-01
4.365853667259216309e-01
4.658536314964294434e-01
5.024389624595642090e-01
4.536585211753845215e-01
4.926829338073730469e-01
4.414633810520172119e-01
4.731706976890563965e-01
4.487804472446441650e-01
4.634146094322204590e-01
4.585365951061248779e-01
4.829268157482147217e-01
4.682926833629608154e-01
4.463414549827575684e-01
4.804877936840057373e-01
4.487805366516113281e-01
4.634146094322204590e-01
4.902438521385192871e-01
4.560975432395935059e-01
4.634146392345428467e-01
5.170731544494628906e-01
4.926829040050506592e-01
4.609755873680114746e-01
4.926828742027282715e-01
4.634146094322204590e-01
4.829268455505371094e-01
4.902438819408416748e-01
4.804877638816833496e-01
4.926829040050506592e-01
4.878048896789550781e-01
5.048779845237731934e-01
5.121951103210449219e-01
5.121951103210449219e-01
4.658536314964294434e-01
4.560975432395935059e-01
5.292682647705078125e-01
5.121951103210449219e-01
4.951219558715820312e-01
5.268292427062988281e-01
