1.951219327747821808e-02
1.219512149691581726e-02
1.951219327747821808e-02
9.756097570061683655e-03
2.195121906697750092e-02
1.707316935062408447e-02
1.951219514012336731e-02
1.463414635509252548e-02
7.317073177546262741e-03
7.317073177546262741e-03
1.219512149691581726e-02
1.707316935062408447e-02
1.219512149691581726e-02
3.170731663703918457e-02
9.756097570061683655e-03
1.463414542376995087e-02
4.878048785030841827e-03
1.707317121326923370e-02
1.951219514012336731e-02
3.170732036232948303e-02
1.707316935062408447e-02
9.756097570061683655e-03
1.463414635509252548e-02
2.439024299383163452e-02
2.926829084753990173e-02
1.463414542376995087e-02
1.951219514012336731e-02
1.951219327747821808e-02
2.926829271018505096e-02
2.439024299383163452e-02
2.439024299383163452e-02
3.414634242653846741e-02
3.658536821603775024e-02
2.439024299383163452e-02
4.634146392345428467e-02
3.414634242653846741e-02
4.390243440866470337e-02
3.658536449074745178e-02
1.951219514012336731e-02
4.634146764874458313e-02
4.634146019816398621e-02
3.658536821603775024e-02
4.390243813395500183e-02
6.097561120986938477e-02
4.878048598766326904e-02
5.853658542037010193e-02
4.634146019816398621e-02
7.317072898149490356e-02
6.097561120986938477e-02
7.073170691728591919e-02
7.804878056049346924e-02
6.829268485307693481e-02
9.268292784690856934e-02
1.024390235543251038e-01
1.048780530691146851e-01
9.512194991111755371e-02
9.756098687648773193e-02
1.170731782913208008e-01
1.219512149691581726e-01
1.365853548049926758e-01
1.121951192617416382e-01
1.585365831851959229e-01
1.341463327407836914e-01
1.463414579629898071e-01
1.536585390567779541e-01
1.536585390567779541e-01
1.560975611209869385e-01
1.634146273136138916e-01
1.951219439506530762e-01
1.878048777580261230e-01
1.707316935062408447e-01
1.829268336296081543e-01
1.902438998222351074e-01
2.073170840740203857e-01
2.219512164592742920e-01
2.195122092962265015e-01
2.414634227752685547e-01
2.195121943950653076e-01
2.268292754888534546e-01
2.365853786468505859e-01
2.414633929729461670e-01
2.585365772247314453e-01
2.292682975530624390e-01
2.609755992889404297e-01
2.487804889678955078e-01
2.756097614765167236e-01
2.414634078741073608e-01
2.560975551605224609e-01
2.853658497333526611e-01
2.463414669036865234e-01
2.926829159259796143e-01
2.707316875457763672e-01
2.999999821186065674e-01
2.926829159259796143e-01
2.926829457283020020e-01
2.853658497333526611e-01
2.878048717975616455e-01
2.707316875457763672e-01
2.682926654815673828e-01
2.853658497333526611e-01
2.853658497333526611e-01
2.902438640594482422e-01
2.780487835407257080e-01
3.121950924396514893e-01
2.902438938617706299e-01
3.609756231307983398e-01
3.390243351459503174e-01
3.317073285579681396e-01
3.195121586322784424e-01
3.463414907455444336e-01
3.731707334518432617e-01
3.414634168148040771e-01
3.243902325630187988e-01
3.487804830074310303e-01
3.195121884346008301e-01
3.024390339851379395e-01
3.658536672592163086e-01
3.195122182369232178e-01
3.682926893234252930e-01
3.829268217086791992e-01
3.365853428840637207e-01
3.243902325630187988e-01
3.536585271358489990e-01
3.634146153926849365e-01
3.536585271358489990e-01
3.487804830074310303e-01
3.512195348739624023e-01
3.243902325630187988e-01
3.902438879013061523e-01
3.487805128097534180e-01
3.804877996444702148e-01
3.414634168148040771e-01
3.975609540939331055e-01
3.756097555160522461e-01
3.609755933284759521e-01
3.926829099655151367e-01
3.975609540939331055e-01
3.853658437728881836e-01
3.658536672592163086e-01
3.682926893234252930e-01
4.073170423507690430e-01
3.902438879013061523e-01
3.804877996444702148e-01
4.024390280246734619e-01
3.829268217086791992e-01
3.878048658370971680e-01
4.365853667259216309e-01
4.024389982223510742e-01
3.926829099655151367e-01
4.146341681480407715e-01
3.926829099655151367e-01
4.073170721530914307e-01
4.146341085433959961e-01
4.219511747360229492e-01
3.951219320297241211e-01
4.048780202865600586e-01
4.195121526718139648e-01
4.243902564048767090e-01
4.195122122764587402e-01
4.317072927951812744e-01
4.097560942173004150e-01
4.463414549827575684e-01
4.463414549827575684e-01
4.268292188644409180e-01
4.268292486667633057e-01
3.975609540939331055e-01
4.609755575656890869e-01
4.439024329185485840e-01
4.292682409286499023e-01
4.219512343406677246e-01
4.219512045383453369e-01
4.317073225975036621e-01
4.268292784690856934e-01
4.463414847850799561e-01
4.853658378124237061e-01
4.585365951061248779e-01
4.243901968002319336e-01
4.146341383457183838e-01
4.170731604099273682e-01
4.219512045383453369e-01
4.560975730419158936e-01
4.365853667259216309e-01
4.146341085433959961e-01
4.268292486667633057e-01
4.268292188644409180e-01
4.658536314964294434e-01
4.365853369235992432e-01
4.390243589878082275e-01
4.317073225975036621e-01
4.487804770469665527e-01
4.390243887901306152e-01
4.707317054271697998e-01
4.560975432395935059e-01
4.634146392345428467e-01
4.463414549827575684e-01
4.585365951061248779e-01
4.707317054271697998e-01
4.731707274913787842e-01
4.585365951061248779e-01
5.073170065879821777e-01
