4.878048785030841827e-03
2.195121906697750092e-02
2.439024113118648529e-02
1.219512149691581726e-02
1.707316935062408447e-02
1.219512149691581726e-02
1.219512149691581726e-02
1.463414542376995087e-02
2.926829271018505096e-02
1.951219514012336731e-02
3.170731663703918457e-02
1.707316935062408447e-02
1.463414542376995087e-02
9.756097570061683655e-03
1.707316935062408447e-02
1.707317121326923370e-02
2.682926692068576813e-02
1.219512149691581726e-02
2.195122092962265015e-02
2.195121906697750092e-02
3.414634242653846741e-02
2.926829271018505096e-02
1.463414542376995087e-02
1.219512149691581726e-02
1.707317121326923370e-02
1.463414635509252548e-02
2.439024299383163452e-02
4.634146019816398621e-02
3.658536449074745178e-02
2.195121906697750092e-02
2.682926692068576813e-02
2.682926505804061890e-02
3.170731663703918457e-02
3.170731663703918457e-02
4.146341234445571899e-02
4.390244185924530029e-02
2.926828898489475250e-02
2.682926692068576813e-02
4.390243813395500183e-02
4.390244185924530029e-02
5.121951550245285034e-02
4.634146764874458313e-02
4.390243813395500183e-02
7.317072898149490356e-02
7.073170691728591919e-02
6.829268485307693481e-02
5.853658542037010193e-02
7.317073643207550049e-02
9.024389833211898804e-02
8.048781007528305054e-02
1.024390310049057007e-01
1.121951192617416382e-01
8.292683213949203491e-02
8.780488371849060059e-02
1.048780456185340881e-01
1.268292665481567383e-01
1.170731708407402039e-01
1.585365682840347290e-01
1.341463327407836914e-01
1.609755903482437134e-01
1.365853697061538696e-01
1.439024358987808228e-01
1.731707453727722168e-01
1.731707453727722168e-01
1.853658556938171387e-01
1.878048926591873169e-01
1.804878115653991699e-01
1.926829218864440918e-01
2.024390250444412231e-01
2.317073196172714233e-01
2.073170691728591919e-01
2.365853637456893921e-01
2.512195110321044922e-01
2.317073196172714233e-01
2.268292605876922607e-01
2.414634078741073608e-01
2.219512164592742920e-01
2.731707096099853516e-01
2.658536434173583984e-01
2.756097614765167236e-01
2.853658497333526611e-01
2.414634078741073608e-01
2.829268276691436768e-01
2.780487537384033203e-01
3.317072987556457520e-01
3.024390339851379395e-01
3.121950924396514893e-01
3.243902325630187988e-01
3.292682766914367676e-01
3.390243649482727051e-01
3.121951222419738770e-01
3.292682766914367676e-01
3.146341443061828613e-01
3.243902623653411865e-01
3.073170483112335205e-01
3.365854024887084961e-01
3.463414311408996582e-01
3.634146153926849365e-01
3.487804830074310303e-01
3.707317113876342773e-01
3.463414609432220459e-01
3.487805128097534180e-01
3.658536374568939209e-01
3.926829099655151367e-01
3.585365712642669678e-01
3.951219618320465088e-01
3.975609540939331055e-01
3.634146451950073242e-01
3.463414609432220459e-01
3.756097555160522461e-01
3.390243947505950928e-01
3.731707036495208740e-01
3.780487775802612305e-01
3.975609838962554932e-01
4.048780202865600586e-01
3.878048956394195557e-01
3.853658735752105713e-01
3.634146451950073242e-01
3.609755933284759521e-01
3.951219618320465088e-01
3.951219320297241211e-01
4.097560942173004150e-01
3.951219320297241211e-01
4.146341383457183838e-01
4.414634108543395996e-01
4.268292486667633057e-01
4.073170721530914307e-01
4.487804770469665527e-01
4.097560644149780273e-01
4.487804472446441650e-01
4.341463446617126465e-01
4.414633810520172119e-01
4.268292486667633057e-01
4.195121824741363525e-01
4.268292486667633057e-01
4.634146094322204590e-01
4.487804472446441650e-01
4.219512045383453369e-01
4.439024329185485840e-01
4.365853667259216309e-01
4.414633810520172119e-01
4.853658676147460938e-01
4.804877638816833496e-01
4.292682707309722900e-01
4.634146392345428467e-01
4.390243887901306152e-01
4.658536612987518311e-01
4.292682707309722900e-01
4.439024329185485840e-01
4.585365951061248779e-01
4.585365653038024902e-01
4.878048598766326904e-01
4.658536911010742188e-01
4.439024031162261963e-01
4.414633810520172119e-01
4.951219260692596436e-01
4.853658676147460938e-01
4.853658378124237061e-01
4.463414549827575684e-01
4.341463446617126465e-01
4.756097793579101562e-01
5.000000596046447754e-01
4.731706976890563965e-01
4.609755873680114746e-01
5.170731544494628906e-01
4.658536911010742188e-01
4.829267859458923340e-01
4.853658080101013184e-01
4.804878234863281250e-01
5.268292427062988281e-01
4.951219260692596436e-01
4.804877936840057373e-01
4.829268157482147217e-01
4.804877936840057373e-01
4.658536911010742188e-01
5.121950507164001465e-01
4.878048896789550781e-01
5.000000000000000000e-01
5.268293023109436035e-01
4.878048598766326904e-01
5.243902206420898438e-01
4.609756171703338623e-01
4.999999701976776123e-01
5.219511985778808594e-01
5.195121765136718750e-01
4.853658378124237061e-01
5.170732140541076660e-01
5.219511985778808594e-01
5.292683243751525879e-01
5.195122361183166504e-01
5.317072868347167969e-01
5.195121765136718750e-01
5.292682647705078125e-01
5.195121765136718750e-01
5.341463685035705566e-01
5.146341323852539062e-01
5.512195229530334473e-01
4.975609481334686279e-01
4.853658378124237061e-01
5.268292427062988281e-01
