3.738644123077392578e+00
6.934918403625488281e+00
1.015720987319946289e+01
1.337849760055541992e+01
1.662882232666015625e+01
1.992415165901184082e+01
2.311943769454956055e+01
2.646780514717102051e+01
2.969409871101379395e+01
3.296145319938659668e+01
3.622277212142944336e+01
3.951511287689208984e+01
4.274140691757202148e+01
4.606276845932006836e+01
4.932508826255798340e+01
5.264044499397277832e+01
5.589075732231140137e+01
5.916408371925354004e+01
6.243340849876403809e+01
6.570273256301879883e+01
6.900407981872558594e+01
7.233845067024230957e+01
7.562578773498535156e+01
7.895715713500976562e+01
8.235457229614257812e+01
8.569294571876525879e+01
8.903031897544860840e+01
9.235368204116821289e+01
9.564502239227294922e+01
9.902142310142517090e+01
1.023077590465545654e+02
1.056391279697418213e+02
1.089664936065673828e+02
1.123388922214508057e+02
1.156872720718383789e+02
1.190396561622619629e+02
1.224320676326751709e+02
1.257774462699890137e+02
1.291448409557342529e+02
1.324331781864166260e+02
1.357905657291412354e+02
1.390799181461334229e+02
1.424272847175598145e+02
1.458587243556976318e+02
1.491890921592712402e+02
1.524874374866485596e+02
1.558578341007232666e+02
1.592612538337707520e+02
1.626016299724578857e+02
1.658599462509155273e+02
1.691402924060821533e+02
1.725006811618804932e+02
1.758600833415985107e+02
1.791894228458404541e+02
1.825117850303649902e+02
1.858501589298248291e+02
1.892205560207366943e+02
1.925309090614318848e+02
1.958602762222290039e+02
1.991456246376037598e+02
2.025310192108154297e+02
2.057507236003875732e+02
2.090331244468688965e+02
2.122634096145629883e+02
2.155197236537933350e+02
2.187500333786010742e+02
2.220363578796386719e+02
2.253046817779541016e+02
2.286070413589477539e+02
2.318713498115539551e+02
2.351306807994842529e+02
2.384049954414367676e+02
2.417293589115142822e+02
2.449786691665649414e+02
2.483000316619873047e+02
2.515643656253814697e+02
2.547786502838134766e+02
2.580389690399169922e+02
2.615434620380401611e+02
2.648437938690185547e+02
2.680790944099426270e+02
2.713324072360992432e+02
2.745907237529754639e+02
2.778920712471008301e+02
2.812434544563293457e+02
2.844857597351074219e+02
2.876820321083068848e+02
2.909333438873291016e+02
2.943427686691284180e+02
2.976071021556854248e+02
3.009034888744354248e+02
3.042388598918914795e+02
3.074591498374938965e+02
3.107534921169281006e+02
3.139928088188171387e+02
3.173131558895111084e+02
3.205864849090576172e+02
3.244472289085388184e+02
3.277535793781280518e+02
3.310559277534484863e+02
3.344583463668823242e+02
3.376956658363342285e+02
3.410450303554534912e+02
3.443293652534484863e+02
3.476026923656463623e+02
3.508239824771881104e+02
3.540462741851806641e+02
3.572885789871215820e+02
3.605499107837677002e+02
3.638432400226593018e+02
3.671746084690093994e+02
3.704229178428649902e+02
3.737753016948699951e+02
3.770716447830200195e+02
3.802979390621185303e+02
3.834278821945190430e+02
3.866481721401214600e+02
3.899125061035156250e+02
3.931128156185150146e+02
3.963120768070220947e+02
3.996364529132843018e+02
4.028807470798492432e+02
4.060890285968780518e+02
4.093013126850128174e+02
4.125115954875946045e+02
4.157439098358154297e+02
4.189231672286987305e+02
4.221154236793518066e+02
4.253407166004180908e+02
4.286040368080139160e+02
4.318703727722167969e+02
4.351847295761108398e+02
4.384070200920104980e+02
4.416002779006958008e+02
4.447865431308746338e+02
4.479728083610534668e+02
4.511760864257812500e+02
4.543493549823760986e+02
4.575616261959075928e+02
4.608079354763031006e+02
4.641052789688110352e+02
4.673756368160247803e+02
4.706679780483245850e+02
4.738125422000885010e+02
4.770268158912658691e+02
4.802080767154693604e+02
4.833643209934234619e+02
4.865916154384613037e+02
4.897828853130340576e+02
4.930492072105407715e+02
4.961894395351409912e+02
4.994487709999084473e+02
5.026770522594451904e+02
5.057952697277069092e+02
5.089625215530395508e+02
5.120767371654510498e+02
5.152760109901428223e+02
5.184362573623657227e+02
5.216515450477600098e+02
5.248408112525939941e+02
5.282722516059875488e+02
5.314815459251403809e+02
5.346567907333374023e+02
5.378400671482086182e+02
5.410533385276794434e+02
5.442186021804809570e+02
5.476180181503295898e+02
5.510314493179321289e+02
5.543127660751342773e+02
5.575260634422302246e+02
5.607223360538482666e+02
5.638995823860168457e+02
5.671348829269409180e+02
5.703011338710784912e+02
5.735274419784545898e+02
5.766936790943145752e+02
5.798629329204559326e+02
5.830902273654937744e+02
5.862314605712890625e+02
5.893756959438323975e+02
5.925399587154388428e+02
5.957182056903839111e+02
5.989234848022460938e+02
6.021718082427978516e+02
6.054050939083099365e+02
6.086043820381164551e+02
6.117536070346832275e+02
6.149669055938720703e+02
6.181551721096038818e+02
6.215485713481903076e+02
6.246557810306549072e+02
6.278830897808074951e+02
6.310113000869750977e+02
6.346218678951263428e+02
6.378661737442016602e+02
6.410304360389709473e+02
6.441776609420776367e+02
6.473559379577636719e+02
6.504381122589111328e+02
6.536293816566467285e+02
