3.970819711685180664e+00
7.418270587921142578e+00
1.083269834518432617e+01
1.427714776992797852e+01
1.769657921791076660e+01
2.116404390335083008e+01
2.443843960762023926e+01
2.779581403732299805e+01
3.119424414634704590e+01
3.454961633682250977e+01
3.787099146842956543e+01
4.126340293884277344e+01
4.483995342254638672e+01
4.829841232299804688e+01
5.170883727073669434e+01
5.519931888580322266e+01
5.864576959609985352e+01
6.213024687767028809e+01
6.560973310470581055e+01
6.908218979835510254e+01
7.252463793754577637e+01
7.596508383750915527e+01
7.944555830955505371e+01
8.291202282905578613e+01
8.639451169967651367e+01
8.988398003578186035e+01
9.336745715141296387e+01
9.678985095024108887e+01
1.001872665882110596e+02
1.036107010841369629e+02
1.069991111755371094e+02
1.104285612106323242e+02
1.138860065937042236e+02
1.175456087589263916e+02
1.210290853977203369e+02
1.244395108222961426e+02
1.279530084133148193e+02
1.314314954280853271e+02
1.349670090675354004e+02
1.384014377593994141e+02
1.418328771591186523e+02
1.453513791561126709e+02
1.488768858909606934e+02
1.524194045066833496e+02
1.559439101219177246e+02
1.593653569221496582e+02
1.628748381137847900e+02
1.664003584384918213e+02
1.698938624858856201e+02
1.733192861080169678e+02
1.768087668418884277e+02
1.802972469329833984e+02
1.838187997341156006e+02
1.872712414264678955e+02
1.907387061119079590e+02
1.941761503219604492e+02
1.976155958175659180e+02
2.010760691165924072e+02
2.044905011653900146e+02
2.079059131145477295e+02
2.114574377536773682e+02
2.148538525104522705e+02
2.183183150291442871e+02
2.217537581920623779e+02
2.252502443790435791e+02
2.286346511840820312e+02
2.319775371551513672e+02
2.361658806800842285e+02
2.396012065410614014e+02
2.430617306232452393e+02
2.466441378593444824e+02
2.500362777709960938e+02
2.534361734390258789e+02
2.568807713985443115e+02
2.603555119037628174e+02
2.637846150398254395e+02
2.672506537437438965e+02
2.706973578929901123e+02
2.740712151527404785e+02
2.775012278556823730e+02
2.810340673923492432e+02
2.844132540225982666e+02
2.878261923789978027e+02
2.912429990768432617e+02
2.948140127658843994e+02
2.984555172920227051e+02
3.018736081123352051e+02
3.052606980800628662e+02
3.087173669338226318e+02
3.121632764339447021e+02
3.155634009838104248e+02
3.191091165542602539e+02
3.225018851757049561e+02
3.259009823799133301e+02
3.292950434684753418e+02
3.327381067276000977e+02
3.361663422584533691e+02
3.395314297676086426e+02
3.429528985023498535e+02
3.464455382823944092e+02
3.498801379203796387e+02
3.533744554519653320e+02
3.569663438796997070e+02
3.603319103717803955e+02
3.637438049316406250e+02
3.672272982597351074e+02
3.705778048038482666e+02
3.739258406162261963e+02
3.773895645141601562e+02
3.807594928741455078e+02
3.840916790962219238e+02
3.875022935867309570e+02
3.909333631992340088e+02
3.943550641536712646e+02
3.977543885707855225e+02
4.011148023605346680e+02
4.046347701549530029e+02
4.079791202545166016e+02
4.113698723316192627e+02
4.147524554729461670e+02
4.182031378746032715e+02
4.216122882366180420e+02
4.250458188056945801e+02
4.283982939720153809e+02
4.322101876735687256e+02
4.356607770919799805e+02
4.390901939868927002e+02
4.424621183872222900e+02
4.458171801567077637e+02
4.491857135295867920e+02
4.525809164047241211e+02
4.560572392940521240e+02
4.594831545352935791e+02
4.628840768337249756e+02
4.662529320716857910e+02
4.696408913135528564e+02
4.730251104831695557e+02
4.764556653499603271e+02
4.797758569717407227e+02
4.831299023628234863e+02
4.865214102268218994e+02
4.899978795051574707e+02
4.932946765422821045e+02
4.966666202545166016e+02
4.999983599185943604e+02
5.034487228393554688e+02
5.068281075954437256e+02
5.101608469486236572e+02
5.135725033283233643e+02
5.169833164215087891e+02
5.203332877159118652e+02
5.238679196834564209e+02
5.302952260971069336e+02
5.339972822666168213e+02
5.378464128971099854e+02
5.411307530403137207e+02
5.445161676406860352e+02
5.478535406589508057e+02
5.512559466361999512e+02
5.546623687744140625e+02
5.580337791442871094e+02
5.613981583118438721e+02
5.647875821590423584e+02
5.681199369430541992e+02
5.715623846054077148e+02
5.751639451980590820e+02
5.786274085044860840e+02
5.819837946891784668e+02
5.853582069873809814e+02
5.888026428222656250e+02
5.921600296497344971e+02
5.955594604015350342e+02
5.991780333518981934e+02
6.025814399719238281e+02
6.059508485794067383e+02
6.092181580066680908e+02
6.125475387573242188e+02
6.158869433403015137e+02
6.192973556518554688e+02
6.226927828788757324e+02
6.260131316184997559e+02
6.293294887542724609e+02
6.327098929882049561e+02
6.360722825527191162e+02
6.393783969879150391e+02
6.426297087669372559e+02
6.460051093101501465e+02
6.493224673271179199e+02
6.526248152256011963e+02
6.561443324089050293e+02
6.595087099075317383e+02
6.628000500202178955e+02
6.661354212760925293e+02
6.695038447380065918e+02
6.728402049541473389e+02
6.761075277328491211e+02
6.795009403228759766e+02
6.828203003406524658e+02
6.861236503124237061e+02
6.893359482288360596e+02
