3.802704095840454102e+00
7.141077041625976562e+00
1.045143151283264160e+01
1.374677395820617676e+01
1.721423935890197754e+01
2.060266160964965820e+01
2.393101549148559570e+01
2.728241252899169922e+01
3.064779090881347656e+01
3.414627861976623535e+01
3.749165725708007812e+01
4.085304689407348633e+01
4.421843981742858887e+01
4.767089414596557617e+01
5.108633542060852051e+01
5.443770599365234375e+01
5.781945586204528809e+01
6.115782380104064941e+01
6.454523181915283203e+01
6.793362832069396973e+01
7.132303833961486816e+01
7.472145509719848633e+01
7.812387371063232422e+01
8.155631470680236816e+01
8.496073484420776367e+01
8.835915160179138184e+01
9.169453215599060059e+01
9.504690670967102051e+01
9.847234153747558594e+01
1.017817087173461914e+02
1.051260726451873779e+02
1.085254902839660645e+02
1.120720112323760986e+02
1.155164608955383301e+02
1.189098734855651855e+02
1.222922780513763428e+02
1.257087075710296631e+02
1.290831067562103271e+02
1.324995489120483398e+02
1.360240550041198730e+02
1.396656308174133301e+02
1.431501247882843018e+02
1.466185741424560547e+02
1.499949750900268555e+02
1.533973941802978516e+02
1.568908779621124268e+02
1.603073077201843262e+02
1.636887118816375732e+02
1.671071417331695557e+02
1.707167086601257324e+02
1.741361398696899414e+02
1.775675930976867676e+02
1.809740140438079834e+02
1.844074895381927490e+02
1.878259320259094238e+02
1.912073371410369873e+02
1.947078125476837158e+02
1.980962216854095459e+02
2.015336782932281494e+02
2.049130830764770508e+02
2.083525142669677734e+02
2.118449969291687012e+02
2.152924611568450928e+02
2.186978702545166016e+02
2.227807738780975342e+02
2.261982157230377197e+02
2.296226508617401123e+02
2.331501455307006836e+02
2.364985265731811523e+02
2.400080213546752930e+02
2.434144432544708252e+02
2.470140027999877930e+02
2.504574511051177979e+02
2.538768823146820068e+02
2.573913948535919189e+02
2.607567737102508545e+02
2.641151618957519531e+02
2.675166115760803223e+02
2.707929272651672363e+02
2.741663258075714111e+02
2.776638123989105225e+02
2.810141947269439697e+02
2.843445630073547363e+02
2.877049520015716553e+02
2.910623395442962646e+02
2.944227411746978760e+02
2.977961270809173584e+02
3.012415900230407715e+02
3.046169767379760742e+02
3.079253416061401367e+02
3.112687196731567383e+02
3.146271064281463623e+02
3.179624850749969482e+02
3.212868428230285645e+02
3.246462180614471436e+02
3.280126128196716309e+02
3.314270913600921631e+02
3.348114979267120361e+02
3.381418786048889160e+02
3.414712460041046143e+02
3.448276197910308838e+02
3.482030329704284668e+02
3.515413932800292969e+02
3.548847701549530029e+02
3.582691764831542969e+02
3.616015458106994629e+02
3.650069792270660400e+02
3.683863697052001953e+02
3.717197523117065430e+02
3.750211040973663330e+02
3.784285099506378174e+02
3.818029096126556396e+02
3.852053279876708984e+02
3.891501328945159912e+02
3.925625591278076172e+02
3.959850056171417236e+02
3.994314434528350830e+02
4.027878429889678955e+02
4.061071901321411133e+02
4.094945983886718750e+02
4.128890242576599121e+02
4.162373929023742676e+02
4.195767793655395508e+02
4.228971283435821533e+02
4.262102010250091553e+02
4.295235567092895508e+02
4.328749392032623291e+02
4.361862938404083252e+02
4.395787067413330078e+02
4.429340915679931641e+02
4.462724652290344238e+02
4.496148414611816406e+02
4.529211926460266113e+02
4.562075426578521729e+02
4.595388984680175781e+02
4.628182296752929688e+02
4.661806204319000244e+02
4.696400930881500244e+02
4.729224138259887695e+02
4.762647900581359863e+02
4.796251797676086426e+02
4.829555478096008301e+02
4.863039407730102539e+02
4.896252901554107666e+02
4.929026329517364502e+02
4.962640099525451660e+02
4.995143206119537354e+02
5.028556964397430420e+02
5.061500389575958252e+02
5.094744029045104980e+02
5.128478007316589355e+02
5.161201288700103760e+02
5.194194867610931396e+02
5.227578487396240234e+02
5.260722177028656006e+02
5.294486176967620850e+02
5.327099373340606689e+02
5.360262815952301025e+02
5.392495865821838379e+02
5.425029001235961914e+02
5.458272497653961182e+02
5.493407609462738037e+02
5.526370933055877686e+02
5.559424550533294678e+02
5.593048326969146729e+02
5.626272077560424805e+02
5.659075398445129395e+02
5.695250995159149170e+02
5.738841986656188965e+02
5.774997832775115967e+02
5.809051909446716309e+02
5.842725856304168701e+02
5.875869426727294922e+02
5.909493324756622314e+02
5.942536947727203369e+02
5.976000754833221436e+02
6.009234244823455811e+02
6.042037346363067627e+02
6.074860680103302002e+02
6.109205651283264160e+02
6.142779517173767090e+02
6.177023987770080566e+02
6.209536986351013184e+02
6.243080959320068359e+02
6.276864850521087646e+02
6.310148518085479736e+02
6.343031907081604004e+02
6.376215493679046631e+02
6.409228968620300293e+02
6.443002979755401611e+02
6.476286654472351074e+02
6.509260225296020508e+02
6.542143468856811523e+02
6.575637285709381104e+02
6.608190426826477051e+02
6.641834354400634766e+02
6.675178060531616211e+02
6.708461723327636719e+02
6.741405146121978760e+02
6.775019173622131348e+02
