3.820764303207397461e+00
6.830904483795166016e+00
9.899086952209472656e+00
1.303232693672180176e+01
1.614052343368530273e+01
1.929176521301269531e+01
2.243299770355224609e+01
2.558223676681518555e+01
2.871146178245544434e+01
3.182367467880249023e+01
3.498191976547241211e+01
3.838634061813354492e+01
4.158261299133300781e+01
4.480892014503479004e+01
4.799818491935729980e+01
5.127950787544250488e+01
5.459686708450317383e+01
5.779213881492614746e+01
6.099042630195617676e+01
6.419168949127197266e+01
6.735093450546264648e+01
7.057322573661804199e+01
7.386656713485717773e+01
7.701980900764465332e+01
8.025611019134521484e+01
8.345538544654846191e+01
8.666967105865478516e+01
8.990196895599365234e+01
9.310224437713623047e+01
9.632053232192993164e+01
9.949679088592529297e+01
1.034055700302124023e+02
1.066048448085784912e+02
1.098371434211730957e+02
1.130304136276245117e+02
1.162096738815307617e+02
1.194079606533050537e+02
1.227032911777496338e+02
1.258585348129272461e+02
1.291248693466186523e+02
1.323621580600738525e+02
1.356755275726318359e+02
1.389008212089538574e+02
1.421741349697113037e+02
1.454174408912658691e+02
1.485987160205841064e+02
1.518039822578430176e+02
1.550531363487243652e+02
1.582494084835052490e+02
1.614787182807922363e+02
1.646619820594787598e+02
1.679282906055450439e+02
1.711728193759918213e+02
1.743841025829315186e+02
1.775473515987396240e+02
1.808407068252563477e+02
1.840409688949584961e+02
1.873333091735839844e+02
1.905175735950469971e+02
1.937478702068328857e+02
1.969481587409973145e+02
2.001494357585906982e+02
2.033096945285797119e+02
2.065359888076782227e+02
2.097842855453491211e+02
2.129535603523254395e+02
2.162278881072998047e+02
2.196233158111572266e+02
2.229436631202697754e+02
2.261529452800750732e+02
2.293932487964630127e+02
2.326585836410522461e+02
2.358538422584533691e+02
2.391191775798797607e+02
2.422959780693054199e+02
2.455312774181365967e+02
2.487255358695983887e+02
2.518547601699829102e+02
2.550050003528594971e+02
2.581602435111999512e+02
2.613705272674560547e+02
2.646108431816101074e+02
2.677750799655914307e+02
2.709633600711822510e+02
2.741716277599334717e+02
2.773949193954467773e+02
2.805711913108825684e+02
2.844079062938690186e+02
2.875451493263244629e+02
2.907814505100250244e+02
2.939767096042633057e+02
2.972260203361511230e+02
3.004523265361785889e+02
3.036625964641571045e+02
3.068478744029998779e+02
3.100231194496154785e+02
3.132364032268524170e+02
3.164346778392791748e+02
3.195769114494323730e+02
3.227541811466217041e+02
3.259484577178955078e+02
3.291247129440307617e+02
3.322850115299224854e+02
3.354662606716156006e+02
3.387736248970031738e+02
3.419728868007659912e+02
3.451121320724487305e+02
3.482793705463409424e+02
3.514276094436645508e+02
3.546599202156066895e+02
3.578141629695892334e+02
3.609834036827087402e+02
3.642187037467956543e+02
3.673669555187225342e+02
3.706302626132965088e+02
3.738195304870605469e+02
3.770148017406463623e+02
3.802140901088714600e+02
3.832932786941528320e+02
3.864885377883911133e+02
3.896437940597534180e+02
3.928680877685546875e+02
3.962164549827575684e+02
3.993596894741058350e+02
4.025429527759552002e+02
4.056661868095397949e+02
4.088734676837921143e+02
4.126791601181030273e+02
4.158544301986694336e+02
4.190617108345031738e+02
4.222039318084716797e+02
4.253531842231750488e+02
4.285334460735321045e+02
4.316976945400238037e+02
4.348159141540527344e+02
4.380361886024475098e+02
4.411784234046936035e+02
4.442986412048339844e+02
4.474528837203979492e+02
4.506471550464630127e+02
4.538013982772827148e+02
4.569326245784759521e+02
4.601098837852478027e+02
4.632090880870819092e+02
4.663443160057067871e+02
4.695385870933532715e+02
4.726427946090698242e+02
4.758991949558258057e+02
4.791014583110809326e+02
4.822437248229980469e+02
4.853759396076202393e+02
4.885432050228118896e+02
4.917224514484405518e+02
4.949057309627532959e+02
4.980669627189636230e+02
5.012522280216217041e+02
5.044244825839996338e+02
5.076067585945129395e+02
5.108150405883789062e+02
5.140283119678497314e+02
5.171975660324096680e+02
5.209542362689971924e+02
5.241074781417846680e+02
5.273677959442138672e+02
5.305060281753540039e+02
5.337303204536437988e+02
5.368905668258666992e+02
5.399827651977539062e+02
5.431570351123809814e+02
5.463512930870056152e+02
5.495365717411041260e+02
5.527468404769897461e+02
5.559241001605987549e+02
5.591003711223602295e+02
5.622205765247344971e+02
5.653187928199768066e+02
5.684920358657836914e+02
5.715822327136993408e+02
5.747394897937774658e+02
5.779087445735931396e+02
5.810249466896057129e+02
5.841902101039886475e+02
5.873094282150268555e+02
5.904746792316436768e+02
5.935718803405761719e+02
5.967831509113311768e+02
5.998733482360839844e+02
6.030165958404541016e+02
6.062029297351837158e+02
6.093681674003601074e+02
6.125094008445739746e+02
6.156876606941223145e+02
6.187768719196319580e+02
6.219431083202362061e+02
6.251363787651062012e+02
6.282926228046417236e+02
6.313698232173919678e+02
6.345200505256652832e+02
6.378083889484405518e+02
6.409256057739257812e+02
