1.609195396304130554e-02
1.215106621384620667e-02
1.576354727149009705e-02
1.609195396304130554e-02
1.740558259189128876e-02
1.642036065459251404e-02
1.280788145959377289e-02
1.609195396304130554e-02
1.609195396304130554e-02
1.674876734614372253e-02
1.740558259189128876e-02
1.642036065459251404e-02
1.346469577401876450e-02
1.773399114608764648e-02
1.642036251723766327e-02
1.937602460384368896e-02
1.707717590034008026e-02
1.379310339689254761e-02
1.543513871729373932e-02
1.642036251723766327e-02
1.510673202574253082e-02
1.674876734614372253e-02
1.740558259189128876e-02
1.740558259189128876e-02
1.576354727149009705e-02
1.871921122074127197e-02
1.642036065459251404e-02
1.642036065459251404e-02
1.740558259189128876e-02
1.412151195108890533e-02
1.871921122074127197e-02
1.412151008844375610e-02
1.773398928344249725e-02
1.707717403769493103e-02
1.871920935809612274e-02
1.609195396304130554e-02
1.904761977493762970e-02
1.674876734614372253e-02
1.707717590034008026e-02
1.576354540884494781e-02
1.740558259189128876e-02
1.477832533419132233e-02
1.707717590034008026e-02
1.543513871729373932e-02
1.280788145959377289e-02
1.346469484269618988e-02
1.510673202574253082e-02
1.642036065459251404e-02
1.444991864264011383e-02
1.642036065459251404e-02
1.477832347154617310e-02
1.773398928344249725e-02
1.510673202574253082e-02
1.806239597499370575e-02
1.609195396304130554e-02
1.510673202574253082e-02
1.937602646648883820e-02
1.609195396304130554e-02
1.740558259189128876e-02
1.707717590034008026e-02
1.674876920878887177e-02
1.609195210039615631e-02
1.543513964861631393e-02
1.510673202574253082e-02
1.642036251723766327e-02
1.477832626551389694e-02
1.904761791229248047e-02
1.806239597499370575e-02
1.477832533419132233e-02
1.740558259189128876e-02
1.609195396304130554e-02
1.740558445453643799e-02
1.609195396304130554e-02
1.642036065459251404e-02
1.642036065459251404e-02
1.510673202574253082e-02
1.543513871729373932e-02
1.609195396304130554e-02
1.543513964861631393e-02
1.904761977493762970e-02
1.773398928344249725e-02
1.642036065459251404e-02
1.379310339689254761e-02
1.444991771131753922e-02
1.576354540884494781e-02
1.773398928344249725e-02
1.642036065459251404e-02
1.510673109441995621e-02
1.510673295706510544e-02
1.576354540884494781e-02
1.773398928344249725e-02
1.477832440286874771e-02
1.412151101976633072e-02
1.642036065459251404e-02
1.379310339689254761e-02
1.510673202574253082e-02
1.543513964861631393e-02
1.412151101976633072e-02
1.576354540884494781e-02
1.576354727149009705e-02
1.576354540884494781e-02
1.477832533419132233e-02
1.477832533419132233e-02
1.346469577401876450e-02
1.576354540884494781e-02
1.510673295706510544e-02
1.477832533419132233e-02
1.674876734614372253e-02
1.477832533419132233e-02
1.904761791229248047e-02
1.773399114608764648e-02
1.839080452919006348e-02
2.266009896993637085e-02
2.857142500579357147e-02
3.776682913303375244e-02
5.024630203843116760e-02
7.619047164916992188e-02
8.308702707290649414e-02
1.024630591273307800e-01
1.290640532970428467e-01
1.431855559349060059e-01
1.727422028779983521e-01
2.108374387025833130e-01
2.269293963909149170e-01
2.446633726358413696e-01
2.745484411716461182e-01
2.821018099784851074e-01
3.008210062980651855e-01
3.195402324199676514e-01
3.277504146099090576e-01
3.477832376956939697e-01
3.615763485431671143e-01
3.776682913303375244e-01
3.924466073513031006e-01
4.075533747673034668e-01
4.187191724777221680e-01
4.226600825786590576e-01
4.229884743690490723e-01
4.354679584503173828e-01
4.446633458137512207e-01
4.387520253658294678e-01
4.676518440246582031e-01
4.535303711891174316e-01
4.643678069114685059e-01
4.637109637260437012e-01
4.834153950214385986e-01
4.912972152233123779e-01
4.952380359172821045e-01
4.916256070137023926e-01
4.988505840301513672e-01
4.919539690017700195e-01
5.192117691040039062e-01
5.155993103981018066e-01
5.188834071159362793e-01
5.349753499031066895e-01
5.169129371643066406e-01
5.320196747779846191e-01
5.389161705970764160e-01
5.402298569679260254e-01
5.546797513961791992e-01
5.458127260208129883e-01
5.513956546783447266e-01
5.543513298034667969e-01
5.484400391578674316e-01
5.566501617431640625e-01
5.599342584609985352e-01
5.665023326873779297e-01
5.694580674171447754e-01
5.786534547805786133e-01
5.727421045303344727e-01
5.720853209495544434e-01
5.796387195587158203e-01
5.842364430427551270e-01
5.881773233413696289e-01
5.885056853294372559e-01
5.894908905029296875e-01
5.983579158782958984e-01
5.730705857276916504e-01
5.914613604545593262e-01
5.917897820472717285e-01
5.973727107048034668e-01
6.032840013504028320e-01
5.967158675193786621e-01
6.059113144874572754e-01
6.059112548828125000e-01
6.200328469276428223e-01
6.095237731933593750e-01
6.022987961769104004e-01
6.124794483184814453e-01
6.062396764755249023e-01
6.151066422462463379e-01
6.174055337905883789e-01
6.295565962791442871e-01
6.170771121978759766e-01
6.200327873229980469e-01
6.243020296096801758e-01
6.266008615493774414e-01
6.269293427467346191e-01
6.315270066261291504e-01
6.141214966773986816e-01
