1.740558259189128876e-02
1.576354727149009705e-02
1.444991864264011383e-02
1.510673202574253082e-02
1.576354727149009705e-02
1.609195582568645477e-02
1.904761791229248047e-02
1.970443315804004669e-02
2.003283984959125519e-02
1.773398928344249725e-02
1.970443315804004669e-02
1.937602460384368896e-02
1.642036065459251404e-02
1.543513871729373932e-02
1.937602646648883820e-02
1.707717590034008026e-02
1.642036251723766327e-02
2.200328372418880463e-02
1.642036251723766327e-02
1.839080266654491425e-02
2.463054098188877106e-02
1.642036251723766327e-02
2.528735622763633728e-02
2.627257816493511200e-02
2.594416961073875427e-02
2.758620679378509521e-02
3.908045962452888489e-02
4.761904478073120117e-02
5.385878309607505798e-02
6.042693555355072021e-02
5.977011471986770630e-02
5.977011471986770630e-02
7.454843819141387939e-02
8.045977354049682617e-02
8.243021368980407715e-02
1.011494249105453491e-01
1.113300472497940063e-01
1.254515498876571655e-01
1.412151008844375610e-01
1.517241299152374268e-01
1.596059054136276245e-01
1.697865277528762817e-01
1.931034326553344727e-01
2.052545100450515747e-01
2.059113383293151855e-01
2.213464677333831787e-01
2.426929324865341187e-01
2.443349510431289673e-01
2.558292150497436523e-01
2.768473029136657715e-01
2.765188813209533691e-01
2.827586233615875244e-01
3.113300204277038574e-01
2.981937825679779053e-01
3.047618865966796875e-01
3.234811127185821533e-01
3.444991707801818848e-01
3.494252860546112061e-01
3.550081849098205566e-01
3.605910837650299072e-01
3.717569410800933838e-01
3.688012957572937012e-01
3.819375932216644287e-01
3.894909918308258057e-01
3.921182155609130859e-01
4.177339673042297363e-01
4.009852111339569092e-01
4.137930572032928467e-01
4.206896424293518066e-01
4.141214787960052490e-01
4.321838617324829102e-01
4.407224953174591064e-01
4.426929056644439697e-01
4.456485807895660400e-01
4.426929056644439697e-01
4.525451064109802246e-01
4.492610096931457520e-01
4.673234224319458008e-01
4.686370790004730225e-01
4.761904478073120117e-01
4.702790975570678711e-01
4.827585518360137939e-01
4.883414804935455322e-01
4.827585518360137939e-01
5.004925727844238281e-01
5.024630427360534668e-01
5.070607066154479980e-01
4.995073378086090088e-01
5.001641511917114258e-01
5.077174901962280273e-01
5.136288404464721680e-01
5.195401906967163086e-01
5.205254554748535156e-01
5.257799029350280762e-01
5.307060480117797852e-01
5.300492048263549805e-01
5.221673846244812012e-01
5.247946977615356445e-01
5.385878086090087891e-01
5.399014353752136230e-01
5.356321334838867188e-01
5.415434837341308594e-01
5.533660650253295898e-01
5.576354265213012695e-01
5.494252443313598633e-01
5.576354265213012695e-01
5.714285373687744141e-01
5.507388710975646973e-01
5.520524978637695312e-01
5.556649565696716309e-01
5.576354265213012695e-01
5.668308138847351074e-01
5.566502213478088379e-01
5.605910420417785645e-01
5.678160190582275391e-01
5.681444406509399414e-01
5.733989477157592773e-01
5.806239247322082520e-01
5.855500102043151855e-01
5.638751387596130371e-01
5.740557909011840820e-01
5.796387195587158203e-01
5.799670815467834473e-01
5.842363834381103516e-01
5.908044576644897461e-01
5.914613008499145508e-01
5.908045172691345215e-01
5.934317111968994141e-01
5.914613008499145508e-01
5.822659730911254883e-01
5.954021811485290527e-01
5.914613604545593262e-01
6.036124229431152344e-01
6.131362915039062500e-01
6.085385680198669434e-01
6.068965196609497070e-01
5.996715426445007324e-01
6.059112548828125000e-01
5.986863374710083008e-01
6.226600408554077148e-01
6.108373403549194336e-01
6.036124229431152344e-01
6.055828928947448730e-01
6.131362318992614746e-01
6.045976281166076660e-01
6.134646534919738770e-01
6.170771121978759766e-01
6.170771121978759766e-01
6.262725591659545898e-01
6.229884624481201172e-01
6.357963085174560547e-01
6.187192201614379883e-01
6.272577643394470215e-01
6.183907389640808105e-01
6.167486906051635742e-01
6.256157159805297852e-01
6.338258385658264160e-01
6.256156563758850098e-01
6.269292831420898438e-01
6.151067018508911133e-01
6.334974765777587891e-01
6.302134394645690918e-01
6.410508751869201660e-01
6.371099352836608887e-01
6.361247301101684570e-01
6.246304512023925781e-01
6.348111033439636230e-01
6.390804052352905273e-01
6.341542601585388184e-01
6.407224535942077637e-01
6.374383568763732910e-01
6.357963085174560547e-01
6.361247301101684570e-01
6.440064907073974609e-01
6.456485390663146973e-01
6.423644423484802246e-01
6.420360803604125977e-01
6.400656104087829590e-01
6.495894193649291992e-01
6.571427583694458008e-01
6.532018184661865234e-01
6.561576128005981445e-01
6.417076587677001953e-01
6.561575531959533691e-01
6.469621658325195312e-01
6.548438668251037598e-01
6.453201174736022949e-01
6.518882513046264648e-01
6.594416499137878418e-01
6.505746841430664062e-01
6.538587212562561035e-01
6.443349123001098633e-01
6.587847471237182617e-01
6.528735160827636719e-01
6.492609977722167969e-01
6.558291316032409668e-01
6.732347011566162109e-01
6.548439264297485352e-01
6.594415903091430664e-01
6.610836386680603027e-01
