1.773399114608764648e-02
1.280788145959377289e-02
1.412151008844375610e-02
1.970443315804004669e-02
1.609195396304130554e-02
1.510673202574253082e-02
1.674876734614372253e-02
2.003283984959125519e-02
2.003284171223640442e-02
1.477832533419132233e-02
2.036124840378761292e-02
1.937602460384368896e-02
2.200328372418880463e-02
1.346469577401876450e-02
1.839080266654491425e-02
1.937602646648883820e-02
1.707717590034008026e-02
1.740558259189128876e-02
1.707717590034008026e-02
1.313628815114498138e-02
1.609195396304130554e-02
1.707717590034008026e-02
1.839080452919006348e-02
1.444991771131753922e-02
1.871921308338642120e-02
1.806239783763885498e-02
1.806239783763885498e-02
1.970443315804004669e-02
2.200328558683395386e-02
1.609195396304130554e-02
2.036124840378761292e-02
2.134646847844123840e-02
2.134646847844123840e-02
1.412151195108890533e-02
1.773398928344249725e-02
1.444991864264011383e-02
1.773398928344249725e-02
2.134647034108638763e-02
2.101806178689002991e-02
2.397372759878635406e-02
1.477832626551389694e-02
2.397372573614120483e-02
2.364531904458999634e-02
2.857142873108386993e-02
3.579638898372650146e-02
4.761904850602149963e-02
4.367816075682640076e-02
6.009852141141891479e-02
6.371100991964340210e-02
7.126436382532119751e-02
8.144499361515045166e-02
8.144499361515045166e-02
9.556650370359420776e-02
1.093595996499061584e-01
1.073891595005989075e-01
1.274220049381256104e-01
1.326765269041061401e-01
1.471264362335205078e-01
1.494252681732177734e-01
1.783251017332077026e-01
1.996715962886810303e-01
2.022988349199295044e-01
2.180624008178710938e-01
2.229885011911392212e-01
2.420361191034317017e-01
2.505747079849243164e-01
2.696223258972167969e-01
2.801313400268554688e-01
2.758620679378509521e-01
2.945812642574310303e-01
3.198686242103576660e-01
3.162561655044555664e-01
3.300492167472839355e-01
3.280788362026214600e-01
3.316912949085235596e-01
3.527092933654785156e-01
3.596059083938598633e-01
3.658456504344940186e-01
3.727421462535858154e-01
3.740558326244354248e-01
3.707717657089233398e-01
3.763546347618103027e-01
3.924465775489807129e-01
3.983579277992248535e-01
4.137930870056152344e-01
4.213464558124542236e-01
4.377667605876922607e-01
4.249589443206787109e-01
4.410508871078491211e-01
4.321838915348052979e-01
4.338259100914001465e-01
4.436781108379364014e-01
4.443349242210388184e-01
4.538587629795074463e-01
4.607552886009216309e-01
4.640393853187561035e-01
4.663382172584533691e-01
4.798029363155364990e-01
4.847290217876434326e-01
4.860426783561706543e-01
4.827585816383361816e-01
4.916256070137023926e-01
4.985221624374389648e-01
4.965516924858093262e-01
4.988505244255065918e-01
5.146141052246093750e-01
4.945812225341796875e-01
5.178981423377990723e-01
5.031198859214782715e-01
5.113300085067749023e-01
5.139572620391845703e-01
5.211822390556335449e-01
5.284071564674377441e-01
5.316912531852722168e-01
5.195401906967163086e-01
5.293924212455749512e-01
5.399014353752136230e-01
5.451559424400329590e-01
5.389161705970764160e-01
5.596058368682861328e-01
5.550081729888916016e-01
5.399014353752136230e-01
5.559934377670288086e-01
5.527092814445495605e-01
5.513957142829895020e-01
5.642035007476806641e-01
5.770114660263061523e-01
5.504103899002075195e-01
5.796387195587158203e-01
5.717568993568420410e-01
5.829227566719055176e-01
5.730705857276916504e-01
5.658455491065979004e-01
5.697864890098571777e-01
5.691297054290771484e-01
5.799670815467834473e-01
5.707717537879943848e-01
5.927749872207641602e-01
5.779966711997985840e-01
5.825943946838378906e-01
5.894908905029296875e-01
5.954022407531738281e-01
5.944170355796813965e-01
6.029555797576904297e-01
5.986863374710083008e-01
5.973726511001586914e-01
5.875204205513000488e-01
5.950738191604614258e-01
5.993431210517883301e-01
6.055828928947448730e-01
6.088669300079345703e-01
6.101805567741394043e-01
5.999999046325683594e-01
6.055828928947448730e-01
6.134647130966186523e-01
6.105089783668518066e-01
6.177338957786560059e-01
6.121510267257690430e-01
6.246304512023925781e-01
6.216747760772705078e-01
6.098521947860717773e-01
6.183906793594360352e-01
6.144498586654663086e-01
6.128078699111938477e-01
6.200327873229980469e-01
6.220031976699829102e-01
6.262724399566650391e-01
6.226600408554077148e-01
6.203612089157104492e-01
6.236452460289001465e-01
6.256157159805297852e-01
6.262725591659545898e-01
6.193759441375732422e-01
6.216748356819152832e-01
6.282429099082946777e-01
6.334974765777587891e-01
6.367815732955932617e-01
6.229884028434753418e-01
6.400656104087829590e-01
6.417075991630554199e-01
6.371099352836608887e-01
6.341542601585388184e-01
6.420360803604125977e-01
6.512314677238464355e-01
6.390804052352905273e-01
6.433496475219726562e-01
6.394087672233581543e-01
6.492609977722167969e-01
6.676517724990844727e-01
6.469621062278747559e-01
6.486041545867919922e-01
6.423644423484802246e-01
6.463053822517395020e-01
6.568143963813781738e-01
6.535302996635437012e-01
6.486042141914367676e-01
6.610836386680603027e-01
6.548439264297485352e-01
6.502462029457092285e-01
6.607552766799926758e-01
