2.551312208175659180e+00
5.092118024826049805e+00
7.480314254760742188e+00
9.916044473648071289e+00
1.253940773010253906e+01
1.486756181716918945e+01
1.760150957107543945e+01
1.998120069503784180e+01
2.254602265357971191e+01
2.493021631240844727e+01
2.745001244544982910e+01
3.001633644104003906e+01
3.238852739334106445e+01
3.468365812301635742e+01
3.710337734222412109e+01
3.940351057052612305e+01
4.187276530265808105e+01
4.423194193840026855e+01
4.667417573928833008e+01
4.901734089851379395e+01
5.130896878242492676e+01
5.351403570175170898e+01
5.570859432220458984e+01
5.798671436309814453e+01
6.038292813301086426e+01
6.278713607788085938e+01
6.540050315856933594e+01
6.781972026824951172e+01
7.007782459259033203e+01
7.261462712287902832e+01
7.487973618507385254e+01
7.714834785461425781e+01
7.960709500312805176e+01
8.208685564994812012e+01
8.447755455970764160e+01
8.672264957427978516e+01
8.905780935287475586e+01
9.141198086738586426e+01
9.377866220474243164e+01
9.618487191200256348e+01
9.860113215446472168e+01
1.010378637313842773e+02
1.034660882949829102e+02
1.060149090290069580e+02
1.083640778064727783e+02
1.107232539653778076e+02
1.131474759578704834e+02
1.154556255340576172e+02
1.178153018951416016e+02
1.200483875274658203e+02
1.224400870800018311e+02
1.248497989177703857e+02
1.271774532794952393e+02
1.295916674137115479e+02
1.320439109802246094e+02
1.344591252803802490e+02
1.369138922691345215e+02
1.394242322444915771e+02
1.416307995319366455e+02
1.438313641548156738e+02
1.463971860408782959e+02
1.492263593673706055e+02
1.518427629470825195e+02
1.541383934020996094e+02
1.565926373004913330e+02
1.589453089237213135e+02
1.612499456405639648e+02
1.636271340847015381e+02
1.660243372917175293e+02
1.683039629459381104e+02
1.706791503429412842e+02
1.729797852039337158e+02
1.753039457798004150e+02
1.776040799617767334e+02
1.799652574062347412e+02
1.822628898620605469e+02
1.847696709632873535e+02
1.871873970031738281e+02
1.894635133743286133e+02
1.921133952140808105e+02
1.948641169071197510e+02
1.977216463088989258e+02
2.004030520915985107e+02
2.028983247280120850e+02
2.053520674705505371e+02
2.077968046665191650e+02
2.104456863403320312e+02
2.129179427623748779e+02
2.155237941741943359e+02
2.178609540462493896e+02
2.203086929321289062e+02
2.226483550071716309e+02
2.250335490703582764e+02
2.273807170391082764e+02
2.308842146396636963e+02
2.333734941482543945e+02
2.359578304290771484e+02
2.391906352043151855e+02
2.417159214019775391e+02
2.444963963031768799e+02
2.471087520122528076e+02
2.498106772899627686e+02
2.524900808334350586e+02
2.552040174007415771e+02
2.576672670841217041e+02
2.602826337814331055e+02
2.627824094295501709e+02
2.651981265544891357e+02
2.677419333457946777e+02
2.708951730728149414e+02
2.737144718170166016e+02
2.762723095417022705e+02
2.787010345458984375e+02
2.813098948001861572e+02
2.837020943164825439e+02
2.862979469299316406e+02
2.889653427600860596e+02
2.917458174228668213e+02
2.942095699310302734e+02
2.969135282039642334e+02
2.995919315814971924e+02
3.020576832294464111e+02
3.045214328765869141e+02
3.068295722007751465e+02
3.095540080070495605e+02
3.119832344055175781e+02
3.144785063266754150e+02
3.172965271472930908e+02
3.205098474025726318e+02
3.240018281936645508e+02
3.272816567420959473e+02
3.295557732582092285e+02
3.320391867160797119e+02
3.348857085704803467e+02
3.374726068973541260e+02
3.401244909763336182e+02
3.427038230895996094e+02
3.454257566928863525e+02
3.483648450374603271e+02
3.511968574523925781e+02
3.543806185722351074e+02
3.575696327686309814e+02
3.602265207767486572e+02
3.627448093891143799e+02
3.653921902179718018e+02
3.681141238212585449e+02
3.718342750072479248e+02
3.753913021087646484e+02
3.779791405200958252e+02
3.810913515090942383e+02
3.839488821029663086e+02
3.878071227073669434e+02
3.909722220897674561e+02
3.938107388019561768e+02
3.971056015491485596e+02
4.011129484176635742e+02
4.039959967136383057e+02
4.083621056079864502e+02
4.118055582046508789e+02
4.142916533946990967e+02
4.171536972522735596e+02
4.198541164398193359e+02
4.225270152091979980e+02
4.251653892993927002e+02
4.280844628810882568e+02
4.311369211673736572e+02
4.340339796543121338e+02
4.368784999847412109e+02
4.397355294227600098e+02
4.424069275856018066e+02
4.449357230663299561e+02
4.481175606250762939e+02
4.507289152145385742e+02
4.535359098911285400e+02
4.562518391609191895e+02
4.587371046543121338e+02
4.616806952953338623e+02
4.644496915340423584e+02
4.670425338745117188e+02
4.700962033271789551e+02
4.728156347274780273e+02
4.754525079727172852e+02
4.780123264789581299e+02
4.804045267105102539e+02
4.838724894523620605e+02
4.870177240371704102e+02
4.904451706409454346e+02
4.935338745117187500e+02
4.964334249496459961e+02
4.995436339378356934e+02
5.020198929309844971e+02
5.046657738685607910e+02
5.075768418312072754e+02
5.103438069820404053e+02
5.129531774520874023e+02
5.153934173583984375e+02
5.178656740188598633e+02
5.205495810508728027e+02
5.233745987415313721e+02
5.265128273963928223e+02
