3.309380054473876953e+00
5.749613761901855469e+00
8.202857017517089844e+00
1.059955954551696777e+01
1.304229497909545898e+01
1.543699693679809570e+01
1.786422014236450195e+01
2.081181454658508301e+01
2.480916357040405273e+01
2.747655868530273438e+01
3.028355288505554199e+01
3.309705162048339844e+01
3.578396010398864746e+01
3.859345722198486328e+01
4.126735639572143555e+01
4.399279236793518066e+01
4.679328179359436035e+01
5.044137430191040039e+01
5.408696389198303223e+01
5.870525217056274414e+01
6.314090251922607422e+01
7.843228006362915039e+01
8.370803713798522949e+01
9.044389343261718750e+01
9.679996657371520996e+01
1.016454095840454102e+02
1.096446552276611328e+02
1.179270353317260742e+02
1.224512498378753662e+02
1.258341526985168457e+02
1.290759556293487549e+02
1.317453522682189941e+02
1.344787940979003906e+02
1.372022290229797363e+02
1.412270879745483398e+02
1.445225362777709961e+02
1.478664112091064453e+02
1.508955631256103516e+02
1.538201408386230469e+02
1.567207016944885254e+02
1.610812990665435791e+02
1.640584144592285156e+02
1.696775176525115967e+02
1.725780785083770752e+02
1.756327481269836426e+02
1.786889264583587646e+02
1.817455973625183105e+02
1.846371624469757080e+02
1.873986239433288574e+02
1.911067585945129395e+02
1.962233939170837402e+02
2.022031414508819580e+02
2.073432931900024414e+02
2.123324425220489502e+02
2.150248551368713379e+02
2.179954655170440674e+02
2.208184709548950195e+02
2.236509828567504883e+02
2.268217360973358154e+02
2.297088007926940918e+02
2.323116500377655029e+02
2.349160120487213135e+02
2.376804754734039307e+02
2.408147022724151611e+02
2.439814579486846924e+02
2.474053905010223389e+02
2.506076653003692627e+02
2.542227334976196289e+02
2.573339500427246094e+02
2.606322939395904541e+02
2.645180661678314209e+02
2.676183125972747803e+02
2.708842961788177490e+02
2.740720605850219727e+02
2.784581770896911621e+02
2.829989023208618164e+02
2.867130413055419922e+02
2.901434876918792725e+02
2.932051622867584229e+02
2.973591198921203613e+02
3.011613214015960693e+02
3.046653110980987549e+02
3.082303431034088135e+02
3.115524857044219971e+02
3.155133481025695801e+02
3.198889567852020264e+02
3.232968778610229492e+02
3.270725600719451904e+02
3.302578232288360596e+02
3.331098484992980957e+02
3.362971131801605225e+02
3.395869600772857666e+02
3.436348724365234375e+02
3.472304263114929199e+02
3.504937438964843750e+02
3.539036667346954346e+02
3.572795650959014893e+02
3.694228696823120117e+02
3.725165681838989258e+02
3.786008903980255127e+02
3.856644077301025391e+02
3.956359999179840088e+02
4.001942458152770996e+02
4.061608912944793701e+02
4.157416985034942627e+02
4.230624070167541504e+02
4.333897430896759033e+02
4.425693252086639404e+02
4.507781558036804199e+02
4.599122741222381592e+02
4.647747344970703125e+02
4.728169472217559814e+02
4.766036374568939209e+02
4.875404150485992432e+02
4.995006852149963379e+02
5.155023720264434814e+02
5.219776036739349365e+02
5.251923863887786865e+02
5.358686320781707764e+02
5.551602113246917725e+02
5.708078274726867676e+02
5.845935325622558594e+02
5.955673277378082275e+02
6.046632897853851318e+02
6.123392426967620850e+02
6.167158520221710205e+02
6.206866726875305176e+02
6.247700734138488770e+02
6.280313971042633057e+02
6.308323972225189209e+02
6.333041625022888184e+02
6.361406774520874023e+02
6.388320891857147217e+02
6.420333645343780518e+02
6.449314231872558594e+02
6.474772312641143799e+02
6.505113866329193115e+02
6.533559076786041260e+02
6.563790550231933594e+02
6.590069222450256348e+02
6.616688203811645508e+02
6.644648065567016602e+02
6.669800982475280762e+02
6.695234057903289795e+02
6.720126738548278809e+02
6.746390397548675537e+02
6.772293798923492432e+02
6.798647601604461670e+02
6.825426630973815918e+02
6.881541495323181152e+02
6.906449191570281982e+02
6.935189602375030518e+02
6.961388213634490967e+02
6.986195838451385498e+02
7.017027745246887207e+02
7.043961875438690186e+02
7.070180506706237793e+02
7.096329157352447510e+02
7.121947352886199951e+02
7.154756054878234863e+02
7.186293461322784424e+02
7.221958787441253662e+02
7.251129512786865234e+02
7.308114998340606689e+02
7.335234315395355225e+02
7.361863183975219727e+02
7.387841634750366211e+02
7.412614243030548096e+02
7.438137366771697998e+02
7.463050065040588379e+02
7.489909141063690186e+02
7.517613825798034668e+02
7.551247999668121338e+02
7.579593138694763184e+02
7.605051341056823730e+02
7.630014057159423828e+02
7.654257454872131348e+02
7.679605467319488525e+02
7.811769359111785889e+02
7.926151168346405029e+02
7.963467669486999512e+02
8.015399568080902100e+02
8.092249245643615723e+02
8.136180458068847656e+02
8.200406084060668945e+02
8.231783378124237061e+02
8.257967054843902588e+02
8.285726776123046875e+02
8.315542957782745361e+02
8.341611487865447998e+02
8.366319034099578857e+02
8.394408996105194092e+02
8.422493937015533447e+02
8.449848368167877197e+02
8.477192797660827637e+02
8.505037581920623779e+02
8.539747612476348877e+02
8.571435120105743408e+02
8.596267762184143066e+02
8.630467143058776855e+02
