3.449450016021728516e+00
6.120347976684570312e+00
8.711688518524169922e+00
1.208408427238464355e+01
1.473146557807922363e+01
1.766604971885681152e+01
2.020985722541809082e+01
2.316645860671997070e+01
2.600347256660461426e+01
2.872991013526916504e+01
3.152739763259887695e+01
3.587198424339294434e+01
3.887062501907348633e+01
4.288797903060913086e+01
4.575001239776611328e+01
4.871912693977355957e+01
5.251032042503356934e+01
5.564755010604858398e+01
5.871522855758666992e+01
6.352965688705444336e+01
6.647695302963256836e+01
6.959469056129455566e+01
7.344593524932861328e+01
7.715913343429565430e+01
7.982253360748291016e+01
8.243488931655883789e+01
8.513831019401550293e+01
8.788280868530273438e+01
9.077035999298095703e+01
9.372245740890502930e+01
9.676211643218994141e+01
9.958161973953247070e+01
1.026763181686401367e+02
1.059761629104614258e+02
1.091659286022186279e+02
1.122721352577209473e+02
1.151686935424804688e+02
1.179846935272216797e+02
1.212370035648345947e+02
1.249151165485382080e+02
1.284726445674896240e+02
1.320231666564941406e+02
1.356242251396179199e+02
1.383146362304687500e+02
1.410350682735443115e+02
1.438660800457000732e+02
1.473030316829681396e+02
1.500785033702850342e+02
1.526718451976776123e+02
1.553957870006561279e+02
1.579661126136779785e+02
1.606545259952545166e+02
1.634099845886230469e+02
1.660033261775970459e+02
1.688043241500854492e+02
1.718609957695007324e+02
1.745278904438018799e+02
1.776326770782470703e+02
1.806002936363220215e+02
1.840302302837371826e+02
1.874606745243072510e+02
1.905063381195068359e+02
1.939933776855468750e+02
1.969811425209045410e+02
1.996740560531616211e+02
2.026696839332580566e+02
2.054026250839233398e+02
2.084863159656524658e+02
2.119082534313201904e+02
2.153772189617156982e+02
2.182487580776214600e+02
2.209336652755737305e+02
2.237361564636230469e+02
2.263945446014404297e+02
2.290929706096649170e+02
2.321081120967864990e+02
2.348305459022521973e+02
2.376305446624755859e+02
2.430276305675506592e+02
2.462231142520904541e+02
2.490351121425628662e+02
2.517005550861358643e+02
2.550854599475860596e+02
2.581476352214813232e+02
2.618167479038238525e+02
2.652739944458007812e+02
2.701975407600402832e+02
2.747030577659606934e+02
2.789005496501922607e+02
2.834447772502899170e+02
2.880885775089263916e+02
2.943165016174316406e+02
2.991529438495635986e+02
3.119587924480438232e+02
3.209681999683380127e+02
3.314276461601257324e+02
3.420777766704559326e+02
3.456328024864196777e+02
3.498372900485992432e+02
3.536810195446014404e+02
3.581762967109680176e+02
3.615135478973388672e+02
3.648429126739501953e+02
3.680526928901672363e+02
3.709057195186614990e+02
3.738598246574401855e+02
3.766167836189270020e+02
3.795728838443756104e+02
3.824281079769134521e+02
3.852991867065429688e+02
3.880671529769897461e+02
3.909141757488250732e+02
3.940248856544494629e+02
3.972957088947296143e+02
4.004234311580657959e+02
4.041446213722229004e+02
4.081119825839996338e+02
4.117060358524322510e+02
4.146561310291290283e+02
4.174771347045898438e+02
4.204042222499847412e+02
4.237787315845489502e+02
4.270120284557342529e+02
4.298825671672821045e+02
4.327841286659240723e+02
4.358227872848510742e+02
4.386473038196563721e+02
4.418996138572692871e+02
4.451284167766571045e+02
4.479103925228118896e+02
4.508464772701263428e+02
4.535188763141632080e+02
4.562643268108367920e+02
4.590523068904876709e+02
4.617252562046051025e+02
4.643776404857635498e+02
4.671581158638000488e+02
4.697154314517974854e+02
4.724498741626739502e+02
4.751437940597534180e+02
4.780408527851104736e+02
4.819306719303131104e+02
4.850043556690216064e+02
4.901019773483276367e+02
4.933262763023376465e+02
4.972680773735046387e+02
5.037576987743377686e+02
5.075428884029388428e+02
5.107486503124237061e+02
5.140009605884552002e+02
5.183800718784332275e+02
5.238880748748779297e+02
5.274735689163208008e+02
5.311531827449798584e+02
5.350494503974914551e+02
5.382502243518829346e+02
5.414244885444641113e+02
5.456004550457000732e+02
5.574169411659240723e+02
5.694680023193359375e+02
5.727163095474243164e+02
5.756819162368774414e+02
5.784413764476776123e+02
5.813639528751373291e+02
5.841024050712585449e+02
5.868993921279907227e+02
5.897309029102325439e+02
5.923262529373168945e+02
5.952603392601013184e+02
5.978371677398681641e+02
6.004390163421630859e+02
6.040328619480133057e+02
6.072056598663330078e+02
6.100441865921020508e+02
6.129267344474792480e+02
6.157917687892913818e+02
6.187388777732849121e+02
6.216059141159057617e+02
6.247081255912780762e+02
6.289971864223480225e+02
6.332557120323181152e+02
6.371855854988098145e+02
6.398534858226776123e+02
6.425774264335632324e+02
6.455005033016204834e+02
6.483170032501220703e+02
6.511455132961273193e+02
6.537963967323303223e+02
6.566959564685821533e+02
6.595094549655914307e+02
6.620877864360809326e+02
6.648077189922332764e+02
6.673740422725677490e+02
6.701855394840240479e+02
6.729950356483459473e+02
6.756829447746276855e+02
6.789597730636596680e+02
6.819148910045623779e+02
6.849030139446258545e+02
6.875884215831756592e+02
