1.951219327747821808e-02
1.219512149691581726e-02
7.317073177546262741e-03
1.219512149691581726e-02
3.414634242653846741e-02
9.756097570061683655e-03
2.195121906697750092e-02
4.878048785030841827e-03
1.707316935062408447e-02
1.219512149691581726e-02
1.463414542376995087e-02
2.926829084753990173e-02
2.439024485647678375e-02
1.951219514012336731e-02
2.195121720433235168e-02
1.463414635509252548e-02
2.439024299383163452e-02
2.439024299383163452e-02
3.658536449074745178e-02
2.439024113118648529e-02
3.170731663703918457e-02
3.658536821603775024e-02
3.658536449074745178e-02
3.658536821603775024e-02
5.609756335616111755e-02
4.634146019816398621e-02
5.853658542037010193e-02
6.829268485307693481e-02
6.829268485307693481e-02
4.878048598766326904e-02
8.780486881732940674e-02
9.024389833211898804e-02
7.804878056049346924e-02
1.073170751333236694e-01
8.780488371849060059e-02
1.146341413259506226e-01
1.341463327407836914e-01
1.292682886123657227e-01
1.097560897469520569e-01
1.487804800271987915e-01
1.292683035135269165e-01
1.439024358987808228e-01
1.829268336296081543e-01
1.487804651260375977e-01
1.707317084074020386e-01
1.585365980863571167e-01
1.829268187284469604e-01
2.073170691728591919e-01
1.975609660148620605e-01
1.999999880790710449e-01
2.146341353654861450e-01
1.902438998222351074e-01
2.268292903900146484e-01
2.317073196172714233e-01
2.341463416814804077e-01
2.536585330963134766e-01
2.365853637456893921e-01
2.243902236223220825e-01
2.536585330963134766e-01
2.731707096099853516e-01
2.512195110321044922e-01
2.560975551605224609e-01
2.756097316741943359e-01
2.365853488445281982e-01
2.829268276691436768e-01
2.780487537384033203e-01
2.658536434173583984e-01
3.097561001777648926e-01
2.853658497333526611e-01
2.804878354072570801e-01
3.097561001777648926e-01
3.219512104988098145e-01
3.097561001777648926e-01
3.317073583602905273e-01
3.414634168148040771e-01
3.414634466171264648e-01
3.560975492000579834e-01
3.439024090766906738e-01
3.073170483112335205e-01
3.097561001777648926e-01
3.634146451950073242e-01
3.536584973335266113e-01
3.097561001777648926e-01
3.658536672592163086e-01
3.609756231307983398e-01
3.682926893234252930e-01
3.829268217086791992e-01
3.609755933284759521e-01
3.756097555160522461e-01
3.804877996444702148e-01
3.926829099655151367e-01
3.926829099655151367e-01
3.560975790023803711e-01
3.512195348739624023e-01
3.512195050716400146e-01
4.048780500888824463e-01
4.048780500888824463e-01
3.731707334518432617e-01
3.853658437728881836e-01
3.951219320297241211e-01
4.170731604099273682e-01
4.243901968002319336e-01
3.999999761581420898e-01
3.829267919063568115e-01
3.731707334518432617e-01
4.195121824741363525e-01
4.390243589878082275e-01
4.073170423507690430e-01
4.341463148593902588e-01
4.121951162815093994e-01
4.146341383457183838e-01
4.317073225975036621e-01
4.560975432395935059e-01
4.268292784690856934e-01
4.682926535606384277e-01
4.365853369235992432e-01
4.121951162815093994e-01
4.292682707309722900e-01
4.439024031162261963e-01
4.390244185924530029e-01
4.268292486667633057e-01
4.804877936840057373e-01
4.658536314964294434e-01
4.439024329185485840e-01
4.341462850570678711e-01
5.000000000000000000e-01
4.463414251804351807e-01
4.658536314964294434e-01
4.365853369235992432e-01
4.536584913730621338e-01
4.951219260692596436e-01
5.048780441284179688e-01
4.731707274913787842e-01
4.804877638816833496e-01
4.804877638816833496e-01
4.731707274913787842e-01
4.634146094322204590e-01
4.878048896789550781e-01
4.658536314964294434e-01
4.439024627208709717e-01
5.024390220642089844e-01
4.585365653038024902e-01
4.975609779357910156e-01
4.829267859458923340e-01
4.829268157482147217e-01
4.951219856739044189e-01
4.292682707309722900e-01
5.170731544494628906e-01
5.170731544494628906e-01
4.853658676147460938e-01
4.902439117431640625e-01
5.390243530273437500e-01
4.878048300743103027e-01
4.804877638816833496e-01
5.195121765136718750e-01
5.000000000000000000e-01
4.975609779357910156e-01
5.121951103210449219e-01
5.121951103210449219e-01
5.365853309631347656e-01
5.073170661926269531e-01
5.170731544494628906e-01
5.170731544494628906e-01
5.170731544494628906e-01
5.121951103210449219e-01
5.170731544494628906e-01
5.365853309631347656e-01
5.268292427062988281e-01
5.170731544494628906e-01
4.853658080101013184e-01
5.121951103210449219e-01
4.975609779357910156e-01
5.414633750915527344e-01
5.170731544494628906e-01
5.463414192199707031e-01
5.341463088989257812e-01
5.121951103210449219e-01
5.243902206420898438e-01
5.073170661926269531e-01
5.292682647705078125e-01
5.048779845237731934e-01
5.219511985778808594e-01
5.390243530273437500e-01
5.487804412841796875e-01
5.341463088989257812e-01
5.463414192199707031e-01
5.682926774024963379e-01
5.170731544494628906e-01
5.439024567604064941e-01
5.658536553382873535e-01
5.536584854125976562e-01
5.243902206420898438e-01
5.609756112098693848e-01
5.390243530273437500e-01
5.585365295410156250e-01
5.365853309631347656e-01
5.268292427062988281e-01
5.219511985778808594e-01
5.560975074768066406e-01
5.463414192199707031e-01
