2.439024299383163452e-02
2.682926878333091736e-02
9.756097570061683655e-03
1.951219327747821808e-02
4.878048785030841827e-03
2.926829084753990173e-02
1.219512149691581726e-02
2.439024299383163452e-02
7.317073177546262741e-03
1.219512149691581726e-02
2.195121906697750092e-02
1.463414542376995087e-02
9.756097570061683655e-03
1.463414635509252548e-02
1.951219327747821808e-02
1.707316935062408447e-02
1.707316935062408447e-02
1.463414542376995087e-02
1.463414542376995087e-02
1.219512149691581726e-02
2.682926692068576813e-02
3.414634242653846741e-02
2.439024485647678375e-02
1.463414542376995087e-02
9.756097570061683655e-03
3.170731663703918457e-02
2.195121906697750092e-02
3.414634242653846741e-02
2.926829271018505096e-02
4.878048971295356750e-02
4.878048598766326904e-02
5.121950805187225342e-02
5.609756335616111755e-02
6.829268485307693481e-02
8.048781007528305054e-02
9.512195736169815063e-02
1.121951267123222351e-01
9.024390578269958496e-02
1.121951341629028320e-01
1.219512224197387695e-01
1.341463476419448853e-01
1.195121854543685913e-01
1.682926714420318604e-01
1.634146422147750854e-01
1.512195169925689697e-01
1.853658556938171387e-01
1.902438998222351074e-01
2.024390250444412231e-01
2.268292605876922607e-01
2.097560912370681763e-01
2.414634227752685547e-01
2.170731574296951294e-01
2.292682826519012451e-01
2.609756290912628174e-01
2.219512015581130981e-01
2.926829159259796143e-01
2.829268276691436768e-01
2.463414520025253296e-01
2.878048717975616455e-01
2.829268276691436768e-01
2.756097316741943359e-01
2.658536434173583984e-01
2.853658497333526611e-01
3.097561299800872803e-01
3.365854024887084961e-01
3.536585569381713867e-01
3.097561001777648926e-01
3.560975790023803711e-01
3.097561001777648926e-01
3.024390041828155518e-01
3.634146451950073242e-01
3.512195348739624023e-01
3.560975492000579834e-01
3.609755933284759521e-01
3.634146451950073242e-01
3.634146451950073242e-01
3.902438879013061523e-01
3.804877996444702148e-01
3.780487775802612305e-01
3.878048658370971680e-01
3.975609540939331055e-01
3.951219320297241211e-01
3.853658437728881836e-01
4.243901968002319336e-01
4.000000059604644775e-01
4.073170423507690430e-01
4.097560942173004150e-01
4.097560942173004150e-01
3.975609838962554932e-01
4.414633810520172119e-01
4.341463446617126465e-01
4.317072927951812744e-01
4.219511747360229492e-01
4.073170721530914307e-01
4.317072927951812744e-01
4.390243589878082275e-01
4.121951162815093994e-01
4.585365653038024902e-01
4.487804472446441650e-01
4.463414549827575684e-01
4.780487716197967529e-01
4.463414549827575684e-01
4.878048598766326904e-01
4.878048598766326904e-01
4.463414847850799561e-01
4.756097495555877686e-01
4.560975134372711182e-01
4.536585509777069092e-01
4.658536314964294434e-01
4.804877936840057373e-01
4.365853369235992432e-01
4.390243589878082275e-01
4.536585211753845215e-01
4.560975134372711182e-01
4.878048896789550781e-01
4.634146392345428467e-01
5.073170661926269531e-01
4.731707274913787842e-01
4.902439117431640625e-01
4.829268157482147217e-01
4.682926535606384277e-01
4.926829338073730469e-01
4.853658676147460938e-01
4.902438819408416748e-01
4.853658378124237061e-01
4.634146392345428467e-01
4.902438819408416748e-01
5.097560882568359375e-01
4.634146392345428467e-01
5.365853309631347656e-01
4.878048598766326904e-01
4.853658080101013184e-01
4.975609481334686279e-01
5.341463088989257812e-01
5.073170661926269531e-01
4.926829338073730469e-01
5.219511985778808594e-01
5.073170661926269531e-01
4.999999701976776123e-01
5.195121765136718750e-01
5.073170661926269531e-01
4.756097793579101562e-01
5.487805008888244629e-01
4.804877936840057373e-01
5.048780441284179688e-01
4.902438819408416748e-01
5.097560882568359375e-01
4.804877936840057373e-01
5.292683243751525879e-01
5.560975670814514160e-01
5.341463088989257812e-01
5.243902206420898438e-01
5.268292427062988281e-01
5.219511985778808594e-01
5.292682647705078125e-01
5.365853309631347656e-01
5.219511985778808594e-01
5.341463088989257812e-01
5.439023971557617188e-01
5.414633750915527344e-01
5.414633750915527344e-01
5.341463685035705566e-01
5.414633750915527344e-01
5.292682647705078125e-01
5.390243530273437500e-01
5.317073464393615723e-01
5.365853905677795410e-01
5.682926177978515625e-01
5.560975074768066406e-01
5.609756112098693848e-01
5.707316994667053223e-01
5.536584854125976562e-01
5.707316398620605469e-01
5.317072868347167969e-01
5.926828980445861816e-01
5.317072868347167969e-01
5.707316994667053223e-01
5.707316994667053223e-01
5.658536553382873535e-01
5.536584854125976562e-01
5.414633750915527344e-01
5.512194633483886719e-01
5.268292427062988281e-01
5.585365891456604004e-01
5.146341323852539062e-01
5.243902206420898438e-01
5.560975074768066406e-01
5.560975670814514160e-01
5.317073464393615723e-01
5.804878473281860352e-01
5.853658318519592285e-01
5.487805008888244629e-01
5.780487656593322754e-01
5.585365891456604004e-01
5.390243530273437500e-01
5.512195229530334473e-01
5.682926177978515625e-01
5.999999642372131348e-01
5.512195229530334473e-01
5.634146332740783691e-01
