2.195121720433235168e-02
1.707317121326923370e-02
1.219512149691581726e-02
2.682926692068576813e-02
9.756097570061683655e-03
1.219512149691581726e-02
1.951219514012336731e-02
1.951219327747821808e-02
2.195121720433235168e-02
1.463414542376995087e-02
9.756097570061683655e-03
1.219512149691581726e-02
1.951219327747821808e-02
1.463414542376995087e-02
3.658536449074745178e-02
1.707316935062408447e-02
9.756097570061683655e-03
9.756097570061683655e-03
1.951219514012336731e-02
2.439024392515420914e-03
1.707316935062408447e-02
1.951219327747821808e-02
2.439024113118648529e-02
9.756097570061683655e-03
3.902439028024673462e-02
9.756097570061683655e-03
1.463414542376995087e-02
2.195121906697750092e-02
1.951219327747821808e-02
2.682926878333091736e-02
1.951219514012336731e-02
9.756097570061683655e-03
2.682926878333091736e-02
2.439024485647678375e-02
4.146341606974601746e-02
4.390243813395500183e-02
3.902438655495643616e-02
4.878048971295356750e-02
5.609755963087081909e-02
5.121951550245285034e-02
5.853658542037010193e-02
7.073171436786651611e-02
7.560975849628448486e-02
6.585365533828735352e-02
7.804877310991287231e-02
8.048780262470245361e-02
1.170731633901596069e-01
9.268292039632797241e-02
1.219512149691581726e-01
1.268292665481567383e-01
1.365853697061538696e-01
1.121951192617416382e-01
1.512195020914077759e-01
1.658536791801452637e-01
1.560975611209869385e-01
1.658536642789840698e-01
1.878048777580261230e-01
1.878048926591873169e-01
1.658536493778228760e-01
2.097560912370681763e-01
1.975609660148620605e-01
1.951219439506530762e-01
2.268292605876922607e-01
2.243902385234832764e-01
2.634146213531494141e-01
2.682926654815673828e-01
2.390244007110595703e-01
2.414634227752685547e-01
2.365853786468505859e-01
2.634146213531494141e-01
2.682926654815673828e-01
2.878048717975616455e-01
2.463414520025253296e-01
3.170731663703918457e-01
2.951219081878662109e-01
2.853658497333526611e-01
2.878048419952392578e-01
3.024390041828155518e-01
3.146341443061828613e-01
2.951219677925109863e-01
3.219512104988098145e-01
2.951219379901885986e-01
3.268292546272277832e-01
3.439024090766906738e-01
2.999999821186065674e-01
3.073170483112335205e-01
3.268292546272277832e-01
2.975609600543975830e-01
3.292683064937591553e-01
3.487805128097534180e-01
3.512195050716400146e-01
3.439024388790130615e-01
3.292683362960815430e-01
3.902439177036285400e-01
3.756097853183746338e-01
3.609755635261535645e-01
3.731707334518432617e-01
3.439024388790130615e-01
3.682926893234252930e-01
3.268292546272277832e-01
3.780487775802612305e-01
3.756097853183746338e-01
3.804877996444702148e-01
3.780488371849060059e-01
3.975609838962554932e-01
3.560975790023803711e-01
4.195121824741363525e-01
3.829268217086791992e-01
3.951219320297241211e-01
3.999999761581420898e-01
4.073170423507690430e-01
4.073170721530914307e-01
4.219512343406677246e-01
3.975609838962554932e-01
4.536585211753845215e-01
4.365853667259216309e-01
4.121950864791870117e-01
4.146341383457183838e-01
4.146341085433959961e-01
4.658536612987518311e-01
4.292682707309722900e-01
4.341463446617126465e-01
4.560975432395935059e-01
4.048780500888824463e-01
4.390243589878082275e-01
4.219512343406677246e-01
4.463414549827575684e-01
4.365853667259216309e-01
4.536585211753845215e-01
4.463414549827575684e-01
4.292683005332946777e-01
4.243902564048767090e-01
4.414634108543395996e-01
4.317073225975036621e-01
4.682926833629608154e-01
4.414634108543395996e-01
4.487805068492889404e-01
4.414634108543395996e-01
4.634146094322204590e-01
4.536585211753845215e-01
4.560975432395935059e-01
4.780487418174743652e-01
4.682926833629608154e-01
4.707316756248474121e-01
4.243902266025543213e-01
4.853658378124237061e-01
4.585365653038024902e-01
4.731707572937011719e-01
4.731706976890563965e-01
4.756097793579101562e-01
4.853658378124237061e-01
5.048780441284179688e-01
4.707316756248474121e-01
4.780487418174743652e-01
5.024390220642089844e-01
4.902438819408416748e-01
4.634146094322204590e-01
4.902439117431640625e-01
4.902439117431640625e-01
4.609755873680114746e-01
4.658536314964294434e-01
4.829268157482147217e-01
4.902439117431640625e-01
5.195121765136718750e-01
4.707317054271697998e-01
4.780488014221191406e-01
4.951218962669372559e-01
4.756097793579101562e-01
5.024390220642089844e-01
4.878048598766326904e-01
4.999999701976776123e-01
5.121951103210449219e-01
5.073170661926269531e-01
4.780488014221191406e-01
5.073170661926269531e-01
5.243902206420898438e-01
5.390243530273437500e-01
5.048780441284179688e-01
4.902439117431640625e-01
5.073170661926269531e-01
5.341463088989257812e-01
5.170731544494628906e-01
4.951219558715820312e-01
5.146341323852539062e-01
4.829268455505371094e-01
5.073170661926269531e-01
5.365853905677795410e-01
5.195121765136718750e-01
5.243902206420898438e-01
5.243902206420898438e-01
5.292682647705078125e-01
4.975609779357910156e-01
5.121951103210449219e-01
5.024390220642089844e-01
5.048780441284179688e-01
5.219511985778808594e-01
5.097560882568359375e-01
5.414633750915527344e-01
5.121951103210449219e-01
5.292683243751525879e-01
