7.317073177546262741e-03
1.463414635509252548e-02
9.756097570061683655e-03
2.682926692068576813e-02
1.707316935062408447e-02
2.195121720433235168e-02
1.951219327747821808e-02
1.707316935062408447e-02
2.682926505804061890e-02
2.439024113118648529e-02
2.195121720433235168e-02
1.707316935062408447e-02
1.463414542376995087e-02
1.463414542376995087e-02
1.951219514012336731e-02
1.463414542376995087e-02
2.682926878333091736e-02
2.439024299383163452e-02
3.170731291174888611e-02
3.170731663703918457e-02
4.390244185924530029e-02
3.414634242653846741e-02
5.365853384137153625e-02
5.121951177716255188e-02
4.878048598766326904e-02
6.585366278886795044e-02
6.829268485307693481e-02
5.365853756666183472e-02
9.268292039632797241e-02
1.000000089406967163e-01
8.780486881732940674e-02
1.024390310049057007e-01
9.756097197532653809e-02
1.073170676827430725e-01
1.097560971975326538e-01
1.365853548049926758e-01
1.317073255777359009e-01
1.682926863431930542e-01
1.658536493778228760e-01
1.634146273136138916e-01
1.707317084074020386e-01
1.975609660148620605e-01
1.951219588518142700e-01
1.999999880790710449e-01
2.170731574296951294e-01
2.024390250444412231e-01
1.975609809160232544e-01
2.219512164592742920e-01
2.365853488445281982e-01
2.365853637456893921e-01
2.292682826519012451e-01
2.365853786468505859e-01
2.463414520025253296e-01
2.707316875457763672e-01
2.731707394123077393e-01
3.121951222419738770e-01
2.975609600543975830e-01
3.048780560493469238e-01
2.926829457283020020e-01
2.853658497333526611e-01
3.219512104988098145e-01
3.390243649482727051e-01
3.073170781135559082e-01
3.414634168148040771e-01
3.439024388790130615e-01
3.609755933284759521e-01
3.243902623653411865e-01
3.292683064937591553e-01
3.121951222419738770e-01
3.804877996444702148e-01
3.658536672592163086e-01
3.829268515110015869e-01
3.560975790023803711e-01
3.682926595211029053e-01
3.365853428840637207e-01
3.780487775802612305e-01
3.951219618320465088e-01
3.902438879013061523e-01
4.073170423507690430e-01
3.975609540939331055e-01
3.634146153926849365e-01
3.829268515110015869e-01
3.878048658370971680e-01
3.999999761581420898e-01
4.170731604099273682e-01
4.000000059604644775e-01
4.024390280246734619e-01
4.243902266025543213e-01
4.146341681480407715e-01
4.073170721530914307e-01
4.195121824741363525e-01
4.512195587158203125e-01
4.634146094322204590e-01
4.292682707309722900e-01
4.634146094322204590e-01
4.512194991111755371e-01
4.219512045383453369e-01
4.658536612987518311e-01
4.414634108543395996e-01
4.682926535606384277e-01
4.609756171703338623e-01
4.682927131652832031e-01
4.439024031162261963e-01
4.682926535606384277e-01
4.707316756248474121e-01
4.707317054271697998e-01
4.707316756248474121e-01
4.682926535606384277e-01
5.073170661926269531e-01
4.707316756248474121e-01
4.902438819408416748e-01
4.341463446617126465e-01
4.609756171703338623e-01
4.804878234863281250e-01
4.829268157482147217e-01
5.073170661926269531e-01
4.243902266025543213e-01
4.878048300743103027e-01
4.487804472446441650e-01
4.780488014221191406e-01
4.829268157482147217e-01
4.682926535606384277e-01
4.829268455505371094e-01
4.536584913730621338e-01
5.146341323852539062e-01
4.951219558715820312e-01
5.390244126319885254e-01
5.121951103210449219e-01
5.317072868347167969e-01
4.926829338073730469e-01
5.365853309631347656e-01
5.048780441284179688e-01
4.853658676147460938e-01
5.024390220642089844e-01
5.195121765136718750e-01
5.317072868347167969e-01
5.512194633483886719e-01
5.000000000000000000e-01
5.414634346961975098e-01
5.292683243751525879e-01
5.463414788246154785e-01
4.756097197532653809e-01
5.439024567604064941e-01
5.512194633483886719e-01
5.268292427062988281e-01
5.048780441284179688e-01
5.146341323852539062e-01
5.170731544494628906e-01
5.243902206420898438e-01
5.073170661926269531e-01
5.341463088989257812e-01
5.243902206420898438e-01
5.170731544494628906e-01
5.390244126319885254e-01
5.463414192199707031e-01
5.341463088989257812e-01
5.439024567604064941e-01
5.414633750915527344e-01
5.439024567604064941e-01
5.219511985778808594e-01
5.682926774024963379e-01
5.634146332740783691e-01
5.487804412841796875e-01
5.560975670814514160e-01
5.268292427062988281e-01
5.365853905677795410e-01
5.585365891456604004e-01
5.463414788246154785e-01
5.463414192199707031e-01
5.390243530273437500e-01
5.926829576492309570e-01
5.682926177978515625e-01
5.512194633483886719e-01
5.585365891456604004e-01
5.658537149429321289e-01
5.219511985778808594e-01
5.268292427062988281e-01
5.658535957336425781e-01
5.463414192199707031e-01
5.853658318519592285e-01
5.463414192199707031e-01
5.365853309631347656e-01
6.048780679702758789e-01
5.902439355850219727e-01
5.609755516052246094e-01
5.731707215309143066e-01
5.756097435951232910e-01
5.609755516052246094e-01
5.560975074768066406e-01
5.585365295410156250e-01
5.707316398620605469e-01
5.658536553382873535e-01
6.000000238418579102e-01
5.609755516052246094e-01
5.585365295410156250e-01
5.829268693923950195e-01
5.609755516052246094e-01
5.829268097877502441e-01
5.780487656593322754e-01
5.902438759803771973e-01
