6.085617780685424805e+00
1.013234186172485352e+01
1.450945878028869629e+01
1.901120686531066895e+01
2.465089011192321777e+01
2.978105831146240234e+01
3.477165675163269043e+01
4.057794046401977539e+01
4.648857831954956055e+01
5.171801614761352539e+01
5.687245225906372070e+01
6.252759671211242676e+01
6.812597560882568359e+01
7.350751018524169922e+01
7.897492837905883789e+01
8.511865377426147461e+01
9.044243955612182617e+01
9.470847249031066895e+01
9.959294533729553223e+01
1.056612603664398193e+02
1.095920560359954834e+02
1.137269942760467529e+02
1.179089682102203369e+02
1.220699274539947510e+02
1.261578335762023926e+02
1.305679688453674316e+02
1.351372320652008057e+02
1.399196181297302246e+02
1.457639420032501221e+02
1.503661930561065674e+02
1.553629431724548340e+02
1.630098052024841309e+02
1.689186649322509766e+02
1.754742639064788818e+02
1.817807824611663818e+02
1.868711349964141846e+02
1.915802068710327148e+02
1.966206033229827881e+02
2.016907031536102295e+02
2.068296439647674561e+02
2.115547113418579102e+02
2.164254741668701172e+02
2.212635049819946289e+02
2.258732342720031738e+02
2.305857422351837158e+02
2.353244895935058594e+02
2.398673579692840576e+02
2.446310634613037109e+02
2.493560628890991211e+02
2.542307026386260986e+02
2.590812559127807617e+02
2.635566782951354980e+02
2.685835664272308350e+02
2.732277464866638184e+02
2.779595162868499756e+02
2.826315400600433350e+02
2.872819805145263672e+02
2.919486176967620850e+02
2.967243139743804932e+02
3.014724111557006836e+02
3.064247486591339111e+02
3.110249824523925781e+02
3.155512003898620605e+02
3.201314632892608643e+02
3.246883862018585205e+02
3.292883441448211670e+02
3.337514035701751709e+02
3.383578715324401855e+02
3.429629461765289307e+02
3.475819671154022217e+02
3.520705628395080566e+02
3.565415768623352051e+02
3.610212414264678955e+02
3.655561997890472412e+02
3.703885562419891357e+02
3.748938026428222656e+02
3.793165130615234375e+02
3.839714164733886719e+02
3.882407574653625488e+02
3.920964992046356201e+02
3.961954131126403809e+02
4.006263775825500488e+02
4.046314740180969238e+02
4.089984557628631592e+02
4.131153826713562012e+02
4.168860635757446289e+02
4.206517410278320312e+02
4.239130594730377197e+02
4.270973234176635742e+02
4.302415597438812256e+02
4.333677818775177002e+02
4.365660555362701416e+02
4.397152953147888184e+02
4.428305099010467529e+02
4.459437234401702881e+02
4.489669148921966553e+02
4.520491065979003906e+02
4.552393617630004883e+02
4.586407799720764160e+02
4.625075423717498779e+02
4.655977265834808350e+02
4.686339006423950195e+02
4.717562055587768555e+02
4.748694343566894531e+02
4.779516105651855469e+02
4.810548169612884521e+02
4.840549509525299072e+02
4.870951118469238281e+02
4.901723122596740723e+02
4.932244920730590820e+02
4.962196216583251953e+02
4.992417700290679932e+02
5.023239753246307373e+02
5.054391765594482422e+02
5.084783508777618408e+02
5.115325088500976562e+02
5.145526566505432129e+02
5.176698729991912842e+02
5.206610007286071777e+02
5.237762148380279541e+02
5.268283841609954834e+02
5.299035713672637939e+02
5.329477355480194092e+02
5.360199198722839355e+02
5.390240554809570312e+02
5.420362122058868408e+02
5.450473387241363525e+02
5.480915536880493164e+02
5.511987626552581787e+02
5.542439277172088623e+02
5.574101922512054443e+02
5.605094017982482910e+02
5.635975980758666992e+02
5.666837923526763916e+02
5.698200216293334961e+02
5.729392395019531250e+02
5.759513809680938721e+02
5.790415785312652588e+02
5.821187660694122314e+02
5.852509927749633789e+02
5.886193883419036865e+02
5.917265977859497070e+02
5.947767660617828369e+02
5.978889794349670410e+02
6.009691689014434814e+02
6.040413534641265869e+02
6.071235449314117432e+02
6.102217483520507812e+02
6.132579066753387451e+02
6.162950661182403564e+02
6.194553594589233398e+02
6.224865114688873291e+02
6.255516786575317383e+02
6.286348841190338135e+02
6.315909848213195801e+02
6.346241340637207031e+02
6.375632321834564209e+02
6.405923721790313721e+02
6.435845127105712891e+02
6.465876345634460449e+02
6.496057937145233154e+02
6.527170059680938721e+02
6.558102390766143799e+02
6.588764176368713379e+02
6.619315767288208008e+02
6.650107657909393311e+02
6.679988906383514404e+02
6.710730762481689453e+02
6.740932230949401855e+02
6.771644067764282227e+02
6.801715452671051025e+02
6.832087047100067139e+02
6.862418613433837891e+02
6.894401857852935791e+02
6.924653506278991699e+02
6.954974927902221680e+02
6.985096347332000732e+02
7.015497965812683105e+02
7.046269998550415039e+02
7.075810849666595459e+02
7.106472642421722412e+02
7.136774194240570068e+02
7.167255992889404297e+02
7.197897787094116211e+02
7.228389451503753662e+02
7.257800238132476807e+02
7.288301930427551270e+02
7.318393325805664062e+02
7.349315311908721924e+02
7.384790532588958740e+02
7.415172133445739746e+02
7.447074954509735107e+02
7.477486577033996582e+02
7.507447738647460938e+02
7.537829339504241943e+02
7.568230957984924316e+02
7.604596819877624512e+02
7.636129236221313477e+02
7.666470808982849121e+02
7.697072565555572510e+02
