6.495445489883422852e+00
1.223486137390136719e+01
1.752354836463928223e+01
2.306091284751892090e+01
2.869478440284729004e+01
3.430022716522216797e+01
3.993034195899963379e+01
4.597866010665893555e+01
5.169628047943115234e+01
5.718840885162353516e+01
6.253086757659912109e+01
6.819293689727783203e+01
7.371955561637878418e+01
7.943796730041503906e+01
8.547856211662292480e+01
9.104524374008178711e+01
9.714171862602233887e+01
1.028051149845123291e+02
1.085280337333679199e+02
1.145809102058410645e+02
1.205356230735778809e+02
1.265287280082702637e+02
1.326487298011779785e+02
1.384735734462738037e+02
1.440252473354339600e+02
1.500379459857940674e+02
1.555975055694580078e+02
1.615400013923645020e+02
1.674750339984893799e+02
1.735791065692901611e+02
1.791003496646881104e+02
1.846063308715820312e+02
1.899647519588470459e+02
1.953280467987060547e+02
2.005425770282745361e+02
2.058914980888366699e+02
2.116758930683135986e+02
2.174970576763153076e+02
2.230892772674560547e+02
2.291277949810028076e+02
2.344945676326751709e+02
2.400163364410400391e+02
2.453309149742126465e+02
2.511971454620361328e+02
2.569548981189727783e+02
2.628724477291107178e+02
2.683567109107971191e+02
2.740168073177337646e+02
2.796873960494995117e+02
2.854526474475860596e+02
2.910830948352813721e+02
2.968842837810516357e+02
3.025226335525512695e+02
3.081616280078887939e+02
3.139490501880645752e+02
3.196163656711578369e+02
3.252553734779357910e+02
3.308579509258270264e+02
3.365192744731903076e+02
3.421408507823944092e+02
3.476885828971862793e+02
3.533763685226440430e+02
3.591506433486938477e+02
3.650051972866058350e+02
3.707717459201812744e+02
3.762679505348205566e+02
3.819983675479888916e+02
3.881893796920776367e+02
3.941177356243133545e+02
4.000810635089874268e+02
4.057562017440795898e+02
4.117025008201599121e+02
4.171242775917053223e+02
4.228646743297576904e+02
4.286364018917083740e+02
4.343435301780700684e+02
4.398106424808502197e+02
4.454758889675140381e+02
4.509559175968170166e+02
4.566101861000061035e+02
4.626697762012481689e+02
4.682357535362243652e+02
4.737936263084411621e+02
4.793956601619720459e+02
4.849988908767700195e+02
4.905142574310302734e+02
4.963744659423828125e+02
5.020839064121246338e+02
5.077510600090026855e+02
5.134875032901763916e+02
5.191444106101989746e+02
5.250525002479553223e+02
5.323210854530334473e+02
5.379593529701232910e+02
5.413646900653839111e+02
5.443508121967315674e+02
5.472648966312408447e+02
5.501949672698974609e+02
5.530910277366638184e+02
5.560271139144897461e+02
5.589421870708465576e+02
5.619056546688079834e+02
5.647977745532989502e+02
5.678789780139923096e+02
5.708280746936798096e+02
5.738642213344573975e+02
5.773807225227355957e+02
5.803108050823211670e+02
5.831798443794250488e+02
5.860388772487640381e+02
5.889529623985290527e+02
5.918440170288085938e+02
5.947320675849914551e+02
5.976081502437591553e+02
6.005822515487670898e+02
6.034472894668579102e+02
6.063423612117767334e+02
6.092544178962707520e+02
6.121144509315490723e+02
6.150165269374847412e+02
6.178975629806518555e+02
6.207796125411987305e+02
6.236336412429809570e+02
6.265347177982330322e+02
6.295813443660736084e+02
6.324473702907562256e+02
6.353244278430938721e+02
6.382134823799133301e+02
6.410785186290740967e+02
6.439575657844543457e+02
6.468016407489776611e+02
6.496796731948852539e+02
6.525327019691467285e+02
6.555018258094787598e+02
6.583588461875915527e+02
6.612879269123077393e+02
6.641679747104644775e+02
6.670180008411407471e+02
6.699771552085876465e+02
6.729002330303192139e+02
6.757752778530120850e+02
6.786703355312347412e+02
6.815553870201110840e+02
6.844794661998748779e+02
6.873865330219268799e+02
6.905427770614624023e+02
6.934438395500183105e+02
6.963148932456970215e+02
6.992359583377838135e+02
7.021460273265838623e+02
7.049750387668609619e+02
7.079051227569580078e+02
7.107401385307312012e+02
7.136512076854705811e+02
7.164812200069427490e+02
7.192992238998413086e+02
7.221792836189270020e+02
7.251984171867370605e+02
7.280224254131317139e+02
7.309094784259796143e+02
7.337675104141235352e+02
7.367866711616516113e+02
7.396857309341430664e+02
7.425207343101501465e+02
7.455198671817779541e+02
7.521675934791564941e+02
7.573372697830200195e+02
7.620466184616088867e+02
7.695029187202453613e+02
7.735307831764221191e+02
7.775986754894256592e+02
7.818637080192565918e+02
7.867571873664855957e+02
7.906069242954254150e+02
7.942355036735534668e+02
7.993882260322570801e+02
8.047582182884216309e+02
8.087962541580200195e+02
8.126868770122528076e+02
8.173726093769073486e+02
8.217032480239868164e+02
8.256614921092987061e+02
8.306620481014251709e+02
8.360429794788360596e+02
8.416499180793762207e+02
8.461000826358795166e+02
8.498627562522888184e+02
8.542548801898956299e+02
8.585869600772857666e+02
8.634324049949645996e+02
8.674652721881866455e+02
8.724998514652252197e+02
8.766988370418548584e+02
8.808127081394195557e+02
8.851748096942901611e+02
8.911420531272888184e+02
8.979619030952453613e+02
9.032908515930175781e+02
9.085876526832580566e+02
9.153153970241546631e+02
