3.574716806411743164e+00
6.606872797012329102e+00
9.666048288345336914e+00
1.274623799324035645e+01
1.602569627761840820e+01
1.913290572166442871e+01
2.216406106948852539e+01
2.527028250694274902e+01
2.910200691223144531e+01
3.231928110122680664e+01
3.545952677726745605e+01
3.856972551345825195e+01
4.168200850486755371e+01
4.505439996719360352e+01
4.899620223045349121e+01
5.212842869758605957e+01
5.537473726272583008e+01
5.854931449890136719e+01
6.182719206809997559e+01
6.497443008422851562e+01
6.813167333602905273e+01
7.122986435890197754e+01
7.446616506576538086e+01
7.770046472549438477e+01
8.088372802734375000e+01
8.400496006011962891e+01
8.712017536163330078e+01
9.024940061569213867e+01
9.347568082809448242e+01
9.664193272590637207e+01
9.979417347908020020e+01
1.029844560623168945e+02
1.061987278461456299e+02
1.093790228366851807e+02
1.125432722568511963e+02
1.157955849170684814e+02
1.189578325748443604e+02
1.221210820674896240e+02
1.252893342971801758e+02
1.284535844326019287e+02
1.315978200435638428e+02
1.347650716304779053e+02
1.378863039016723633e+02
1.410385458469390869e+02
1.441637549400329590e+02
1.472649607658386230e+02
1.504382154941558838e+02
1.536294844150543213e+02
1.568057909011840820e+02
1.600531125068664551e+02
1.633394358158111572e+02
1.665607409477233887e+02
1.697920365333557129e+02
1.729592764377593994e+02
1.760795075893402100e+02
1.793818430900573730e+02
1.826151547431945801e+02
1.858754594326019287e+02
1.890417106151580811e+02
1.922310228347778320e+02
1.953652389049530029e+02
1.985074732303619385e+02
2.016146824359893799e+02
2.047519264221191406e+02
2.078661284446716309e+02
2.110003561973571777e+02
2.141425907611846924e+02
2.173208501338958740e+02
2.205021243095397949e+02
2.237083911895751953e+02
2.267915835380554199e+02
2.299138033390045166e+02
2.330130202770233154e+02
2.361792581081390381e+02
2.393675374984741211e+02
2.425487871170043945e+02
2.457040302753448486e+02
2.487932400703430176e+02
2.525198769569396973e+02
2.556881418228149414e+02
2.588473753929138184e+02
2.620166423320770264e+02
2.651388616561889648e+02
2.682951056957244873e+02
2.714103076457977295e+02
2.745825765132904053e+02
2.776997928619384766e+02
2.808310060501098633e+02
2.839912533760070801e+02
2.871254816055297852e+02
2.902887432575225830e+02
2.935150396823883057e+02
2.966222789287567139e+02
2.996664566993713379e+02
3.027356252670288086e+02
3.058088109493255615e+02
3.089310641288757324e+02
3.121673653125762939e+02
3.153556325435638428e+02
3.185018703937530518e+02
3.216651189327239990e+02
3.249434492588043213e+02
3.280856833457946777e+02
3.312669456005096436e+02
3.344301943778991699e+02
3.375494256019592285e+02
3.406976504325866699e+02
3.438408858776092529e+02
3.470061368942260742e+02
3.501873979568481445e+02
3.533496460914611816e+02
3.565439174175262451e+02
3.596821489334106445e+02
3.628784215450286865e+02
3.660016427040100098e+02
3.691448771953582764e+02
3.723081266880035400e+02
3.754293458461761475e+02
3.785935983657836914e+02
3.816677937507629395e+02
3.848500437736511230e+02
3.880052866935729980e+02
3.911295087337493896e+02
3.942207219600677490e+02
3.979163472652435303e+02
4.011386389732360840e+02
4.042368278503417969e+02
4.074100847244262695e+02
4.104962782859802246e+02
4.136375117301940918e+02
4.167257404327392578e+02
4.197538957595825195e+02
4.228258543014526367e+02
4.259911050796508789e+02
4.290722954273223877e+02
4.322015211582183838e+02
4.353337342739105225e+02
4.383909075260162354e+02
4.414891111850738525e+02
4.445532894134521484e+02
4.476995265483856201e+02
4.507597141265869141e+02
4.537878551483154297e+02
4.568500452041625977e+02
4.599592428207397461e+02
4.630234348773956299e+02
4.661926751136779785e+02
4.692958812713623047e+02
4.723330411911010742e+02
4.754432661533355713e+02
4.785204412937164307e+02
4.815716099739074707e+02
4.846327996253967285e+02
4.877540187835693359e+02
4.908642218112945557e+02
4.939253933429718018e+02
4.969385488033294678e+02
5.000827841758728027e+02
5.031229462623596191e+02
5.061561362743377686e+02
5.091632609367370605e+02
5.123104984760284424e+02
5.153856983184814453e+02
5.184408574104309082e+02
5.215050361156463623e+02
5.245512018203735352e+02
5.276303918361663818e+02
5.305965142250061035e+02
5.336136453151702881e+02
5.366287894248962402e+02
5.398691010475158691e+02
5.429763486385345459e+02
5.460575387477874756e+02
5.491827471256256104e+02
5.525761704444885254e+02
5.556633548736572266e+02
5.587195281982421875e+02
5.618087253570556641e+02
5.649109308719635010e+02
5.684724755287170410e+02
5.716507356166839600e+02
5.748229913711547852e+02
5.778991656303405762e+02
5.809453315734863281e+02
5.840385308265686035e+02
5.871697561740875244e+02
5.902599534988403320e+02
5.933281350135803223e+02
5.963162598609924316e+02
5.993594372272491455e+02
6.024125945568084717e+02
6.054697682857513428e+02
6.085559754371643066e+02
6.116131684780120850e+02
6.146483268737792969e+02
6.176634707450866699e+02
6.206776263713836670e+02
6.237367885112762451e+02
6.268209812641143799e+02
6.298501350879669189e+02
