3.688634872436523438e+00
6.832857131958007812e+00
9.987099885940551758e+00
1.315536546707153320e+01
1.629258322715759277e+01
1.945884752273559570e+01
2.267011761665344238e+01
2.586238908767700195e+01
2.901562952995300293e+01
3.223394274711608887e+01
3.541820693016052246e+01
3.859046339988708496e+01
4.180476069450378418e+01
4.495798945426940918e+01
4.814725708961486816e+01
5.132852935791015625e+01
5.460985326766967773e+01
5.781414532661437988e+01
6.094935989379882812e+01
6.423069334030151367e+01
6.745598626136779785e+01
7.065426015853881836e+01
7.384052562713623047e+01
7.715789747238159180e+01
8.035016965866088867e+01
8.360648322105407715e+01
8.691185283660888672e+01
9.022520804405212402e+01
9.352755665779113770e+01
9.677588152885437012e+01
1.001312515735626221e+02
1.033835635185241699e+02
1.072753310203552246e+02
1.105576653480529785e+02
1.138420004844665527e+02
1.172414283752441406e+02
1.205397758483886719e+02
1.238611240386962891e+02
1.272525479793548584e+02
1.305218596458435059e+02
1.338742427825927734e+02
1.371155478954315186e+02
1.403198256492614746e+02
1.436832175254821777e+02
1.469115128517150879e+02
1.501778352260589600e+02
1.534431595802307129e+02
1.566894650459289551e+02
1.599687967300415039e+02
1.632211217880249023e+02
1.664834291934967041e+02
1.697577621936798096e+02
1.732142143249511719e+02
1.765545904636383057e+02
1.798159236907958984e+02
1.830612151622772217e+02
1.863028531074523926e+02
1.894961228370666504e+02
1.926974117755889893e+02
1.959547147750854492e+02
1.992531030178070068e+02
2.025574522018432617e+02
2.058107655048370361e+02
2.089960300922393799e+02
2.123053841590881348e+02
2.155206692218780518e+02
2.187379572391510010e+02
2.218411891460418701e+02
2.250274565219879150e+02
2.281906926631927490e+02
2.313459348678588867e+02
2.345922429561614990e+02
2.378615803718566895e+02
2.410898625850677490e+02
2.443662064075469971e+02
2.475334570407867432e+02
2.507017087936401367e+02
2.539099905490875244e+02
2.570612316131591797e+02
2.603225369453430176e+02
2.636138908863067627e+02
2.667721371650695801e+02
2.699443786144256592e+02
2.731056399345397949e+02
2.763079032897949219e+02
2.794881641864776611e+02
2.826124029159545898e+02
2.858066694736480713e+02
2.889889194965362549e+02
2.922022042274475098e+02
2.953074126243591309e+02
2.984636702537536621e+02
3.016389272212982178e+02
3.048311836719512939e+02
3.080384643077850342e+02
3.111586828231811523e+02
3.143599586486816406e+02
3.175202054977416992e+02
3.206734476089477539e+02
3.238477170467376709e+02
3.271220335960388184e+02
3.303723766803741455e+02
3.335936803817749023e+02
3.368019478321075439e+02
3.400452539920806885e+02
3.432195112705230713e+02
3.464378147125244141e+02
3.495950441360473633e+02
3.528073282241821289e+02
3.560466310977935791e+02
3.591958808898925781e+02
3.623601200580596924e+02
3.655083582401275635e+02
3.687086341381072998e+02
3.718638772964477539e+02
3.750261387825012207e+02
3.781793804168701172e+02
3.814207177162170410e+02
3.846169908046722412e+02
3.878332772254943848e+02
3.910765836238861084e+02
3.942498528957366943e+02
3.974871413707733154e+02
4.007154366970062256e+02
4.038817012310028076e+02
4.071380038261413574e+02
4.102742331027984619e+02
4.134014565944671631e+02
4.168208878040313721e+02
4.200021500587463379e+02
4.231894164085388184e+02
4.264277198314666748e+02
4.295999867916107178e+02
4.328492853641510010e+02
4.360655713081359863e+02
4.393509070873260498e+02
4.424411358833312988e+02
4.455523469448089600e+02
4.487256035804748535e+02
4.518838353157043457e+02
4.550801084041595459e+02
4.582253441810607910e+02
4.614046046733856201e+02
4.645938723087310791e+02
4.676840698719024658e+02
4.708273186683654785e+02
4.739505386352539062e+02
4.771447961330413818e+02
4.803350925445556641e+02
4.835974121093750000e+02
4.867756719589233398e+02
4.901921012401580811e+02
4.933803677558898926e+02
4.965896503925323486e+02
4.997689106464385986e+02
5.031803505420684814e+02
5.065006978511810303e+02
5.098360686302185059e+02
5.131244068145751953e+02
5.163717284202575684e+02
5.203575494289398193e+02
5.236218700408935547e+02
5.268721809387207031e+02
5.303786745071411133e+02
5.336880271434783936e+02
5.370734341144561768e+02
5.403067333698272705e+02
5.435700662136077881e+02
5.467563192844390869e+02
5.499215693473815918e+02
5.530688071250915527e+02
5.562570738792419434e+02
5.594393367767333984e+02
5.626205985546112061e+02
5.657958564758300781e+02
5.690271537303924561e+02
5.722004101276397705e+02
5.753846745491027832e+02
5.785078945159912109e+02
5.817221801280975342e+02
5.848664159774780273e+02
5.880386712551116943e+02
5.911739006042480469e+02
5.944112143516540527e+02
5.975134077072143555e+02
6.006876776218414307e+02
6.038018794059753418e+02
6.071222400665283203e+02
6.101844167709350586e+02
6.135037772655487061e+02
6.166670262813568115e+02
6.198542921543121338e+02
6.229745111465454102e+02
6.261267518997192383e+02
6.292589793205261230e+02
6.324492475986480713e+02
6.356415176391601562e+02
6.387677402496337891e+02
6.419219825267791748e+02
6.450221869945526123e+02
