2.682926878333091736e-02
1.707316935062408447e-02
1.219512149691581726e-02
1.463414542376995087e-02
1.951219514012336731e-02
2.926829457283020020e-02
1.951219514012336731e-02
1.707317121326923370e-02
7.317073177546262741e-03
2.195121720433235168e-02
3.414633870124816895e-02
1.951219327747821808e-02
1.463414635509252548e-02
1.219512149691581726e-02
2.926829271018505096e-02
1.707316935062408447e-02
1.463414635509252548e-02
2.439024299383163452e-02
9.756097570061683655e-03
2.195121720433235168e-02
1.707316935062408447e-02
2.682926692068576813e-02
3.658536449074745178e-02
3.414634242653846741e-02
4.146341234445571899e-02
2.439024299383163452e-02
3.414633870124816895e-02
2.195121720433235168e-02
3.658536449074745178e-02
3.414634242653846741e-02
3.414634242653846741e-02
2.926829084753990173e-02
4.634146392345428467e-02
4.390243813395500183e-02
4.390243813395500183e-02
2.439024299383163452e-02
2.926829084753990173e-02
3.902439028024673462e-02
5.121951177716255188e-02
3.902439400553703308e-02
6.097560748457908630e-02
5.853658914566040039e-02
9.024389833211898804e-02
7.560975104570388794e-02
5.121951177716255188e-02
6.585365533828735352e-02
4.146341606974601746e-02
6.341463327407836914e-02
5.609756335616111755e-02
7.317073643207550049e-02
1.024390235543251038e-01
1.097560897469520569e-01
8.292683213949203491e-02
1.000000014901161194e-01
8.292682468891143799e-02
7.804878056049346924e-02
9.268292784690856934e-02
1.317073255777359009e-01
1.146341487765312195e-01
1.292682886123657227e-01
1.317073106765747070e-01
1.121951267123222351e-01
1.317073106765747070e-01
1.317073106765747070e-01
1.487804949283599854e-01
1.658536493778228760e-01
1.487804949283599854e-01
1.707316935062408447e-01
1.804878115653991699e-01
1.658536493778228760e-01
1.634146422147750854e-01
1.390243917703628540e-01
1.804878115653991699e-01
1.731707304716110229e-01
1.999999880790710449e-01
2.097561061382293701e-01
1.878048777580261230e-01
2.268292456865310669e-01
2.121951282024383545e-01
2.317073047161102295e-01
2.219512164592742920e-01
2.219512313604354858e-01
2.682926654815673828e-01
2.609755992889404297e-01
2.487805038690567017e-01
2.804877758026123047e-01
2.829267978668212891e-01
2.853658497333526611e-01
3.097561001777648926e-01
2.951219379901885986e-01
3.073170781135559082e-01
3.073170483112335205e-01
3.463414907455444336e-01
3.121951222419738770e-01
3.390243947505950928e-01
3.317072987556457520e-01
3.195121586322784424e-01
3.512195348739624023e-01
3.536585271358489990e-01
3.121951222419738770e-01
3.512195050716400146e-01
3.170731663703918457e-01
3.585365712642669678e-01
3.658536672592163086e-01
3.682926893234252930e-01
3.731707334518432617e-01
3.926829397678375244e-01
4.073171019554138184e-01
4.000000059604644775e-01
3.951219618320465088e-01
3.731707632541656494e-01
3.829268217086791992e-01
3.951219320297241211e-01
3.853658437728881836e-01
4.219512343406677246e-01
4.219512343406677246e-01
4.317072927951812744e-01
4.292683005332946777e-01
4.317073225975036621e-01
4.878048896789550781e-01
4.292682707309722900e-01
4.243902266025543213e-01
4.585365951061248779e-01
4.487804770469665527e-01
4.219512045383453369e-01
4.439024329185485840e-01
4.414634406566619873e-01
4.634146094322204590e-01
4.829268455505371094e-01
4.634146392345428467e-01
4.634146690368652344e-01
4.609756171703338623e-01
4.878048896789550781e-01
4.536585211753845215e-01
4.487804770469665527e-01
5.146341323852539062e-01
4.463414847850799561e-01
4.804877936840057373e-01
4.463414549827575684e-01
4.536585509777069092e-01
5.048780441284179688e-01
4.951219558715820312e-01
5.048780441284179688e-01
4.902439117431640625e-01
5.048780441284179688e-01
5.292682647705078125e-01
5.268292427062988281e-01
4.585365951061248779e-01
4.707317054271697998e-01
5.000000000000000000e-01
4.975609779357910156e-01
5.048780441284179688e-01
5.000000000000000000e-01
4.902439117431640625e-01
5.097560882568359375e-01
5.195121765136718750e-01
5.073170661926269531e-01
5.292682647705078125e-01
5.146341323852539062e-01
5.560975670814514160e-01
5.365853309631347656e-01
5.219511985778808594e-01
5.195121765136718750e-01
5.512194633483886719e-01
5.390243530273437500e-01
5.341463088989257812e-01
5.439023971557617188e-01
5.682926774024963379e-01
5.024390220642089844e-01
5.268293023109436035e-01
5.243902206420898438e-01
5.365853309631347656e-01
5.170731544494628906e-01
5.317072868347167969e-01
5.317072868347167969e-01
5.390243530273437500e-01
5.609756112098693848e-01
5.463414192199707031e-01
5.439024567604064941e-01
5.658536553382873535e-01
5.560975074768066406e-01
5.634146332740783691e-01
5.365853905677795410e-01
5.414634346961975098e-01
5.853658914566040039e-01
5.390243530273437500e-01
5.536585450172424316e-01
5.390244126319885254e-01
5.268292427062988281e-01
5.682926774024963379e-01
5.439023971557617188e-01
5.682926774024963379e-01
5.609755516052246094e-01
5.536585450172424316e-01
5.634146332740783691e-01
5.536585450172424316e-01
5.902439355850219727e-01
5.585365891456604004e-01
5.585365891456604004e-01
6.024390459060668945e-01
