2.195121906697750092e-02
1.219512149691581726e-02
1.951219514012336731e-02
1.951219514012336731e-02
1.219512149691581726e-02
1.219512149691581726e-02
3.658536449074745178e-02
1.463414635509252548e-02
9.756097570061683655e-03
1.951219514012336731e-02
1.707317121326923370e-02
1.463414635509252548e-02
9.756097570061683655e-03
1.463414635509252548e-02
7.317073177546262741e-03
2.439024299383163452e-02
2.195121906697750092e-02
2.926829271018505096e-02
1.707317121326923370e-02
1.951219514012336731e-02
2.195121906697750092e-02
3.170731663703918457e-02
9.756097570061683655e-03
1.707317121326923370e-02
2.682926878333091736e-02
1.219512149691581726e-02
1.219512149691581726e-02
1.951219514012336731e-02
1.951219514012336731e-02
2.439024299383163452e-02
1.219512149691581726e-02
3.658536449074745178e-02
2.439024299383163452e-02
7.317073177546262741e-03
2.195121906697750092e-02
3.414634242653846741e-02
2.195121906697750092e-02
2.926829271018505096e-02
2.439024299383163452e-02
3.170731663703918457e-02
2.682926878333091736e-02
2.926829271018505096e-02
3.170731663703918457e-02
3.170731663703918457e-02
4.146341606974601746e-02
5.365853756666183472e-02
5.365853756666183472e-02
3.414634242653846741e-02
5.609755963087081909e-02
5.121951177716255188e-02
6.585365533828735352e-02
6.829268485307693481e-02
5.365853756666183472e-02
6.585365533828735352e-02
6.097561120986938477e-02
9.268292784690856934e-02
9.268292784690856934e-02
7.804878056049346924e-02
8.048780262470245361e-02
1.024390235543251038e-01
9.268292784690856934e-02
8.292683213949203491e-02
1.365853697061538696e-01
1.048780456185340881e-01
1.121951192617416382e-01
1.390243917703628540e-01
1.292682886123657227e-01
1.341463476419448853e-01
1.512195169925689697e-01
1.439024358987808228e-01
1.682926863431930542e-01
2.073170691728591919e-01
1.829268336296081543e-01
2.073170691728591919e-01
1.829268336296081543e-01
2.121951282024383545e-01
2.048780471086502075e-01
2.073170691728591919e-01
2.487804889678955078e-01
2.634146213531494141e-01
2.682926952838897705e-01
2.243902385234832764e-01
2.560975551605224609e-01
2.878048717975616455e-01
2.731707394123077393e-01
3.146341443061828613e-01
2.804878056049346924e-01
3.121951222419738770e-01
3.219512104988098145e-01
2.951219379901885986e-01
3.195121884346008301e-01
3.219512104988098145e-01
3.317073285579681396e-01
3.146341443061828613e-01
3.292683064937591553e-01
3.292683064937591553e-01
3.634146451950073242e-01
3.317073285579681396e-01
3.341463506221771240e-01
3.926829397678375244e-01
3.951219618320465088e-01
3.731707334518432617e-01
4.000000059604644775e-01
3.975609838962554932e-01
3.878048658370971680e-01
3.975609838962554932e-01
3.804877996444702148e-01
4.512194991111755371e-01
4.024390280246734619e-01
4.317073225975036621e-01
4.243902564048767090e-01
4.268292784690856934e-01
4.682926833629608154e-01
4.121951162815093994e-01
4.463414549827575684e-01
4.829268157482147217e-01
4.487804770469665527e-01
4.756097495555877686e-01
4.463414549827575684e-01
4.682926833629608154e-01
4.170731604099273682e-01
4.609756171703338623e-01
4.731707274913787842e-01
4.902439117431640625e-01
4.536585509777069092e-01
4.829268157482147217e-01
4.829268157482147217e-01
5.097560882568359375e-01
4.902439117431640625e-01
4.975609779357910156e-01
4.780487716197967529e-01
4.926829338073730469e-01
4.975609779357910156e-01
4.902439117431640625e-01
5.146341323852539062e-01
5.463414788246154785e-01
5.195121765136718750e-01
5.024390220642089844e-01
5.560975670814514160e-01
5.243902206420898438e-01
5.390244126319885254e-01
4.951219558715820312e-01
5.268292427062988281e-01
5.390244126319885254e-01
5.268292427062988281e-01
5.585365891456604004e-01
5.536585450172424316e-01
5.317073464393615723e-01
5.170731544494628906e-01
5.317073464393615723e-01
5.341463685035705566e-01
5.463414788246154785e-01
5.512195229530334473e-01
5.219511985778808594e-01
5.390244126319885254e-01
5.536585450172424316e-01
5.609756112098693848e-01
5.146341323852539062e-01
5.536585450172424316e-01
5.365853905677795410e-01
5.390244126319885254e-01
5.658536553382873535e-01
5.585365891456604004e-01
5.512195229530334473e-01
5.780487656593322754e-01
5.926828980445861816e-01
5.634146332740783691e-01
5.560975670814514160e-01
5.780487656593322754e-01
5.756097435951232910e-01
5.560975670814514160e-01
6.097561120986938477e-01
5.731707215309143066e-01
5.682926774024963379e-01
5.634146332740783691e-01
5.682926774024963379e-01
5.731707215309143066e-01
5.975610017776489258e-01
6.024390459060668945e-01
5.365853905677795410e-01
5.902438759803771973e-01
5.780487656593322754e-01
5.975610017776489258e-01
5.731707215309143066e-01
5.829268097877502441e-01
5.707316994667053223e-01
6.170731782913208008e-01
5.878048539161682129e-01
5.780487656593322754e-01
5.902438759803771973e-01
6.048780679702758789e-01
5.902438759803771973e-01
5.951219797134399414e-01
5.682926774024963379e-01
6.170731782913208008e-01
6.000000238418579102e-01
5.951219797134399414e-01
6.146341562271118164e-01
6.073170900344848633e-01
6.024390459060668945e-01
