9.756097570061683655e-03
2.195121906697750092e-02
1.707317121326923370e-02
1.707317121326923370e-02
2.195121906697750092e-02
2.682926878333091736e-02
1.463414635509252548e-02
1.707317121326923370e-02
1.463414635509252548e-02
1.951219514012336731e-02
1.219512149691581726e-02
1.463414635509252548e-02
1.219512149691581726e-02
2.195121906697750092e-02
2.195121906697750092e-02
4.878048785030841827e-03
1.219512149691581726e-02
3.170731663703918457e-02
1.463414635509252548e-02
1.951219514012336731e-02
1.951219514012336731e-02
1.951219514012336731e-02
9.756097570061683655e-03
3.170731663703918457e-02
2.682926878333091736e-02
1.463414635509252548e-02
2.439024299383163452e-02
1.463414635509252548e-02
2.926829271018505096e-02
3.658536449074745178e-02
2.926829271018505096e-02
2.439024299383163452e-02
4.146341606974601746e-02
4.390243813395500183e-02
2.682926878333091736e-02
3.902439028024673462e-02
4.634146392345428467e-02
4.878048598766326904e-02
4.146341606974601746e-02
5.609755963087081909e-02
5.853658542037010193e-02
5.365853756666183472e-02
5.853658542037010193e-02
6.585365533828735352e-02
6.829268485307693481e-02
8.536585420370101929e-02
9.512194991111755371e-02
1.024390235543251038e-01
9.024390578269958496e-02
1.000000014901161194e-01
9.512194991111755371e-02
1.073170751333236694e-01
1.048780456185340881e-01
1.097560971975326538e-01
1.024390235543251038e-01
1.463414579629898071e-01
1.170731708407402039e-01
1.317073106765747070e-01
1.634146273136138916e-01
1.536585390567779541e-01
1.243902444839477539e-01
1.707317084074020386e-01
1.731707304716110229e-01
1.731707304716110229e-01
1.829268336296081543e-01
1.878048777580261230e-01
2.000000029802322388e-01
1.780487746000289917e-01
1.951219439506530762e-01
1.829268336296081543e-01
1.707317084074020386e-01
2.097560912370681763e-01
2.463414669036865234e-01
2.560975551605224609e-01
2.317073196172714233e-01
2.097560912370681763e-01
2.585365772247314453e-01
2.609755992889404297e-01
2.804878056049346924e-01
2.756097614765167236e-01
2.707317173480987549e-01
2.951219379901885986e-01
2.804878056049346924e-01
2.756097614765167236e-01
3.439024388790130615e-01
3.219512104988098145e-01
3.073170781135559082e-01
2.975609898567199707e-01
3.219512104988098145e-01
3.097561001777648926e-01
3.170731663703918457e-01
3.195121884346008301e-01
3.219512104988098145e-01
3.365853726863861084e-01
3.829268217086791992e-01
3.317073285579681396e-01
4.024390280246734619e-01
4.073170721530914307e-01
3.756097555160522461e-01
3.707317113876342773e-01
4.024390280246734619e-01
3.975609838962554932e-01
3.902438879013061523e-01
4.121951162815093994e-01
4.073170721530914307e-01
4.243902564048767090e-01
3.975609838962554932e-01
4.219512343406677246e-01
4.195121824741363525e-01
4.365853667259216309e-01
4.487804770469665527e-01
4.243902564048767090e-01
4.609756171703338623e-01
4.268292784690856934e-01
4.341463446617126465e-01
4.707317054271697998e-01
4.853658676147460938e-01
4.439024329185485840e-01
4.268292784690856934e-01
4.780487716197967529e-01
4.707317054271697998e-01
4.780487716197967529e-01
4.853658676147460938e-01
4.439024329185485840e-01
4.853658676147460938e-01
4.804877936840057373e-01
4.682926833629608154e-01
4.951219558715820312e-01
4.975609779357910156e-01
5.195121765136718750e-01
5.000000000000000000e-01
5.243902206420898438e-01
4.707317054271697998e-01
5.170731544494628906e-01
4.951219558715820312e-01
5.170731544494628906e-01
5.048780441284179688e-01
5.463414788246154785e-01
5.000000000000000000e-01
5.195121765136718750e-01
5.219511985778808594e-01
5.317073464393615723e-01
5.268292427062988281e-01
5.365853905677795410e-01
5.512195229530334473e-01
5.268292427062988281e-01
5.487805008888244629e-01
5.073170661926269531e-01
5.195121765136718750e-01
5.731707215309143066e-01
5.463414788246154785e-01
5.121951103210449219e-01
5.268292427062988281e-01
5.365853905677795410e-01
5.414634346961975098e-01
5.634146332740783691e-01
5.365853905677795410e-01
5.585365891456604004e-01
5.219511985778808594e-01
5.853658318519592285e-01
5.512195229530334473e-01
5.560975670814514160e-01
5.487805008888244629e-01
5.658536553382873535e-01
5.682926774024963379e-01
5.585365891456604004e-01
5.390244126319885254e-01
5.682926774024963379e-01
5.756097435951232910e-01
5.365853905677795410e-01
5.487805008888244629e-01
5.536585450172424316e-01
5.609756112098693848e-01
5.780487656593322754e-01
5.853658318519592285e-01
5.951219797134399414e-01
5.731707215309143066e-01
5.487805008888244629e-01
5.731707215309143066e-01
5.780487656593322754e-01
5.829268097877502441e-01
6.097561120986938477e-01
6.146341562271118164e-01
6.000000238418579102e-01
6.195122003555297852e-01
5.926828980445861816e-01
6.048780679702758789e-01
6.097561120986938477e-01
6.268292665481567383e-01
5.951219797134399414e-01
5.951219797134399414e-01
5.975610017776489258e-01
5.926828980445861816e-01
6.121951341629028320e-01
6.195122003555297852e-01
6.097561120986938477e-01
6.146341562271118164e-01
5.804877877235412598e-01
6.073170900344848633e-01
5.951219797134399414e-01
