1.316716814041137695e+01
2.632088398933410645e+01
3.947974777221679688e+01
5.263232922554016113e+01
6.580051755905151367e+01
7.898485088348388672e+01
9.215808176994323730e+01
1.053284580707550049e+02
1.185152595043182373e+02
1.316625044345855713e+02
1.448579509258270264e+02
1.579785776138305664e+02
1.711626007556915283e+02
1.843113536834716797e+02
1.975477859973907471e+02
2.106845450401306152e+02
2.238847861289978027e+02
2.370738317966461182e+02
2.502787375450134277e+02
2.634784574508666992e+02
2.766916539669036865e+02
2.898575315475463867e+02
3.030187098979949951e+02
3.162097034454345703e+02
3.293475546836853027e+02
3.425215260982513428e+02
3.557299284934997559e+02
3.689448733329772949e+02
3.820923900604248047e+02
3.952933890819549561e+02
4.084765987396240234e+02
4.215746343135833740e+02
4.347566726207733154e+02
4.479371082782745361e+02
4.610673041343688965e+02
4.742505104541778564e+02
4.874245343208312988e+02
5.006296133995056152e+02
5.137982270717620850e+02
5.269842610359191895e+02
5.401609575748443604e+02
5.532875828742980957e+02
5.664614844322204590e+02
5.796366488933563232e+02
5.928284614086151123e+02
6.059923460483551025e+02
6.192082700729370117e+02
6.323739945888519287e+02
6.455855872631072998e+02
6.587379424571990967e+02
6.719029765129089355e+02
6.850528190135955811e+02
6.981935112476348877e+02
7.113669223785400391e+02
7.245139107704162598e+02
7.376780810356140137e+02
7.508457882404327393e+02
7.639744138717651367e+02
7.771455283164978027e+02
7.903156349658966064e+02
8.035085694789886475e+02
8.166195275783538818e+02
8.297985560894012451e+02
8.429106190204620361e+02
8.560820538997650146e+02
8.692764608860015869e+02
8.824524493217468262e+02
8.956274504661560059e+02
9.087813477516174316e+02
9.219706640243530273e+02
9.351419219970703125e+02
9.483553640842437744e+02
9.615065777301788330e+02
9.746795856952667236e+02
9.878186624050140381e+02
1.001031258106231689e+03
1.014175645351409912e+03
1.027357105016708374e+03
1.040537593603134155e+03
1.053666502952575684e+03
1.066884058713912964e+03
1.080079823970794678e+03
1.093222020626068115e+03
1.106345593690872192e+03
1.119511944055557251e+03
1.132726434707641602e+03
1.145857280015945435e+03
1.159079150915145874e+03
1.172237523078918457e+03
1.185386057138442993e+03
1.198574154853820801e+03
1.211715456962585449e+03
1.224933733701705933e+03
1.238112488985061646e+03
1.251322965621948242e+03
1.264478516340255737e+03
1.277663380861282349e+03
1.290785834074020386e+03
1.303962107896804810e+03
1.317125830650329590e+03
1.330331161499023438e+03
1.343499395370483398e+03
1.356684900522232056e+03
1.369852631092071533e+03
1.383033426046371460e+03
1.396167325735092163e+03
1.409329932451248169e+03
1.422474413871765137e+03
1.435713070869445801e+03
1.448857008457183838e+03
1.462018736362457275e+03
1.475186045885086060e+03
1.488330059289932251e+03
1.501547058582305908e+03
1.514718086242675781e+03
1.527919417858123779e+03
1.541123288869857788e+03
1.554367060899734497e+03
1.567539047956466675e+03
1.580736037492752075e+03
1.593859809875488281e+03
1.607058467626571655e+03
1.620169189929962158e+03
1.633364045143127441e+03
1.646508882761001587e+03
1.659696625232696533e+03
1.672864254713058472e+03
1.686079949140548706e+03
1.699249892950057983e+03
1.712364397764205933e+03
1.725481520175933838e+03
1.738661523103713989e+03
1.751824756383895874e+03
1.765008784294128418e+03
1.778186060905456543e+03
1.791377608776092529e+03
1.804537298679351807e+03
1.817712129592895508e+03
1.830876326084136963e+03
1.844052789926528931e+03
1.857136250495910645e+03
1.870330361366271973e+03
1.883447906732559204e+03
1.896614822387695312e+03
1.909849837064743042e+03
1.922996571302413940e+03
1.936143326759338379e+03
1.949255958795547485e+03
1.962460759162902832e+03
1.975591005086898804e+03
1.988778547763824463e+03
2.001887034893035889e+03
2.015063094377517700e+03
2.028241742610931396e+03
2.041413161277770996e+03
2.054536957263946533e+03
2.067692886590957642e+03
2.080798511028289795e+03
2.093991453886032104e+03
2.107113101720809937e+03
2.120300303220748901e+03
2.133463130950927734e+03
2.146655432701110840e+03
2.159863607168197632e+03
2.173023298740386963e+03
2.186167988538742065e+03
2.199339401721954346e+03
2.212498410701751709e+03
2.225651858329772949e+03
2.238802098035812378e+03
2.251969366073608398e+03
2.265133379936218262e+03
2.278303659200668335e+03
2.291541179418563843e+03
2.304703898906707764e+03
2.317878487348556519e+03
2.331004750013351440e+03
2.344131021261215210e+03
2.357258060455322266e+03
2.370394526004791260e+03
2.383535000085830688e+03
2.396744073152542114e+03
2.409873158693313599e+03
2.423070246696472168e+03
2.436210654020309448e+03
2.449384676218032837e+03
2.462530812025070190e+03
2.475720417261123657e+03
2.488868856430053711e+03
2.502048609972000122e+03
2.515185620546340942e+03
2.528376607894897461e+03
2.541563399076461792e+03
2.554737135410308838e+03
2.567877182722091675e+03
2.581056006669998169e+03
2.594216323375701904e+03
2.607355650663375854e+03
2.620526397705078125e+03
2.633694146871566772e+03
