1.750022649765014648e+00
2.250030040740966797e+00
2.703161716461181641e+00
3.187543630599975586e+00
3.640675067901611328e+00
4.078180789947509766e+00
4.546936273574829102e+00
4.984442234039306641e+00
5.437573909759521484e+00
5.890704870223999023e+00
6.359462976455688477e+00
6.843842506408691406e+00
7.312598705291748047e+00
7.796980619430541992e+00
8.265737056732177734e+00
8.734493494033813477e+00
9.234499931335449219e+00
9.750132560729980469e+00
1.023451352119445801e+01
1.068764543533325195e+01
1.114077615737915039e+01
1.164078378677368164e+01
1.209392142295837402e+01
1.256267380714416504e+01
1.301580166816711426e+01
1.346893215179443359e+01
1.390643906593322754e+01
1.437519621849060059e+01
1.484395337104797363e+01
1.529708170890808105e+01
1.573458862304687500e+01
1.617210531234741211e+01
1.665647649765014648e+01
1.710961270332336426e+01
1.756273722648620605e+01
1.800024700164794922e+01
1.848462533950805664e+01
1.893775773048400879e+01
1.942213892936706543e+01
1.987528419494628906e+01
2.035965061187744141e+01
2.082840824127197266e+01
2.129716753959655762e+01
2.178154683113098145e+01
2.223467683792114258e+01
2.271905827522277832e+01
2.317219114303588867e+01
2.365657258033752441e+01
2.412532687187194824e+01
2.464095902442932129e+01
2.509410524368286133e+01
2.559409785270690918e+01
2.604722833633422852e+01
2.651598548889160156e+01
2.698474049568176270e+01
2.743787240982055664e+01
2.792225456237792969e+01
2.840663576126098633e+01
2.885978150367736816e+01
2.931289863586425781e+01
2.981290507316589355e+01
3.029728579521179199e+01
3.078167343139648438e+01
3.123480343818664551e+01
3.168793821334838867e+01
3.217231178283691406e+01
3.262544345855712891e+01
3.307858347892761230e+01
3.354732990264892578e+01
3.400046110153198242e+01
3.446921777725219727e+01
3.493797445297241211e+01
3.540673136711120605e+01
3.589111423492431641e+01
3.634424257278442383e+01
3.681300187110900879e+01
3.729738116264343262e+01
3.776613998413085938e+01
3.823489475250244141e+01
3.873490214347839355e+01
3.918804740905761719e+01
3.965678882598876953e+01
4.012554478645324707e+01
4.059431457519531250e+01
4.104744148254394531e+01
4.151619768142700195e+01
4.198494434356689453e+01
4.242246270179748535e+01
4.285995888710021973e+01
4.329746294021606445e+01
4.373496866226196289e+01
4.418811202049255371e+01
4.465689182281494141e+01
4.509436202049255371e+01
4.554750680923461914e+01
4.600062346458435059e+01
4.643814373016357422e+01
4.689126205444335938e+01
4.732878780364990234e+01
4.778189921379089355e+01
4.823504137992858887e+01
4.867253494262695312e+01
4.911005592346191406e+01
4.954756188392639160e+01
5.000068688392639160e+01
5.043818426132202148e+01
5.087570667266845703e+01
5.132883477210998535e+01
5.176632690429687500e+01
5.221945810317993164e+01
5.267260313034057617e+01
5.311010742187500000e+01
5.354760122299194336e+01
5.400074601173400879e+01
5.443825483322143555e+01
5.489136958122253418e+01
5.532889246940612793e+01
5.578201889991760254e+01
5.621952605247497559e+01
5.665703082084655762e+01
5.711016297340393066e+01
5.754766893386840820e+01
5.800079965591430664e+01
5.843830537796020508e+01
5.887581229209899902e+01
5.931331419944763184e+01
5.976644849777221680e+01
6.020394444465637207e+01
6.065708637237548828e+01
6.109459424018859863e+01
6.154772543907165527e+01
6.200085401535034180e+01
6.245397257804870605e+01
6.289149141311645508e+01
6.339149808883666992e+01
6.382899785041809082e+01
6.428213405609130859e+01
6.471963477134704590e+01
6.517275929450988770e+01
6.561027812957763672e+01
6.606339645385742188e+01
6.650091505050659180e+01
6.695404982566833496e+01
6.740716576576232910e+01
6.784468317031860352e+01
6.829781460762023926e+01
6.873532652854919434e+01
6.918845009803771973e+01
6.962595796585083008e+01
7.007908773422241211e+01
7.053220701217651367e+01
7.096972560882568359e+01
7.142285704612731934e+01
7.187598752975463867e+01
7.234474468231201172e+01
7.278225064277648926e+01
7.323538255691528320e+01
7.368851375579833984e+01
7.412600636482238770e+01
7.457914924621582031e+01
7.503226828575134277e+01
7.548543238639831543e+01
7.593854331970214844e+01
7.637603664398193359e+01
7.682918095588684082e+01
7.728231167793273926e+01
7.773543000221252441e+01
7.817294883728027344e+01
7.862608098983764648e+01
7.907921171188354492e+01
7.953233003616333008e+01
7.998546051979064941e+01
8.045422959327697754e+01
8.090736007690429688e+01
8.134485435485839844e+01
8.179799866676330566e+01
8.225112915039062500e+01
8.270425653457641602e+01
8.315737867355346680e+01
8.361052322387695312e+01
8.406364154815673828e+01
8.453244495391845703e+01
8.500116586685180664e+01
8.545432019233703613e+01
8.590741562843322754e+01
8.636057996749877930e+01
8.679805397987365723e+01
8.725118422508239746e+01
8.770432829856872559e+01
8.815746068954467773e+01
8.861057853698730469e+01
8.906372117996215820e+01
8.951684165000915527e+01
8.996997308731079102e+01
9.042311549186706543e+01
9.087623381614685059e+01
9.132936429977416992e+01
9.176688718795776367e+01
9.222000408172607422e+01
9.268875813484191895e+01
