1.299865174293518066e+01
2.600708603858947754e+01
3.900763511657714844e+01
5.198227047920227051e+01
6.496251773834228516e+01
7.792147135734558105e+01
9.094002842903137207e+01
1.039083297252655029e+02
1.169309473037719727e+02
1.299606244564056396e+02
1.429069113731384277e+02
1.558793947696685791e+02
1.688477294445037842e+02
1.817840559482574463e+02
1.947860782146453857e+02
2.077424631118774414e+02
2.207414696216583252e+02
2.337187325954437256e+02
2.467334730625152588e+02
2.597094261646270752e+02
2.726861081123352051e+02
2.856697800159454346e+02
2.986526381969451904e+02
3.115986142158508301e+02
3.245762887001037598e+02
3.375991830825805664e+02
3.505533568859100342e+02
3.635440492630004883e+02
3.765330088138580322e+02
3.894891321659088135e+02
4.024557580947875977e+02
4.154334812164306641e+02
4.283727211952209473e+02
4.413526918888092041e+02
4.543394660949707031e+02
4.673258574008941650e+02
4.802997710704803467e+02
4.933330922126770020e+02
5.063156950473785400e+02
5.193066091537475586e+02
5.322835683822631836e+02
5.452958159446716309e+02
5.582818100452423096e+02
5.712323176860809326e+02
5.841961379051208496e+02
5.972139275074005127e+02
6.101761226654052734e+02
6.232137725353240967e+02
6.361912410259246826e+02
6.491375017166137695e+02
6.621617732048034668e+02
6.751507110595703125e+02
6.881610581874847412e+02
7.011231384277343750e+02
7.141475667953491211e+02
7.271620051860809326e+02
7.401493434906005859e+02
7.531646075248718262e+02
7.661178495883941650e+02
7.790868880748748779e+02
7.920706808567047119e+02
8.050312376022338867e+02
8.180492591857910156e+02
8.310176467895507812e+02
8.440411310195922852e+02
8.570155856609344482e+02
8.700054531097412109e+02
8.829938516616821289e+02
8.959976067543029785e+02
9.088798618316650391e+02
9.219193420410156250e+02
9.348760118484497070e+02
9.478664860725402832e+02
9.608048243522644043e+02
9.738477663993835449e+02
9.867970204353332520e+02
9.997933154106140137e+02
1.012770858287811279e+03
1.025715161561965942e+03
1.038684584379196167e+03
1.051616477489471436e+03
1.064556804418563843e+03
1.077521285295486450e+03
1.090541740179061890e+03
1.103513951301574707e+03
1.116522341251373291e+03
1.129475858449935913e+03
1.142448712825775146e+03
1.155433332204818726e+03
1.168402058601379395e+03
1.181387661695480347e+03
1.194347407102584839e+03
1.207310427188873291e+03
1.220318531274795532e+03
1.233299086809158325e+03
1.246296141624450684e+03
1.259247122526168823e+03
1.272228778600692749e+03
1.285211506366729736e+03
1.298191021919250488e+03
1.311160859346389771e+03
1.324264366626739502e+03
1.337249767303466797e+03
1.350256410360336304e+03
1.363240868330001831e+03
1.376208561182022095e+03
1.389196786880493164e+03
1.402194873332977295e+03
1.415182356357574463e+03
1.428164641857147217e+03
1.441122916698455811e+03
1.454145860671997070e+03
1.467140194416046143e+03
1.480140558481216431e+03
1.493130213260650635e+03
1.506103531122207642e+03
1.519115869760513306e+03
1.532124759674072266e+03
1.545066890716552734e+03
1.558037796020507812e+03
1.571019921779632568e+03
1.583986645936965942e+03
1.596981958866119385e+03
1.609969043016433716e+03
1.622956107854843140e+03
1.635921911478042603e+03
1.648896042823791504e+03
1.661824827432632446e+03
1.674852643251419067e+03
1.687815829992294312e+03
1.700757346153259277e+03
1.713731563329696655e+03
1.726695944786071777e+03
1.739652602434158325e+03
1.752627859830856323e+03
1.765564170122146606e+03
1.778573641538619995e+03
1.791546073675155640e+03
1.804532497406005859e+03
1.817495039939880371e+03
1.830478374004364014e+03
1.843478201389312744e+03
1.856490042686462402e+03
1.869444260120391846e+03
1.882429703474044800e+03
1.895462413311004639e+03
1.908440968513488770e+03
1.921502440452575684e+03
1.934461001396179199e+03
1.947484739303588867e+03
1.960427218675613403e+03
1.973408170223236084e+03
1.986379420518875122e+03
1.999356615781784058e+03
2.012324201583862305e+03
2.025332339048385620e+03
2.038301496505737305e+03
2.051330646276473999e+03
2.064258366584777832e+03
2.077268814325332642e+03
2.090205191612243652e+03
2.103200356245040894e+03
2.116163739442825317e+03
2.129129718542098999e+03
2.142149020910263062e+03
2.155129455089569092e+03
2.168133508920669556e+03
2.181103312492370605e+03
2.194062108039855957e+03
2.207036229372024536e+03
2.219961929559707642e+03
2.232955917119979858e+03
2.245926871299743652e+03
2.258924132823944092e+03
2.271880078554153442e+03
2.284898921489715576e+03
2.297862285137176514e+03
2.310809471368789673e+03
2.323768778085708618e+03
2.336712326526641846e+03
2.349717535972595215e+03
2.362655511617660522e+03
2.375681657791137695e+03
2.388647545814514160e+03
2.401644207477569580e+03
2.414667937040328979e+03
2.427674761295318604e+03
2.440648922204971313e+03
2.453668944597244263e+03
2.466596727132797241e+03
2.479581188201904297e+03
2.492506005764007568e+03
2.505505835533142090e+03
2.518492635488510132e+03
2.531514686822891235e+03
2.544493183612823486e+03
2.557458831548690796e+03
2.570440462589263916e+03
2.583380332946777344e+03
2.596372203350067139e+03
