1.330406212806701660e+01
2.647200727462768555e+01
3.968107080459594727e+01
5.292159581184387207e+01
6.617094826698303223e+01
7.943630552291870117e+01
9.273011636734008789e+01
1.060007081031799316e+02
1.192652862071990967e+02
1.325330722332000732e+02
1.458722074031829834e+02
1.593471889495849609e+02
1.726672012805938721e+02
1.859235448837280273e+02
1.991765971183776855e+02
2.124058504104614258e+02
2.257186372280120850e+02
2.389825987815856934e+02
2.522493147850036621e+02
2.654778032302856445e+02
2.787324824333190918e+02
2.919764435291290283e+02
3.052211706638336182e+02
3.184648628234863281e+02
3.317310585975646973e+02
3.450179347991943359e+02
3.582592339515686035e+02
3.714955928325653076e+02
3.847160837650299072e+02
3.979498350620269775e+02
4.112034256458282471e+02
4.244353096485137939e+02
4.377316505908966064e+02
4.509925732612609863e+02
4.642593028545379639e+02
4.775095846652984619e+02
4.907520301342010498e+02
5.040023827552795410e+02
5.171783690452575684e+02
5.304426739215850830e+02
5.436496133804321289e+02
5.569213306903839111e+02
5.701351418495178223e+02
5.834173569679260254e+02
5.966332380771636963e+02
6.098810133934020996e+02
6.231314618587493896e+02
6.363582155704498291e+02
6.496119496822357178e+02
6.628158233165740967e+02
6.760874466896057129e+02
6.893398032188415527e+02
7.026269116401672363e+02
7.158648169040679932e+02
7.291177580356597900e+02
7.423669779300689697e+02
7.556244478225708008e+02
7.688724539279937744e+02
7.820821397304534912e+02
7.953425729274749756e+02
8.085360069274902344e+02
8.217795541286468506e+02
8.350234041213989258e+02
8.482590737342834473e+02
8.614946489334106445e+02
8.747149107456207275e+02
8.879679234027862549e+02
9.011772131919860840e+02
9.144402294158935547e+02
9.276574316024780273e+02
9.409019210338592529e+02
9.541837005615234375e+02
9.674008998870849609e+02
9.806686451435089111e+02
9.938906013965606689e+02
1.007155139684677124e+03
1.020384811401367188e+03
1.033651407718658447e+03
1.046882054567337036e+03
1.060172750473022461e+03
1.073378081321716309e+03
1.086620294094085693e+03
1.099888325214385986e+03
1.113123810768127441e+03
1.126337330102920532e+03
1.139582329988479614e+03
1.152789601087570190e+03
1.165982043504714966e+03
1.179205533266067505e+03
1.192675750255584717e+03
1.206172186851501465e+03
1.219461391448974609e+03
1.232675755262374878e+03
1.245898903369903564e+03
1.259141526222229004e+03
1.272378570318222046e+03
1.285642585754394531e+03
1.298870797157287598e+03
1.312129201889038086e+03
1.325357407569885254e+03
1.338619330167770386e+03
1.351863363265991211e+03
1.365144810199737549e+03
1.378682291507720947e+03
1.392157206296920776e+03
1.405542062759399414e+03
1.418857632160186768e+03
1.432135055303573608e+03
1.445384490013122559e+03
1.458637961387634277e+03
1.471858003377914429e+03
1.485123655796051025e+03
1.498364298582077026e+03
1.511620244026184082e+03
1.524816289424896240e+03
1.537994940757751465e+03
1.551292706012725830e+03
1.564482761859893799e+03
1.577763479948043823e+03
1.591006867647171021e+03
1.604248631715774536e+03
1.617563877344131470e+03
1.630868896484375000e+03
1.644150249481201172e+03
1.657440083026885986e+03
1.670684817790985107e+03
1.683923140764236450e+03
1.697154897212982178e+03
1.710380145788192749e+03
1.723634646415710449e+03
1.736885081291198730e+03
1.750176156044006348e+03
1.763392280340194702e+03
1.776644612073898315e+03
1.789877806186676025e+03
1.803138503313064575e+03
1.816368978500366211e+03
1.829604729652404785e+03
1.842816010713577271e+03
1.856103135824203491e+03
1.869318330049514771e+03
1.882590581178665161e+03
1.895822145700454712e+03
1.909108770847320557e+03
1.922350341796875000e+03
1.935590445756912231e+03
1.948819075107574463e+03
1.962010079860687256e+03
1.975245860815048218e+03
1.988478198289871216e+03
2.001740011930465698e+03
2.014983154296875000e+03
2.028240465641021729e+03
2.041450496673583984e+03
2.054748670816421509e+03
2.067942041158676147e+03
2.081206230401992798e+03
2.094406292438507080e+03
2.107667033195495605e+03
2.120887668609619141e+03
2.134148691177368164e+03
2.147412178039550781e+03
2.160652701854705811e+03
2.173876637458801270e+03
2.187095318794250488e+03
2.200318223476409912e+03
2.213580292701721191e+03
2.226838581085205078e+03
2.240054830551147461e+03
2.253300226211547852e+03
2.266587160587310791e+03
2.279805177450180054e+03
2.293093669414520264e+03
2.306321421146392822e+03
2.319549495697021484e+03
2.332772992849349976e+03
2.345998766899108887e+03
2.359274299860000610e+03
2.372511166095733643e+03
2.385832448959350586e+03
2.399065757513046265e+03
2.412348501920700073e+03
2.425563386678695679e+03
2.438832686424255371e+03
2.452044068098068237e+03
2.465316376686096191e+03
2.478564619302749634e+03
2.491781553506851196e+03
2.505100631237030029e+03
2.518302990198135376e+03
2.531606367349624634e+03
2.544823232412338257e+03
2.558087552070617676e+03
2.571269563198089600e+03
2.584530947208404541e+03
2.597740123033523560e+03
2.610997565984725952e+03
2.624255288600921631e+03
2.637471509933471680e+03
2.650687722444534302e+03
