1.308532190322875977e+01
2.619472670555114746e+01
3.932572817802429199e+01
5.242972779273986816e+01
6.558061432838439941e+01
7.869208908081054688e+01
9.180526709556579590e+01
1.049215972423553467e+02
1.180369601249694824e+02
1.311033320426940918e+02
1.442641336917877197e+02
1.573763890266418457e+02
1.704927852153778076e+02
1.835472755432128906e+02
1.966883959770202637e+02
2.097774167060852051e+02
2.229399473667144775e+02
2.360315613746643066e+02
2.491296849250793457e+02
2.622170672416687012e+02
2.753541293144226074e+02
2.884642140865325928e+02
3.016081733703613281e+02
3.147067372798919678e+02
3.278746962547302246e+02
3.410559389591217041e+02
3.542066917419433594e+02
3.673050773143768311e+02
3.804236097335815430e+02
3.935524113178253174e+02
4.066574232578277588e+02
4.197684400081634521e+02
4.329118220806121826e+02
4.460469913482666016e+02
4.592662024497985840e+02
4.724533681869506836e+02
4.855196654796600342e+02
4.986460702419281006e+02
5.117769019603729248e+02
5.249007263183593750e+02
5.380301933288574219e+02
5.511669747829437256e+02
5.642973079681396484e+02
5.774844284057617188e+02
5.905770843029022217e+02
6.037147636413574219e+02
6.168567190170288086e+02
6.299969885349273682e+02
6.430719764232635498e+02
6.561954007148742676e+02
6.693178284168243408e+02
6.824135963916778564e+02
6.955670602321624756e+02
7.087305240631103516e+02
7.218410909175872803e+02
7.349146397113800049e+02
7.480216825008392334e+02
7.610907084941864014e+02
7.742146525382995605e+02
7.872967808246612549e+02
8.004403913021087646e+02
8.135581989288330078e+02
8.267100327014923096e+02
8.398167340755462646e+02
8.529539415836334229e+02
8.661222152709960938e+02
8.791706829071044922e+02
8.923054535388946533e+02
9.053935728073120117e+02
9.185721774101257324e+02
9.316559600830078125e+02
9.448125615119934082e+02
9.579236288070678711e+02
9.710780661106109619e+02
9.841617884635925293e+02
9.972867171764373779e+02
1.010368762254714966e+03
1.023518338918685913e+03
1.036616448163986206e+03
1.050037977218627930e+03
1.063417147636413574e+03
1.076662526369094849e+03
1.089790295600891113e+03
1.102905688285827637e+03
1.116032185316085815e+03
1.129069252014160156e+03
1.142223457336425781e+03
1.155353490591049194e+03
1.168493126392364502e+03
1.181624140739440918e+03
1.194743563413619995e+03
1.207847254276275635e+03
1.220974406242370605e+03
1.234084738731384277e+03
1.247216867208480835e+03
1.260356822967529297e+03
1.273480505466461182e+03
1.286631453514099121e+03
1.299768356561660767e+03
1.312888265609741211e+03
1.326002844095230103e+03
1.339139656543731689e+03
1.352274584054946899e+03
1.365404462099075317e+03
1.378490678071975708e+03
1.391559459447860718e+03
1.404648244857788086e+03
1.417809187650680542e+03
1.430897859811782837e+03
1.444044718027114868e+03
1.457145779132843018e+03
1.470297158718109131e+03
1.483437054634094238e+03
1.496564365386962891e+03
1.509701864719390869e+03
1.522818978786468506e+03
1.535925939559936523e+03
1.549059730529785156e+03
1.562137485742568970e+03
1.575270532369613647e+03
1.588390277385711670e+03
1.601533788919448853e+03
1.614662851095199585e+03
1.627760399818420410e+03
1.640868530511856079e+03
1.653999538660049438e+03
1.667168060779571533e+03
1.680278375864028931e+03
1.693396155595779419e+03
1.706497965574264526e+03
1.719561407327651978e+03
1.732665059804916382e+03
1.745774690866470337e+03
1.758890824317932129e+03
1.771987581968307495e+03
1.785132580280303955e+03
1.798172463893890381e+03
1.811351507902145386e+03
1.824433295249938965e+03
1.837542670965194702e+03
1.850652020931243896e+03
1.863767437934875488e+03
1.877169562101364136e+03
1.890902122974395752e+03
1.906250737905502319e+03
1.919564747571945190e+03
1.932701199293136597e+03
1.945828221082687378e+03
1.958925974607467651e+03
1.972044713973999023e+03
1.985127968072891235e+03
1.998265438795089722e+03
2.011401876926422119e+03
2.024579691171646118e+03
2.037703852176666260e+03
2.050866225004196167e+03
2.063932011365890503e+03
2.077085958480834961e+03
2.090256765365600586e+03
2.103409175395965576e+03
2.116579551696777344e+03
2.129698543071746826e+03
2.142890508651733398e+03
2.155986215353012085e+03
2.169149199247360229e+03
2.182295607566833496e+03
2.195440304994583130e+03
2.208596763610839844e+03
2.221729959487915039e+03
2.234857129573822021e+03
2.247982904672622681e+03
2.261129546880722046e+03
2.274368972539901733e+03
2.287478577852249146e+03
2.300676805496215820e+03
2.313802315235137939e+03
2.326923757553100586e+03
2.340065464496612549e+03
2.353272012233734131e+03
2.366389540433883667e+03
2.379575314521789551e+03
2.392714212417602539e+03
2.405850026130676270e+03
2.419027019739151001e+03
2.432139289617538452e+03
2.445252501726150513e+03
2.458354801893234253e+03
2.471481587171554565e+03
2.484606452703475952e+03
2.497800787925720215e+03
2.510942977666854858e+03
2.524072167634963989e+03
2.537154659509658813e+03
2.550270787000656128e+03
2.563374547004699707e+03
2.576497960329055786e+03
2.589599955081939697e+03
2.602764492034912109e+03
2.615856344223022461e+03
2.629040818929672241e+03
