1.174335718154907227e+00
2.410715103149414062e+00
3.762176036834716797e+00
5.028077125549316406e+00
6.230432271957397461e+00
7.395260334014892578e+00
8.546079158782958984e+00
9.689892530441284180e+00
1.081919598579406738e+01
1.195950698852539062e+01
1.312533664703369141e+01
1.426564717292785645e+01
1.538744544982910156e+01
1.654927229881286621e+01
1.770209217071533203e+01
1.893797063827514648e+01
2.009129190444946289e+01
2.133667755126953125e+01
2.251552510261535645e+01
2.370987391471862793e+01
2.489721918106079102e+01
2.603052473068237305e+01
2.719785499572753906e+01
2.844874477386474609e+01
2.960008668899536133e+01
3.072338581085205078e+01
3.185118818283081055e+01
3.308306479454040527e+01
3.420386338233947754e+01
3.532816123962402344e+01
3.644145298004150391e+01
3.757726120948791504e+01
3.869505691528320312e+01
3.982185721397399902e+01
4.095966720581054688e+01
4.214451098442077637e+01
4.326680850982666016e+01
4.440111541748046875e+01
4.555143332481384277e+01
4.668376684188842773e+01
4.780456399917602539e+01
4.892636156082153320e+01
5.005216312408447266e+01
5.124651217460632324e+01
5.237231278419494629e+01
5.350561928749084473e+01
5.463142466545104980e+01
5.575021648406982422e+01
5.688502311706542969e+01
5.802383255958557129e+01
5.917315077781677246e+01
6.033897948265075684e+01
6.148029160499572754e+01
6.261509895324707031e+01
6.373539590835571289e+01
6.487571358680725098e+01
6.602653312683105469e+01
6.717785143852233887e+01
6.831866288185119629e+01
6.955153918266296387e+01
7.067285084724426270e+01
7.181815195083618164e+01
7.295095777511596680e+01
7.408627867698669434e+01
7.524009943008422852e+01
7.637290477752685547e+01
7.751171517372131348e+01
7.866403412818908691e+01
7.980034279823303223e+01
8.093414926528930664e+01
8.207996439933776855e+01
8.322627997398376465e+01
8.436709141731262207e+01
8.555746006965637207e+01
8.670527648925781250e+01
8.785309314727783203e+01
8.900941562652587891e+01
9.020026350021362305e+01
9.143113803863525391e+01
9.255693888664245605e+01
9.369875073432922363e+01
9.486755871772766113e+01
9.602538180351257324e+01
9.716669416427612305e+01
9.832351708412170410e+01
9.947783827781677246e+01
1.006206517219543457e+02
1.017744719982147217e+02
1.029182856082916260e+02
1.040635998249053955e+02
1.052034106254577637e+02
1.063937582969665527e+02
1.076147241592407227e+02
1.087545361518859863e+02
1.100184333324432373e+02
1.111677520275115967e+02
1.123070621490478516e+02
1.134413688182830811e+02
1.145801789760589600e+02
1.157129843235015869e+02
1.168698077201843262e+02
1.180106182098388672e+02
1.191634387969970703e+02
1.203682954311370850e+02
1.215381274223327637e+02
1.227209692001342773e+02
1.238998074531555176e+02
1.250671379566192627e+02
1.263433172702789307e+02
1.275496749877929688e+02
1.287009944915771484e+02
1.298568160533905029e+02
1.310026311874389648e+02
1.321709623336791992e+02
1.333077707290649414e+02
1.344600906372070312e+02
1.355989010334014893e+02
1.367762379646301270e+02
1.379210522174835205e+02
1.390743737220764160e+02
1.403622882366180420e+02
1.415081040859222412e+02
1.426474139690399170e+02
1.437937300205230713e+02
1.449430468082427979e+02
1.460913643836975098e+02
1.472531902790069580e+02
1.483990051746368408e+02
1.495473222732543945e+02
1.506906354427337646e+02
1.518414683341979980e+02
1.529862685203552246e+02
1.541455929279327393e+02
1.552924082279205322e+02
1.564465103149414062e+02
1.575938262939453125e+02
1.587455220222473145e+02
1.598943390846252441e+02
1.610433011054992676e+02
1.621886162757873535e+02
1.633554463386535645e+02
1.645110199451446533e+02
1.656598372459411621e+02
1.668031511306762695e+02
1.679464635848999023e+02
1.690967831611633301e+02
1.702631113529205322e+02
1.714129300117492676e+02
1.725627474784851074e+02
1.737265980243682861e+02
1.748734138011932373e+02
1.760412445068359375e+02
1.772160801887512207e+02
1.784334461688995361e+02
1.795917704105377197e+02
1.807375850677490234e+02
1.818849024772644043e+02
1.830817525386810303e+02
1.842705996036529541e+02
1.854369275569915771e+02
1.866172671318054199e+02
1.877665848731994629e+02
1.889434218406677246e+02
1.900877361297607422e+02
1.912395551204681396e+02
1.923878717422485352e+02
1.935451951026916504e+02
1.946925222873687744e+02
1.958518466949462891e+02
1.970246810913085938e+02
1.982040205001831055e+02
1.993643596172332764e+02
2.005211682319641113e+02
2.016849958896636963e+02
2.028438220024108887e+02
2.040036454200744629e+02
2.051749787330627441e+02
2.063403079509735107e+02
2.075226488113403320e+02
2.086839747428894043e+02
2.099633846282958984e+02
2.111194560527801514e+02
2.122752785682678223e+02
2.134411077499389648e+02
2.146119403839111328e+02
2.158658323287963867e+02
2.170972080230712891e+02
2.182740454673767090e+02
2.194270138740539551e+02
2.205878400802612305e+02
2.217441623210906982e+02
2.229049878120422363e+02
2.240738193988800049e+02
2.252416501045227051e+02
2.264099812507629395e+02
2.275818147659301758e+02
2.287599332332611084e+02
2.299422736167907715e+02
2.311131067276000977e+02
2.322844400405883789e+02
