2.476761579513549805e+00
3.558531045913696289e+00
4.630793809890747070e+00
5.710561990737915039e+00
6.785827398300170898e+00
7.870598554611206055e+00
8.935856342315673828e+00
9.999613285064697266e+00
1.107888102531433105e+01
1.214613986015319824e+01
1.322040581703186035e+01
1.431718420982360840e+01
1.538994812965393066e+01
1.647077059745788574e+01
1.755754327774047852e+01
1.863230800628662109e+01
1.972058176994323730e+01
2.080986595153808594e+01
2.190263485908508301e+01
2.299491095542907715e+01
2.407868242263793945e+01
2.518496870994567871e+01
2.629175639152526855e+01
2.738953733444213867e+01
2.848431539535522461e+01
2.956708598136901855e+01
3.065285801887512207e+01
3.174325561523437500e+01
3.284003567695617676e+01
3.393531465530395508e+01
3.502859282493591309e+01
3.613437891006469727e+01
3.730170965194702148e+01
3.839498662948608398e+01
3.950077366828918457e+01
4.065209245681762695e+01
4.177038788795471191e+01
4.287617397308349609e+01
4.401348328590393066e+01
4.513678312301635742e+01
4.625757956504821777e+01
4.734835553169250488e+01
4.843412756919860840e+01
4.951239490509033203e+01
5.058665895462036133e+01
5.165742087364196777e+01
5.272518014907836914e+01
5.380294656753540039e+01
5.488421583175659180e+01
5.599450540542602539e+01
5.709028482437133789e+01
5.817555689811706543e+01
5.926533222198486328e+01
6.033509302139282227e+01
6.140385365486145020e+01
6.247948908805847168e+01
6.355375242233276367e+01
6.462701535224914551e+01
6.571178817749023438e+01
6.678756213188171387e+01
6.788634347915649414e+01
6.908619642257690430e+01
7.019198274612426758e+01
7.127925658226013184e+01
7.236703062057495117e+01
7.345580482482910156e+01
7.455658769607543945e+01
7.564436173439025879e+01
7.673763918876647949e+01
7.782741498947143555e+01
7.892319393157958984e+01
8.003998851776123047e+01
8.112025690078735352e+01
8.222504210472106934e+01
8.331181573867797852e+01
8.440459275245666504e+01
8.550487518310546875e+01
8.658164119720458984e+01
8.766691350936889648e+01
8.875318622589111328e+01
8.983295392990112305e+01
9.092072749137878418e+01
9.201150393486022949e+01
9.309227228164672852e+01
9.417454171180725098e+01
9.525583171844482422e+01
9.633307766914367676e+01
9.741985106468200684e+01
9.851613044738769531e+01
9.960640597343444824e+01
1.006936798095703125e+02
1.017969644069671631e+02
1.028867392539978027e+02
1.039860212802886963e+02
1.050762968063354492e+02
1.062386231422424316e+02
1.073193926811218262e+02
1.084001612663269043e+02
1.094834315776824951e+02
1.105767092704772949e+02
1.116584787368774414e+02
1.127702691555023193e+02
1.138575432300567627e+02
1.149528217315673828e+02
1.160406110286712646e+02
1.171363754272460938e+02
1.182286520004272461e+02
1.193139538764953613e+02
1.203992176055908203e+02
1.214789865016937256e+02
1.225755481719970703e+02
1.236938440799713135e+02
1.248216454982757568e+02
1.259244294166564941e+02
1.270312166213989258e+02
1.281330008506774902e+02
1.292187731266021729e+02
1.303305640220642090e+02
1.314333486557006836e+02
1.325306291580200195e+02
1.336394178867340088e+02
1.347797291278839111e+02
1.359260442256927490e+02
1.370268273353576660e+02
1.381621351242065430e+02
1.392944402694702148e+02
1.404427576065063477e+02
1.416986503601074219e+02
1.428609766960144043e+02
1.439842762947082520e+02
1.450980684757232666e+02
1.462143623828887939e+02
1.473396627902984619e+02
1.484464502334594727e+02
1.495422291755676270e+02
1.506320040225982666e+02
1.517342894077301025e+02
1.528265666961669922e+02
1.539208443164825439e+02
1.550331363677978516e+02
1.561444263458251953e+02
1.572537150382995605e+02
1.583474931716918945e+02
1.594492766857147217e+02
1.605630688667297363e+02
1.616538448333740234e+02
1.627466218471527100e+02
1.638504302501678467e+02
1.649502127170562744e+02
1.660534973144531250e+02
1.671552810668945312e+02
1.682580657005310059e+02
1.693548457622528076e+02
1.704486236572265625e+02
1.715504071712493896e+02
1.726421837806701660e+02
1.737354614734649658e+02
1.748287537097930908e+02
1.759345257282257080e+02
1.770408124923706055e+02
1.781385934352874756e+02
1.792363746166229248e+02
1.803311531543731689e+02
1.814304411411285400e+02
1.825352268218994141e+02
1.836415138244628906e+02
1.847538051605224609e+02
1.858620927333831787e+02
1.869583728313446045e+02
1.880621583461761475e+02
1.891774513721466064e+02
1.902732310295104980e+02
1.913765156269073486e+02
1.924913082122802734e+02
1.935935926437377930e+02
1.946943757534027100e+02
1.958011629581451416e+02
1.969089510440826416e+02
1.980012278556823730e+02
1.991160211563110352e+02
2.002418220043182373e+02
2.013441059589385986e+02
2.024463896751403809e+02
2.035446853637695312e+02
2.046641743183135986e+02
2.057734768390655518e+02
2.068812818527221680e+02
2.079770448207855225e+02
2.090868341922760010e+02
2.101996254920959473e+02
2.112954056262969971e+02
2.124162025451660156e+02
2.135189862251281738e+02
2.146342802047729492e+02
2.157410671710968018e+02
2.168523573875427246e+02
2.179571430683135986e+02
2.190754396915435791e+02
2.201757216453552246e+02
2.212815082073211670e+02
