1.247387170791625977e+00
2.423223257064819336e+00
3.617072820663452148e+00
4.789406538009643555e+00
5.972748517990112305e+00
7.170099735260009766e+00
8.364967346191406250e+00
9.549792766571044922e+00
1.073363542556762695e+01
1.191347360610961914e+01
1.312433552742004395e+01
1.430517578125000000e+01
1.548351359367370605e+01
1.667636299133300781e+01
1.787271308898925781e+01
1.905805611610412598e+01
2.023889636993408203e+01
2.143624806404113770e+01
2.260279417037963867e+01
2.381015300750732422e+01
2.505353736877441406e+01
2.630792951583862305e+01
2.752349114418029785e+01
2.871333742141723633e+01
2.991319108009338379e+01
3.109202933311462402e+01
3.227286958694458008e+01
3.346872019767761230e+01
3.465006089210510254e+01
3.585493183135986328e+01
3.703925967216491699e+01
3.824111461639404297e+01
3.943846654891967773e+01
4.063431739807128906e+01
4.185418510437011719e+01
4.315210771560668945e+01
4.435346317291259766e+01
4.554480981826782227e+01
4.688276171684265137e+01
4.809890508651733398e+01
4.930426168441772461e+01
5.051712489128112793e+01
5.170146727561950684e+01
5.293084168434143066e+01
5.412318968772888184e+01
5.532404422760009766e+01
5.651138830184936523e+01
5.771674609184265137e+01
5.892310404777526855e+01
6.016598820686340332e+01
6.152795743942260742e+01
6.296397924423217773e+01
6.418084383010864258e+01
6.539020419120788574e+01
6.659105849266052246e+01
6.775538659095764160e+01
6.895023679733276367e+01
7.016059780120849609e+01
7.137195920944213867e+01
7.256480789184570312e+01
7.385972905158996582e+01
7.504206991195678711e+01
7.632948541641235352e+01
7.762390661239624023e+01
7.895685434341430664e+01
8.014319920539855957e+01
8.141410255432128906e+01
8.264097547531127930e+01
8.393289399147033691e+01
8.516777276992797852e+01
8.658778238296508789e+01
8.780764985084533691e+01
8.900950527191162109e+01
9.019161009788513184e+01
9.141598105430603027e+01
9.261734914779663086e+01
9.381169939041137695e+01
9.500104498863220215e+01
9.624693083763122559e+01
9.751935648918151855e+01
9.873021817207336426e+01
9.996359539031982422e+01
1.012670223712921143e+02
1.025099065303802490e+02
1.036912469863891602e+02
1.049186198711395264e+02
1.061144702434539795e+02
1.073903784751892090e+02
1.086282584667205811e+02
1.098181049823760986e+02
1.110144557952880859e+02
1.123714218139648438e+02
1.135912890434265137e+02
1.148036518096923828e+02
1.160995726585388184e+02
1.172819137573242188e+02
1.184932758808135986e+02
1.196796195507049561e+02
1.209655344486236572e+02
1.221668884754180908e+02
1.234157769680023193e+02
1.246716706752777100e+02
1.258795309066772461e+02
1.270853869915008545e+02
1.282797369956970215e+02
1.296467099189758301e+02
1.309091067314147949e+02
1.320999548435211182e+02
1.334679276943206787e+02
1.346507685184478760e+02
1.358606290817260742e+02
1.370804967880249023e+02
1.382913579940795898e+02
1.395252490043640137e+02
1.407110919952392578e+02
1.419210984706878662e+02
1.431144468784332275e+02
1.443233215808868408e+02
1.455521814823150635e+02
1.467710487842559814e+02
1.480129320621490479e+02
1.492076895236968994e+02
1.504065432548522949e+02
1.516479256153106689e+02
1.528392734527587891e+02
1.540341229438781738e+02
1.552424826622009277e+02
1.564518430233001709e+02
1.576832191944122314e+02
1.588795707225799561e+02
1.600799236297607422e+02
1.612902843952178955e+02
1.625741989612579346e+02
1.638340940475463867e+02
1.650409522056579590e+02
1.662433075904846191e+02
1.675182282924652100e+02
1.687290756702423096e+02
1.699369347095489502e+02
1.711663100719451904e+02
1.723946835994720459e+02
1.736375679969787598e+02
1.748664410114288330e+02
1.760667955875396729e+02
1.772716519832611084e+02
1.784910197257995605e+02
1.797203938961029053e+02
1.809147436618804932e+02
1.821221027374267578e+02
1.833819983005523682e+02
1.845858550071716309e+02
1.857967162132263184e+02
1.870020737648010254e+02
1.882439570426940918e+02
1.894633243083953857e+02
1.906921982765197754e+02
1.919140677452087402e+02
1.931314342021942139e+02
1.943613207340240479e+02
1.955906949043273926e+02
1.968325786590576172e+02
1.980699594020843506e+02
1.992738151550292969e+02
2.004756700992584229e+02
2.017200551033020020e+02
2.029389224052429199e+02
2.041783034801483154e+02
2.053951692581176758e+02
2.066175382137298584e+02
2.078409087657928467e+02
2.090592753887176514e+02
2.102891499996185303e+02
2.115815703868865967e+02
2.128499717712402344e+02
2.140598330497741699e+02
2.152644968032836914e+02
2.165223910808563232e+02
2.177552683353424072e+02
2.189696319103240967e+02
2.202080128192901611e+02
2.214328849315643311e+02
2.226817731857299805e+02
2.238866298198699951e+02
2.250909860134124756e+02
2.263013472557067871e+02
2.275652461051940918e+02
2.288021259307861328e+02
2.300229947566986084e+02
2.312616379261016846e+02
2.324755015373229980e+02
2.339225308895111084e+02
2.352189538478851318e+02
2.365063686370849609e+02
2.377562577724456787e+02
2.389921364784240723e+02
2.402415256500244141e+02
2.414478833675384521e+02
2.426952717304229736e+02
2.439326517581939697e+02
2.452135765552520752e+02
