7.317073177546262741e-03
7.317073177546262741e-03
1.463414542376995087e-02
2.682926878333091736e-02
9.756097570061683655e-03
1.951219327747821808e-02
7.317073177546262741e-03
1.219512149691581726e-02
1.463414542376995087e-02
2.195121720433235168e-02
9.756097570061683655e-03
1.219512149691581726e-02
2.195121720433235168e-02
1.463414635509252548e-02
1.463414542376995087e-02
2.439024392515420914e-03
1.463414542376995087e-02
9.756097570061683655e-03
1.463414542376995087e-02
9.756097570061683655e-03
2.682926878333091736e-02
2.195121720433235168e-02
1.219512149691581726e-02
1.463414635509252548e-02
2.195121906697750092e-02
2.195121906697750092e-02
9.756097570061683655e-03
2.439024299383163452e-02
1.219512149691581726e-02
1.463414635509252548e-02
1.707316935062408447e-02
1.219512149691581726e-02
9.756097570061683655e-03
2.439024113118648529e-02
1.951219514012336731e-02
7.317073177546262741e-03
1.951219514012336731e-02
7.317073177546262741e-03
1.951219327747821808e-02
1.219512149691581726e-02
2.195122092962265015e-02
2.682926878333091736e-02
1.951219514012336731e-02
3.170731291174888611e-02
1.951219514012336731e-02
1.463414635509252548e-02
2.439024299383163452e-02
2.439024299383163452e-02
2.439024299383163452e-02
2.439024299383163452e-02
3.902439028024673462e-02
3.658536821603775024e-02
3.658536449074745178e-02
3.902438655495643616e-02
4.146341234445571899e-02
3.658536449074745178e-02
3.902439028024673462e-02
3.902439028024673462e-02
5.121951177716255188e-02
3.658536449074745178e-02
5.121950805187225342e-02
3.658536449074745178e-02
6.829268485307693481e-02
6.829267740249633789e-02
7.560975104570388794e-02
5.853658542037010193e-02
6.341463327407836914e-02
8.292682468891143799e-02
9.024389833211898804e-02
7.560975849628448486e-02
1.097560897469520569e-01
1.317073255777359009e-01
1.292682886123657227e-01
1.268292665481567383e-01
1.585365831851959229e-01
1.512195169925689697e-01
1.512195169925689697e-01
1.756097525358200073e-01
2.000000029802322388e-01
1.902438998222351074e-01
2.048780471086502075e-01
2.170731723308563232e-01
2.292682975530624390e-01
2.365853488445281982e-01
2.487804740667343140e-01
2.487804889678955078e-01
2.829268276691436768e-01
2.951219379901885986e-01
2.731707096099853516e-01
2.951219379901885986e-01
2.951219379901885986e-01
2.975609898567199707e-01
3.243902325630187988e-01
3.243902623653411865e-01
3.219512104988098145e-01
3.243902623653411865e-01
3.390243649482727051e-01
3.292682766914367676e-01
3.609756231307983398e-01
3.439024686813354492e-01
3.682926893234252930e-01
3.707317113876342773e-01
3.804877996444702148e-01
3.780487775802612305e-01
3.853658437728881836e-01
3.804877996444702148e-01
3.975609838962554932e-01
3.902439177036285400e-01
4.048780500888824463e-01
4.000000059604644775e-01
3.804877996444702148e-01
4.024390280246734619e-01
4.121951162815093994e-01
3.926829099655151367e-01
4.121951162815093994e-01
4.048780500888824463e-01
4.243902266025543213e-01
4.463414251804351807e-01
4.243902266025543213e-01
4.073170721530914307e-01
4.512194991111755371e-01
4.365853667259216309e-01
4.048780202865600586e-01
4.243902564048767090e-01
4.219512045383453369e-01
4.317072927951812744e-01
4.292682707309722900e-01
4.268292784690856934e-01
4.512194693088531494e-01
4.292682707309722900e-01
4.341463148593902588e-01
4.585365355014801025e-01
4.365853369235992432e-01
4.609755873680114746e-01
4.439024031162261963e-01
4.317072927951812744e-01
4.560975134372711182e-01
4.536585509777069092e-01
4.585365355014801025e-01
4.560975432395935059e-01
4.585365653038024902e-01
4.585365653038024902e-01
4.707317054271697998e-01
4.439024627208709717e-01
4.585365951061248779e-01
4.756097495555877686e-01
4.585365951061248779e-01
4.658536016941070557e-01
4.682926833629608154e-01
4.902439117431640625e-01
4.560975134372711182e-01
4.731707274913787842e-01
4.853658676147460938e-01
4.609756171703338623e-01
4.731707274913787842e-01
4.975609481334686279e-01
4.731706976890563965e-01
5.024390220642089844e-01
5.073170661926269531e-01
4.707316756248474121e-01
4.731706976890563965e-01
4.926829040050506592e-01
4.975609779357910156e-01
5.195121765136718750e-01
4.658536314964294434e-01
5.024390220642089844e-01
4.829268455505371094e-01
4.634146094322204590e-01
4.756097495555877686e-01
4.634146094322204590e-01
4.780487716197967529e-01
5.121951103210449219e-01
4.926829338073730469e-01
5.048780441284179688e-01
4.780487418174743652e-01
4.853658378124237061e-01
5.048780441284179688e-01
5.097560882568359375e-01
5.073170661926269531e-01
4.658536314964294434e-01
4.731706976890563965e-01
4.731707274913787842e-01
4.853658378124237061e-01
5.024390220642089844e-01
4.926829338073730469e-01
4.926829338073730469e-01
4.975609779357910156e-01
4.756097495555877686e-01
4.804877638816833496e-01
5.170731544494628906e-01
4.878048896789550781e-01
4.878048598766326904e-01
5.024390220642089844e-01
5.317073464393615723e-01
4.853658378124237061e-01
5.146341323852539062e-01
5.317072868347167969e-01
4.902439117431640625e-01
4.951219260692596436e-01
4.926829338073730469e-01
