1.463414542376995087e-02
1.463414542376995087e-02
1.707316935062408447e-02
1.951219327747821808e-02
2.439024113118648529e-02
1.707316935062408447e-02
2.682926692068576813e-02
1.219512149691581726e-02
9.756097570061683655e-03
1.463414542376995087e-02
1.951219514012336731e-02
2.682926692068576813e-02
2.195121906697750092e-02
1.951219327747821808e-02
1.219512149691581726e-02
2.439024113118648529e-02
1.707317121326923370e-02
1.707316935062408447e-02
2.439024299383163452e-02
1.463414542376995087e-02
1.951219327747821808e-02
2.926829271018505096e-02
1.707316935062408447e-02
1.707316935062408447e-02
1.219512149691581726e-02
2.195121906697750092e-02
9.756097570061683655e-03
1.707316935062408447e-02
2.682926692068576813e-02
2.195121906697750092e-02
1.707316935062408447e-02
2.439024485647678375e-02
1.707316935062408447e-02
2.195121906697750092e-02
2.439024299383163452e-02
1.951219327747821808e-02
1.707316935062408447e-02
2.195121720433235168e-02
2.439024299383163452e-02
2.195121906697750092e-02
1.951219327747821808e-02
2.439024113118648529e-02
2.439024299383163452e-02
2.439024113118648529e-02
1.951219327747821808e-02
2.682926878333091736e-02
2.195121906697750092e-02
3.170731291174888611e-02
2.682926505804061890e-02
1.951219514012336731e-02
2.926829271018505096e-02
3.414633870124816895e-02
3.170731663703918457e-02
1.951219514012336731e-02
1.463414542376995087e-02
1.951219327747821808e-02
1.951219327747821808e-02
1.951219327747821808e-02
1.951219514012336731e-02
3.658536449074745178e-02
4.390243813395500183e-02
2.195122092962265015e-02
2.195122092962265015e-02
3.658536449074745178e-02
1.951219514012336731e-02
2.682926878333091736e-02
2.926829084753990173e-02
2.439024299383163452e-02
2.439024299383163452e-02
1.707316935062408447e-02
1.707317121326923370e-02
3.902439028024673462e-02
3.658536449074745178e-02
3.658536449074745178e-02
3.658536076545715332e-02
4.146341234445571899e-02
5.121951550245285034e-02
5.853658169507980347e-02
4.878049343824386597e-02
4.878048598766326904e-02
5.609756335616111755e-02
4.634146764874458313e-02
5.609756708145141602e-02
6.097561120986938477e-02
6.097560748457908630e-02
8.048780262470245361e-02
7.804878056049346924e-02
8.780488371849060059e-02
8.780486881732940674e-02
1.048780530691146851e-01
1.170731708407402039e-01
1.390243917703628540e-01
1.341463476419448853e-01
1.487804949283599854e-01
1.878049075603485107e-01
1.853658407926559448e-01
1.926829218864440918e-01
2.073170840740203857e-01
2.146341502666473389e-01
2.439024299383163452e-01
2.560975551605224609e-01
2.585365772247314453e-01
2.707316875457763672e-01
2.756097614765167236e-01
2.682926654815673828e-01
2.804877758026123047e-01
2.829268276691436768e-01
2.756097316741943359e-01
3.243902623653411865e-01
3.341463506221771240e-01
3.097560703754425049e-01
3.268292546272277832e-01
3.536585569381713867e-01
3.487804830074310303e-01
3.292683064937591553e-01
3.439024388790130615e-01
3.073170781135559082e-01
3.414634168148040771e-01
3.463414907455444336e-01
3.585366010665893555e-01
3.780488073825836182e-01
3.756097853183746338e-01
3.609755933284759521e-01
3.707317113876342773e-01
3.609756231307983398e-01
3.731707334518432617e-01
3.585366010665893555e-01
3.756097555160522461e-01
3.756097555160522461e-01
3.829268217086791992e-01
3.634146451950073242e-01
3.536585569381713867e-01
3.780487775802612305e-01
3.926829397678375244e-01
3.829268217086791992e-01
3.975609838962554932e-01
3.878048956394195557e-01
3.780487775802612305e-01
3.902439177036285400e-01
4.000000059604644775e-01
4.000000059604644775e-01
3.951219916343688965e-01
3.926829397678375244e-01
3.926829397678375244e-01
4.000000357627868652e-01
3.756098151206970215e-01
3.926829397678375244e-01
3.951219618320465088e-01
4.073171019554138184e-01
4.097561240196228027e-01
4.146341681480407715e-01
4.048780798912048340e-01
4.219512343406677246e-01
4.073170721530914307e-01
3.975609838962554932e-01
4.024390578269958496e-01
4.268292784690856934e-01
3.926829397678375244e-01
4.097561240196228027e-01
4.073170721530914307e-01
4.073170721530914307e-01
4.146341681480407715e-01
4.146341383457183838e-01
4.268292784690856934e-01
4.195121824741363525e-01
4.121951460838317871e-01
4.341463148593902588e-01
3.975609838962554932e-01
4.268292486667633057e-01
4.170731604099273682e-01
4.048780500888824463e-01
4.243902266025543213e-01
4.512194991111755371e-01
4.439024329185485840e-01
4.365853667259216309e-01
4.024390280246734619e-01
4.365853369235992432e-01
4.292683005332946777e-01
4.341463446617126465e-01
4.024390578269958496e-01
4.219512045383453369e-01
4.414634108543395996e-01
4.121951460838317871e-01
4.097560942173004150e-01
4.317073225975036621e-01
4.219512045383453369e-01
4.365853667259216309e-01
4.121951460838317871e-01
4.317073225975036621e-01
4.292683005332946777e-01
4.439024031162261963e-01
4.292682707309722900e-01
4.146341383457183838e-01
4.121951460838317871e-01
4.634146094322204590e-01
4.146341383457183838e-01
4.487804770469665527e-01
4.536585211753845215e-01
4.341463446617126465e-01
4.292683005332946777e-01
