4.878048785030841827e-03
2.195121720433235168e-02
2.195121906697750092e-02
1.951219327747821808e-02
2.682926692068576813e-02
2.682926692068576813e-02
1.951219514012336731e-02
1.463414542376995087e-02
1.219512149691581726e-02
4.878048785030841827e-03
3.170731663703918457e-02
2.926829271018505096e-02
1.951219514012336731e-02
2.926829084753990173e-02
1.951219514012336731e-02
1.707316935062408447e-02
1.463414635509252548e-02
1.463414542376995087e-02
2.439024113118648529e-02
1.707316935062408447e-02
4.146341234445571899e-02
2.926829084753990173e-02
2.439024299383163452e-02
1.707316935062408447e-02
4.634146392345428467e-02
4.390243813395500183e-02
2.682926878333091736e-02
5.853658914566040039e-02
3.902438655495643616e-02
3.658536821603775024e-02
5.365853756666183472e-02
6.585365533828735352e-02
5.365853756666183472e-02
6.829268485307693481e-02
7.073170691728591919e-02
7.317072898149490356e-02
8.048781007528305054e-02
9.512194991111755371e-02
1.024390161037445068e-01
1.121951192617416382e-01
1.219512224197387695e-01
1.414634138345718384e-01
1.390243917703628540e-01
1.536585390567779541e-01
1.560975611209869385e-01
1.780487746000289917e-01
1.829268187284469604e-01
2.073170840740203857e-01
1.853658556938171387e-01
1.999999880790710449e-01
2.000000029802322388e-01
2.219512164592742920e-01
2.317073047161102295e-01
2.512195110321044922e-01
2.317073047161102295e-01
2.682926952838897705e-01
2.487804591655731201e-01
2.731707096099853516e-01
2.390243709087371826e-01
2.585365772247314453e-01
2.731707394123077393e-01
2.780487835407257080e-01
2.878049015998840332e-01
2.902438938617706299e-01
2.999999821186065674e-01
3.243902623653411865e-01
3.243902325630187988e-01
3.268292546272277832e-01
3.317072987556457520e-01
3.414633870124816895e-01
3.317073285579681396e-01
3.292683064937591553e-01
3.268292844295501709e-01
3.585366010665893555e-01
3.512195050716400146e-01
3.658536374568939209e-01
3.634146451950073242e-01
4.048780500888824463e-01
3.658536672592163086e-01
3.829268217086791992e-01
3.560975790023803711e-01
3.926829099655151367e-01
3.731707334518432617e-01
3.560975790023803711e-01
3.951219320297241211e-01
3.853658437728881836e-01
4.073170423507690430e-01
4.146341681480407715e-01
4.121951162815093994e-01
3.951219320297241211e-01
4.073170721530914307e-01
4.024389982223510742e-01
4.219512343406677246e-01
4.048780798912048340e-01
4.268292784690856934e-01
4.073170423507690430e-01
4.048780500888824463e-01
4.317073225975036621e-01
4.243902564048767090e-01
4.365853369235992432e-01
4.292682707309722900e-01
4.439024329185485840e-01
4.000000059604644775e-01
4.341463446617126465e-01
4.487804770469665527e-01
4.341463446617126465e-01
4.585365951061248779e-01
4.463414251804351807e-01
4.585365653038024902e-01
4.707316756248474121e-01
4.707316756248474121e-01
4.463414549827575684e-01
4.756097197532653809e-01
4.390243887901306152e-01
4.439024329185485840e-01
4.536585211753845215e-01
4.292683005332946777e-01
4.609755873680114746e-01
4.585365951061248779e-01
4.682926535606384277e-01
4.658536612987518311e-01
4.804877638816833496e-01
4.707317352294921875e-01
4.780487418174743652e-01
4.926829636096954346e-01
5.268292427062988281e-01
4.853658676147460938e-01
4.634146094322204590e-01
4.707317352294921875e-01
4.902439117431640625e-01
4.658536612987518311e-01
4.585365653038024902e-01
4.853658676147460938e-01
4.902438521385192871e-01
4.829268455505371094e-01
4.951219260692596436e-01
4.902439415454864502e-01
4.975609779357910156e-01
5.048781037330627441e-01
4.804878234863281250e-01
4.536584913730621338e-01
5.024390220642089844e-01
5.024390220642089844e-01
4.902439117431640625e-01
5.000000000000000000e-01
4.975610077381134033e-01
4.804878234863281250e-01
4.926829338073730469e-01
4.902439117431640625e-01
4.902439117431640625e-01
5.048780441284179688e-01
5.073170065879821777e-01
4.804877936840057373e-01
4.829268455505371094e-01
4.975609779357910156e-01
5.024390220642089844e-01
5.097560882568359375e-01
5.097560286521911621e-01
5.073170661926269531e-01
5.073170661926269531e-01
4.878048300743103027e-01
5.170731544494628906e-01
5.024390220642089844e-01
4.878048300743103027e-01
5.195121765136718750e-01
5.268292427062988281e-01
4.999999701976776123e-01
5.170731544494628906e-01
5.000000000000000000e-01
5.219511985778808594e-01
4.975609481334686279e-01
5.195121765136718750e-01
5.219511985778808594e-01
5.048779845237731934e-01
5.024390220642089844e-01
5.073170661926269531e-01
5.170731544494628906e-01
4.975610077381134033e-01
5.292682647705078125e-01
5.024390220642089844e-01
5.365853309631347656e-01
5.268292427062988281e-01
5.121951103210449219e-01
5.073170661926269531e-01
5.365853309631347656e-01
5.170731544494628906e-01
5.097561478614807129e-01
4.926829338073730469e-01
5.341463088989257812e-01
5.048780441284179688e-01
5.121951103210449219e-01
5.097560882568359375e-01
5.365853905677795410e-01
5.121950507164001465e-01
5.341463088989257812e-01
5.219511985778808594e-01
5.390244126319885254e-01
5.219511985778808594e-01
5.341463088989257812e-01
5.097560882568359375e-01
