1.219512149691581726e-02
9.756097570061683655e-03
1.707316935062408447e-02
1.463414542376995087e-02
1.707317121326923370e-02
2.439024299383163452e-02
1.707316935062408447e-02
1.707316935062408447e-02
2.682926878333091736e-02
1.707316935062408447e-02
1.951219514012336731e-02
1.951219514012336731e-02
1.463414542376995087e-02
1.951219514012336731e-02
1.463414542376995087e-02
1.951219514012336731e-02
2.682926878333091736e-02
1.707316935062408447e-02
1.951219514012336731e-02
2.926829084753990173e-02
1.707316935062408447e-02
2.195121720433235168e-02
3.170731663703918457e-02
2.682926692068576813e-02
1.951219514012336731e-02
1.707317121326923370e-02
9.756097570061683655e-03
1.707316935062408447e-02
1.951219514012336731e-02
2.195121906697750092e-02
2.439024299383163452e-02
2.439024485647678375e-02
2.439024113118648529e-02
9.756097570061683655e-03
2.195121720433235168e-02
2.439024299383163452e-02
1.463414542376995087e-02
2.195121906697750092e-02
2.195121906697750092e-02
1.707317121326923370e-02
3.170732036232948303e-02
1.951219327747821808e-02
1.463414542376995087e-02
1.951219514012336731e-02
2.439024299383163452e-02
2.439024299383163452e-02
2.195121720433235168e-02
1.219512149691581726e-02
2.682926692068576813e-02
2.195121720433235168e-02
2.195122092962265015e-02
2.682926878333091736e-02
2.439024299383163452e-02
2.195121906697750092e-02
1.951219514012336731e-02
3.414634242653846741e-02
2.439024299383163452e-02
1.951219514012336731e-02
3.170731663703918457e-02
2.926829271018505096e-02
1.951219514012336731e-02
2.195121906697750092e-02
2.682926878333091736e-02
1.951219514012336731e-02
1.951219327747821808e-02
1.219512149691581726e-02
1.707316935062408447e-02
2.682926692068576813e-02
2.682926505804061890e-02
3.170731663703918457e-02
3.170731663703918457e-02
2.682926878333091736e-02
3.414634242653846741e-02
2.439024299383163452e-02
3.414633870124816895e-02
4.634146392345428467e-02
3.902439028024673462e-02
2.926828898489475250e-02
4.146341234445571899e-02
2.926829084753990173e-02
4.146341234445571899e-02
3.170731663703918457e-02
4.390244185924530029e-02
3.902439028024673462e-02
3.414634242653846741e-02
4.634146019816398621e-02
4.146341234445571899e-02
3.658536449074745178e-02
5.121951177716255188e-02
6.829267740249633789e-02
6.829268485307693481e-02
5.853658542037010193e-02
5.853658542037010193e-02
7.317073643207550049e-02
7.317073643207550049e-02
9.024390578269958496e-02
7.560975849628448486e-02
7.317072898149490356e-02
9.756097942590713501e-02
1.073170751333236694e-01
1.048780456185340881e-01
1.121951267123222351e-01
1.268292665481567383e-01
1.390243768692016602e-01
1.414634138345718384e-01
1.756097525358200073e-01
1.487804800271987915e-01
1.634146422147750854e-01
1.780487895011901855e-01
1.780487895011901855e-01
2.048780322074890137e-01
1.878048777580261230e-01
2.243902385234832764e-01
2.268292605876922607e-01
2.512195110321044922e-01
2.536585330963134766e-01
2.536585330963134766e-01
2.658536434173583984e-01
2.658536732196807861e-01
2.560975551605224609e-01
2.658536732196807861e-01
2.853658199310302734e-01
2.926829159259796143e-01
2.731707394123077393e-01
2.853658497333526611e-01
3.048780560493469238e-01
3.219512104988098145e-01
3.341463506221771240e-01
3.195121884346008301e-01
3.219512104988098145e-01
3.317073285579681396e-01
2.951219379901885986e-01
3.219512104988098145e-01
3.317072987556457520e-01
3.512195348739624023e-01
3.414633870124816895e-01
3.682926893234252930e-01
3.658536672592163086e-01
3.439024388790130615e-01
3.585366010665893555e-01
3.731707334518432617e-01
3.829268217086791992e-01
3.999999761581420898e-01
4.195121824741363525e-01
4.000000059604644775e-01
3.634146451950073242e-01
3.902439177036285400e-01
3.951219320297241211e-01
4.048780500888824463e-01
4.048780500888824463e-01
3.902439177036285400e-01
3.975609838962554932e-01
4.073170721530914307e-01
4.048780500888824463e-01
4.390243589878082275e-01
4.219512045383453369e-01
4.146341383457183838e-01
4.292682707309722900e-01
4.268292486667633057e-01
4.195122122764587402e-01
4.121951162815093994e-01
4.341463446617126465e-01
4.170731604099273682e-01
4.195121824741363525e-01
4.341463148593902588e-01
4.341463446617126465e-01
4.195121824741363525e-01
4.414633810520172119e-01
4.317072927951812744e-01
4.463414847850799561e-01
4.365853667259216309e-01
4.414633810520172119e-01
4.365853667259216309e-01
4.292682707309722900e-01
4.292683005332946777e-01
4.756097495555877686e-01
4.365853667259216309e-01
4.658536612987518311e-01
4.439024031162261963e-01
4.414634108543395996e-01
4.585365951061248779e-01
4.317073225975036621e-01
4.463414251804351807e-01
4.536585211753845215e-01
4.560975730419158936e-01
4.634146392345428467e-01
4.414634108543395996e-01
4.414633810520172119e-01
4.463414251804351807e-01
4.658536314964294434e-01
4.560975432395935059e-01
4.731706976890563965e-01
4.707317054271697998e-01
4.780487716197967529e-01
4.853658676147460938e-01
4.682926535606384277e-01
4.902438819408416748e-01
4.682926535606384277e-01
4.804877936840057373e-01
4.609756171703338623e-01
