3.574041604995727539e+00
6.689799547195434570e+00
1.003117537498474121e+01
1.310686302185058594e+01
1.616795110702514648e+01
1.943777585029602051e+01
2.262604331970214844e+01
2.577479600906372070e+01
2.876992559432983398e+01
3.209080028533935547e+01
3.514697289466857910e+01
3.813511109352111816e+01
4.145050001144409180e+01
4.483248138427734375e+01
4.780961751937866211e+01
5.096136951446533203e+01
5.403387641906738281e+01
5.719765877723693848e+01
6.028137278556823730e+01
6.371531486511230469e+01
6.712066674232482910e+01
7.012134075164794922e+01
7.326912069320678711e+01
7.533120179176330566e+01
7.704342246055603027e+01
7.866057777404785156e+01
8.034627318382263184e+01
8.196970367431640625e+01
8.367994117736816406e+01
8.534889292716979980e+01
8.702551555633544922e+01
8.867489457130432129e+01
9.030505323410034180e+01
9.194722056388854980e+01
9.357314348220825195e+01
9.520222306251525879e+01
9.686841058731079102e+01
9.846814489364624023e+01
1.001063098907470703e+02
1.017541043758392334e+02
1.034613182544708252e+02
1.051448502540588379e+02
1.067707309722900391e+02
1.083728697299957275e+02
1.100300483703613281e+02
1.116733365058898926e+02
1.132834815979003906e+02
1.148785521984100342e+02
1.166157863140106201e+02
1.182489478588104248e+02
1.198991212844848633e+02
1.215753130912780762e+02
1.232267379760742188e+02
1.248711605072021484e+02
1.265183315277099609e+02
1.281765103340148926e+02
1.298385837078094482e+02
1.315267844200134277e+02
1.331829614639282227e+02
1.348765153884887695e+02
1.365507051944732666e+02
1.381841137409210205e+02
1.398249475955963135e+02
1.414565091133117676e+02
1.430626368522644043e+02
1.447251667976379395e+02
1.463427395820617676e+02
1.480248756408691406e+02
1.496770503520965576e+02
1.513260726928710938e+02
1.530102701187133789e+02
1.547408611774444580e+02
1.563760242462158203e+02
1.580071835517883301e+02
1.596571085453033447e+02
1.612261893749237061e+02
1.628489184379577637e+02
1.644550604820251465e+02
1.660546383857727051e+02
1.676938042640686035e+02
1.694078769683837891e+02
1.710850553512573242e+02
1.726947679519653320e+02
1.742838981151580811e+02
1.759248559474945068e+02
1.775610191822052002e+02
1.791672241687774658e+02
1.808065247535705566e+02
1.824175798892974854e+02
1.840997769832611084e+02
1.856989002227783203e+02
1.873190643787384033e+02
1.889802343845367432e+02
1.906248733997344971e+02
1.922500288486480713e+02
1.938959088325500488e+02
1.955250544548034668e+02
1.971612324714660645e+02
1.987603547573089600e+02
2.003835089206695557e+02
2.020175952911376953e+02
2.036600177288055420e+02
2.052709636688232422e+02
2.070352182388305664e+02
2.086353559494018555e+02
2.102925338745117188e+02
2.119558765888214111e+02
2.136210474967956543e+02
2.152792108058929443e+02
2.169764175415039062e+02
2.187726948261260986e+02
2.204596910476684570e+02
2.221632378101348877e+02
2.237923960685729980e+02
2.253976535797119141e+02
2.270364744663238525e+02
2.286796309947967529e+02
2.303633143901824951e+02
2.320823628902435303e+02
2.337389285564422607e+02
2.353730900287628174e+02
2.370507514476776123e+02
2.386790013313293457e+02
2.403391828536987305e+02
2.419362454414367676e+02
2.436010439395904541e+02
2.452342052459716797e+02
2.468173305988311768e+02
2.484494910240173340e+02
2.501125006675720215e+02
2.518428003787994385e+02
2.534947638511657715e+02
2.551509416103363037e+02
2.567884407043457031e+02
2.583909764289855957e+02
2.600579955577850342e+02
2.616881279945373535e+02
2.633349087238311768e+02
2.650965361595153809e+02
2.667411651611328125e+02
2.683630867004394531e+02
2.700970447063446045e+02
2.719414768218994141e+02
2.736507048606872559e+02
2.752707448005676270e+02
2.768853669166564941e+02
2.785180325508117676e+02
2.801796228885650635e+02
2.817997758388519287e+02
2.834069178104400635e+02
2.850255579948425293e+02
2.867296729087829590e+02
2.884050126075744629e+02
2.900792028903961182e+02
2.916901750564575195e+02
2.933550939559936523e+02
2.949832513332366943e+02
2.966742920875549316e+02
2.983034603595733643e+02
3.000193922519683838e+02
3.016404688358306885e+02
3.035710585117340088e+02
3.055069677829742432e+02
3.074809796810150146e+02
3.094543826580047607e+02
3.114572305679321289e+02
3.135290653705596924e+02
3.155059878826141357e+02
3.176735298633575439e+02
3.201813659667968750e+02
3.226614506244659424e+02
3.252112970352172852e+02
3.277139983177185059e+02
3.302982585430145264e+02
3.328838238716125488e+02
3.353517491817474365e+02
3.380840666294097900e+02
3.405704371929168701e+02
3.431721329689025879e+02
3.457183992862701416e+02
3.481986312866210938e+02
3.507150802612304688e+02
3.531923935413360596e+02
3.557115569114685059e+02
3.582260253429412842e+02
3.607683367729187012e+02
3.633107762336730957e+02
3.659756712913513184e+02
3.684793326854705811e+02
3.709777903556823730e+02
3.735044410228729248e+02
3.759564087390899658e+02
3.784358308315277100e+02
3.809275660514831543e+02
3.834037201404571533e+02
3.858564405441284180e+02
3.883021693229675293e+02
3.908199596405029297e+02
3.930664458274841309e+02
3.954097645282745361e+02
