1.892612218856811523e+00
3.491229772567749023e+00
5.083361864089965820e+00
6.676582098007202148e+00
8.240437030792236328e+00
9.819558143615722656e+00
1.137744188308715820e+01
1.295256114006042480e+01
1.450613331794738770e+01
1.604996204376220703e+01
1.764911127090454102e+01
1.921783399581909180e+01
2.082196021080017090e+01
2.244201302528381348e+01
2.402361750602722168e+01
2.562745141983032227e+01
2.721175718307495117e+01
2.876931428909301758e+01
3.032064199447631836e+01
3.192877125740051270e+01
3.349389123916625977e+01
3.509703040122985840e+01
3.666014194488525391e+01
3.822100162506103516e+01
3.984946203231811523e+01
4.146160912513732910e+01
4.307376861572265625e+01
4.467110610008239746e+01
4.624922800064086914e+01
4.780767512321472168e+01
4.945384550094604492e+01
5.105033183097839355e+01
5.262174892425537109e+01
5.423019599914550781e+01
5.583136224746704102e+01
5.739253616333007812e+01
5.900203371047973633e+01
6.061743903160095215e+01
6.216252422332763672e+01
6.372837305068969727e+01
6.531319165229797363e+01
6.700722384452819824e+01
6.853130841255187988e+01
7.008297705650329590e+01
7.162381792068481445e+01
7.319994997978210449e+01
7.473658990859985352e+01
7.629862737655639648e+01
7.783171749114990234e+01
7.940084528923034668e+01
8.098897695541381836e+01
8.257595753669738770e+01
8.412721371650695801e+01
8.568838095664978027e+01
8.724547553062438965e+01
8.879419732093811035e+01
9.035638880729675293e+01
9.189448213577270508e+01
9.344258236885070801e+01
9.504070615768432617e+01
9.660983490943908691e+01
9.825198888778686523e+01
9.981323289871215820e+01
1.013423068523406982e+02
1.029274384975433350e+02
1.045257492065429688e+02
1.060547602176666260e+02
1.077990007400512695e+02
1.093478603363037109e+02
1.108995580673217773e+02
1.124597609043121338e+02
1.140504763126373291e+02
1.156215958595275879e+02
1.171990859508514404e+02
1.188411326408386230e+02
1.204169416427612305e+02
1.220311019420623779e+02
1.236342294216156006e+02
1.251953389644622803e+02
1.267617766857147217e+02
1.284022002220153809e+02
1.299208621978759766e+02
1.314989719390869141e+02
1.331503050327301025e+02
1.347428462505340576e+02
1.362809391021728516e+02
1.378535003662109375e+02
1.394083011150360107e+02
1.409998304843902588e+02
1.426640274524688721e+02
1.442221364974975586e+02
1.457666699886322021e+02
1.473708434104919434e+02
1.489239475727081299e+02
1.505491044521331787e+02
1.521194083690643311e+02
1.537150442600250244e+02
1.553431940078735352e+02
1.569853610992431641e+02
1.586346757411956787e+02
1.606240763664245605e+02
1.624089293479919434e+02
1.641920337677001953e+02
1.664907710552215576e+02
1.685421025753021240e+02
1.706626627445220947e+02
1.728397378921508789e+02
1.751034281253814697e+02
1.772919843196868896e+02
1.795125932693481445e+02
1.817757289409637451e+02
1.839883689880371094e+02
1.859187817573547363e+02
1.878215320110321045e+02
1.898525555133819580e+02
1.927117335796356201e+02
1.954066498279571533e+02
1.982732028961181641e+02
2.011782827377319336e+02
2.040458567142486572e+02
2.070579996109008789e+02
2.100861518383026123e+02
2.129381794929504395e+02
2.157076635360717773e+02
2.185601909160614014e+02
2.215589051246643066e+02
2.244599676132202148e+02
2.273820450305938721e+02
2.304497261047363281e+02
2.333053352832794189e+02
2.362469260692596436e+02
2.392775809764862061e+02
2.422288775444030762e+02
2.450649375915527344e+02
2.481961650848388672e+02
2.512318217754364014e+02
2.542179732322692871e+02
2.571770765781402588e+02
2.601727061271667480e+02
2.629957137107849121e+02
2.659658560752868652e+02
2.691241009235382080e+02
2.722423529624938965e+02
2.754111058712005615e+02
2.784647777080535889e+02
2.815249993801116943e+02
2.843980419635772705e+02
2.874211914539337158e+02
2.904528474807739258e+02
2.938002271652221680e+02
2.969284508228302002e+02
2.999305856227874756e+02
3.030022411346435547e+02
3.062305371761322021e+02
3.091881530284881592e+02
3.122693428993225098e+02
3.152749798297882080e+02
3.183607089519500732e+02
3.213454446792602539e+02
3.244617056846618652e+02
3.276149642467498779e+02
3.307722084522247314e+02
3.338994317054748535e+02
3.370731744766235352e+02
3.402384402751922607e+02
3.432626228332519531e+02
3.463303031921386719e+02
3.493324379920959473e+02
3.524066243171691895e+02
3.553877434730529785e+02
3.584234633445739746e+02
3.615076553821563721e+02
3.646308772563934326e+02
3.676185007095336914e+02
3.705625948905944824e+02
3.735652391910552979e+02
3.766389701366424561e+02
3.796456146240234375e+02
3.825937905311584473e+02
3.855839154720306396e+02
3.886325838565826416e+02
3.917262833118438721e+02
3.947719485759735107e+02
3.978581595420837402e+02
4.010209081172943115e+02
4.040771088600158691e+02
4.071537966728210449e+02
4.107358429431915283e+02
4.138560805320739746e+02
4.169742963314056396e+02
4.198903913497924805e+02
4.229270510673522949e+02
4.259832229614257812e+02
4.289012982845306396e+02
4.319084362983703613e+02
4.351382324695587158e+02
4.381693885326385498e+02
4.412786157131195068e+02
4.443813338279724121e+02
4.475230922698974609e+02
