3.077191114425659180e+00
5.868171930313110352e+00
8.693181037902832031e+00
1.137008357048034668e+01
1.410702991485595703e+01
1.701409649848937988e+01
1.973002839088439941e+01
2.244095921516418457e+01
2.521592783927917480e+01
2.792185235023498535e+01
3.065779709815979004e+01
3.343877458572387695e+01
3.620574235916137695e+01
3.896270227432250977e+01
4.171065735816955566e+01
4.450464248657226562e+01
4.723858642578125000e+01
5.001656174659729004e+01
5.278553104400634766e+01
5.555850195884704590e+01
5.829945421218872070e+01
6.104540324211120605e+01
6.377634477615356445e+01
6.649928092956542969e+01
6.940834975242614746e+01
7.213328695297241211e+01
7.486122608184814453e+01
7.778130269050598145e+01
8.044019365310668945e+01
8.296398711204528809e+01
8.561086940765380859e+01
8.815467834472656250e+01
9.075352644920349121e+01
9.331334710121154785e+01
9.587516808509826660e+01
9.847201633453369141e+01
1.010388393402099609e+02
1.035936567783355713e+02
1.061294586658477783e+02
1.086652624607086182e+02
1.112521018981933594e+02
1.139520213603973389e+02
1.165178451538085938e+02
1.190306308269500732e+02
1.215494227409362793e+02
1.240982351303100586e+02
1.266500494480133057e+02
1.292328853607177734e+02
1.317746953964233398e+02
1.343725397586822510e+02
1.368773219585418701e+02
1.393620874881744385e+02
1.418498568534851074e+02
1.444016709327697754e+02
1.469454791545867920e+02
1.494622693061828613e+02
1.519980716705322266e+02
1.545729031562805176e+02
1.571607418060302734e+02
1.597465806007385254e+02
1.622943923473358154e+02
1.648812313079833984e+02
1.674140322208404541e+02
1.699328236579895020e+02
1.724496133327484131e+02
1.749724066257476807e+02
1.775212190151214600e+02
1.800320036411285400e+02
1.825978283882141113e+02
1.851166193485260010e+02
1.876103928089141846e+02
1.902943010330200195e+02
1.928220980167388916e+02
1.953118679523468018e+02
1.978756909370422363e+02
2.005636026859283447e+02
2.030733864307403564e+02
2.056292037963867188e+02
2.081279802322387695e+02
2.106978075504302979e+02
2.132246046066284180e+02
2.157734172344207764e+02
2.183362386226654053e+02
2.208980607986450195e+02
2.234518761634826660e+02
2.260557286739349365e+02
2.285575058460235596e+02
2.311423439979553223e+02
2.337592046260833740e+02
2.363320338726043701e+02
2.388918542861938477e+02
2.414226534366607666e+02
2.439044182300567627e+02
2.464362187385559082e+02
2.490250587463378906e+02
2.515438492298126221e+02
2.541597104072570801e+02
2.566474785804748535e+02
2.591872839927673340e+02
2.617250897884368896e+02
2.645110695362091064e+02
2.670238606929779053e+02
2.696387212276458740e+02
2.722135488986968994e+02
2.747363405227661133e+02
2.772511277198791504e+02
2.798139498233795166e+02
2.823897809982299805e+02
2.849465990066528320e+02
2.875154259204864502e+02
2.901072683334350586e+02
2.926490764617919922e+02
2.951788754463195801e+02
2.977807254791259766e+02
3.003385429382324219e+02
3.028863549232482910e+02
3.055402426719665527e+02
3.081370882987976074e+02
3.106808984279632568e+02
3.132146992683410645e+02
3.157615096569061279e+02
3.183673624992370605e+02
3.209511990547180176e+02
3.234459726810455322e+02
3.260057930946350098e+02
3.285405948162078857e+02
3.311264336109161377e+02
3.337422931194305420e+02
3.363081181049346924e+02
3.389229776859283447e+02
3.414847991466522217e+02
3.440216023921966553e+02
3.466594779491424561e+02
3.492333083152770996e+02
3.518021349906921387e+02
3.543359365463256836e+02
3.568417172431945801e+02
3.593805224895477295e+02
3.619653606414794922e+02
3.645542011260986328e+02
3.672150928974151611e+02
3.697999312877655029e+02
3.723447403907775879e+02
3.748795452117919922e+02
3.774743871688842773e+02
3.799741649627685547e+02
3.827991738319396973e+02
3.854770772457122803e+02
3.880959396362304688e+02
3.906137297153472900e+02
3.932285888195037842e+02
3.957673943042755127e+02
3.983212113380432129e+02
4.009150540828704834e+02
4.034698743820190430e+02
4.060817275047302246e+02
4.085765016078948975e+02
4.112504029273986816e+02
4.138892800807952881e+02
4.164661111831665039e+02
4.190029153823852539e+02
4.216227777004241943e+02
4.242936782836914062e+02
4.269205453395843506e+02
4.294653544425964355e+02
4.320151672363281250e+02
4.345549724102020264e+02
4.371167936325073242e+02
4.397536690235137939e+02
4.419822533130645752e+02
4.442708802223205566e+02
4.464974632263183594e+02
4.487410585880279541e+02
4.509946610927581787e+02
4.532292504310607910e+02
4.554248123168945312e+02
4.576854188442230225e+02
4.599009938240051270e+02
4.621355819702148438e+02
4.643231377601623535e+02
4.665587272644042969e+02
4.691295554637908936e+02
4.713751676082611084e+02
4.735256810188293457e+02
4.759293904304504395e+02
4.781459658145904541e+02
4.804446010589599609e+02
4.825941283702850342e+02
4.848217272758483887e+02
4.870923271179199219e+02
4.894059722423553467e+02
4.916195456981658936e+02
4.938621401786804199e+02
4.962838630676269531e+02
4.984774222373962402e+02
5.006889951229095459e+02
5.029055702686309814e+02
5.051731824874877930e+02
5.073717458248138428e+02
5.096263489723205566e+02
