3.170773506164550781e+00
5.812652587890625000e+00
8.424508333206176758e+00
1.108174705505371094e+01
1.390560984611511230e+01
1.648765897750854492e+01
1.916845440864562988e+01
2.205614185333251953e+01
2.506425929069519043e+01
2.802086162567138672e+01
3.067136502265930176e+01
3.343798470497131348e+01
3.616367220878601074e+01
3.877350330352783203e+01
4.148054695129394531e+01
4.431304574012756348e+01
4.714491844177246094e+01
4.976257228851318359e+01
5.236291360855102539e+01
5.519247031211853027e+01
5.791240477561950684e+01
6.060692381858825684e+01
6.326326727867126465e+01
6.597325539588928223e+01
6.877961373329162598e+01
7.150894618034362793e+01
7.413985157012939453e+01
7.683390450477600098e+01
7.947987484931945801e+01
8.214425945281982422e+01
8.473310017585754395e+01
8.739604067802429199e+01
9.032830142974853516e+01
9.297742581367492676e+01
9.559439468383789062e+01
9.829175710678100586e+01
1.009884769916534424e+02
1.037249169349670410e+02
1.064578602313995361e+02
1.091583564281463623e+02
1.118450884819030762e+02
1.144890005588531494e+02
1.171149144172668457e+02
1.196879200935363770e+02
1.224129056930541992e+02
1.250968141555786133e+02
1.276859059333801270e+02
1.303596577644348145e+02
1.330940594673156738e+02
1.357650153636932373e+02
1.385355873107910156e+02
1.412345056533813477e+02
1.443280420303344727e+02
1.471345362663269043e+02
1.498086800575256348e+02
1.524425394535064697e+02
1.551512701511383057e+02
1.580370228290557861e+02
1.613857915401458740e+02
1.641380999088287354e+02
1.667673759460449219e+02
1.694362692832946777e+02
1.720668461322784424e+02
1.749287235736846924e+02
1.776153883934020996e+02
1.802709043025970459e+02
1.828803467750549316e+02
1.856699566841125488e+02
1.883436603546142578e+02
1.909750354290008545e+02
1.935853838920593262e+02
1.962727942466735840e+02
1.989032976627349854e+02
2.016434395313262939e+02
2.042867426872253418e+02
2.070464460849761963e+02
2.097943992614746094e+02
2.124894647598266602e+02
2.151516535282135010e+02
2.177578384876251221e+02
2.203989250659942627e+02
2.230044472217559814e+02
2.256959416866302490e+02
2.283849651813507080e+02
2.310163767337799072e+02
2.336950318813323975e+02
2.363373506069183350e+02
2.390254118442535400e+02
2.417268695831298828e+02
2.446101374626159668e+02
2.472266433238983154e+02
2.498236153125762939e+02
2.525226137638092041e+02
2.552376575469970703e+02
2.578799924850463867e+02
2.606785719394683838e+02
2.632926487922668457e+02
2.658841953277587891e+02
2.685905952453613281e+02
2.712589943408966064e+02
2.738575091361999512e+02
2.765147659778594971e+02
2.791844034194946289e+02
2.818536937236785889e+02
2.845586674213409424e+02
2.872485008239746094e+02
2.898872971534729004e+02
2.925499074459075928e+02
2.952001287937164307e+02
2.978203673362731934e+02
3.005041990280151367e+02
3.031848170757293701e+02
3.058076822757720947e+02
3.084445366859436035e+02
3.111044714450836182e+02
3.138376719951629639e+02
3.165728697776794434e+02
3.192058596611022949e+02
3.219636709690093994e+02
3.245948140621185303e+02
3.273197174072265625e+02
3.299820954799652100e+02
3.327058773040771484e+02
3.354040462970733643e+02
3.380161645412445068e+02
3.407145950794219971e+02
3.434195950031280518e+02
3.462246441841125488e+02
3.488758759498596191e+02
3.515207564830780029e+02
3.541850581169128418e+02
3.569380147457122803e+02
3.595823688507080078e+02
3.622753906250000000e+02
3.650271792411804199e+02
3.677021765708923340e+02
3.704031705856323242e+02
3.730636258125305176e+02
3.757748904228210449e+02
3.785509934425354004e+02
3.813560912609100342e+02
3.840209407806396484e+02
3.867008471488952637e+02
3.897652177810668945e+02
3.925096194744110107e+02
3.953016037940979004e+02
3.981126029491424561e+02
4.010290386676788330e+02
4.038106653690338135e+02
4.065934033393859863e+02
4.093860952854156494e+02
4.122252037525177002e+02
4.148840942382812500e+02
4.174976921081542969e+02
4.201293396949768066e+02
4.227388603687286377e+02
4.254214985370635986e+02
4.281403658390045166e+02
4.308023540973663330e+02
4.334536123275756836e+02
4.366045849323272705e+02
4.394099121093750000e+02
4.421137194633483887e+02
4.448512482643127441e+02
4.477699854373931885e+02
4.505115842819213867e+02
4.531813375949859619e+02
4.558821816444396973e+02
4.585436866283416748e+02
4.613303620815277100e+02
4.640003170967102051e+02
4.668986153602600098e+02
4.695627789497375488e+02
4.723795824050903320e+02
4.751636452674865723e+02
4.777607684135437012e+02
4.804650764465332031e+02
4.831970193386077881e+02
4.859812450408935547e+02
4.886482195854187012e+02
4.913578360080718994e+02
4.940588738918304443e+02
4.967423343658447266e+02
4.994579391479492188e+02
5.022000684738159180e+02
5.048861434459686279e+02
5.075950689315795898e+02
5.104121513366699219e+02
5.130887365341186523e+02
5.157570190429687500e+02
5.184123482704162598e+02
5.211124651432037354e+02
5.238081049919128418e+02
5.264580390453338623e+02
5.291843049526214600e+02
5.318646609783172607e+02
5.347822670936584473e+02
5.374753389358520508e+02
5.401879825592041016e+02
5.428602726459503174e+02
