1.313628815114498138e-02
1.280788239091634750e-02
1.773398928344249725e-02
1.444991771131753922e-02
1.215106621384620667e-02
1.444991864264011383e-02
1.740558445453643799e-02
2.036124654114246368e-02
1.904761977493762970e-02
1.609195396304130554e-02
1.970443502068519592e-02
1.280788145959377289e-02
1.280788145959377289e-02
1.674876734614372253e-02
1.609195396304130554e-02
1.215106714516878128e-02
1.839080452919006348e-02
1.707717590034008026e-02
1.970443315804004669e-02
1.707717403769493103e-02
1.543513871729373932e-02
1.904761791229248047e-02
1.839080639183521271e-02
1.215106807649135590e-02
1.247947476804256439e-02
1.740558259189128876e-02
1.510673295706510544e-02
1.346469670534133911e-02
1.379310246556997299e-02
1.806239783763885498e-02
1.806239783763885498e-02
1.510673202574253082e-02
1.773399114608764648e-02
1.543513964861631393e-02
1.707717590034008026e-02
1.707717590034008026e-02
1.937602646648883820e-02
1.543513871729373932e-02
1.609195396304130554e-02
1.806239597499370575e-02
1.477832533419132233e-02
1.740558259189128876e-02
1.642036065459251404e-02
1.576354727149009705e-02
1.379310339689254761e-02
1.609195396304130554e-02
1.970443315804004669e-02
1.904761977493762970e-02
1.576354727149009705e-02
1.674876920878887177e-02
1.740558259189128876e-02
1.412151008844375610e-02
1.444991677999496460e-02
2.036124840378761292e-02
1.970443315804004669e-02
1.970443129539489746e-02
1.806239597499370575e-02
1.707717590034008026e-02
1.806239783763885498e-02
1.839080266654491425e-02
1.412151008844375610e-02
1.379310339689254761e-02
1.444991771131753922e-02
1.444991771131753922e-02
1.379310246556997299e-02
1.707717403769493103e-02
1.280788052827119827e-02
1.543513964861631393e-02
1.609195396304130554e-02
1.576354727149009705e-02
1.642036251723766327e-02
1.970443315804004669e-02
1.740558445453643799e-02
1.707717403769493103e-02
1.904761791229248047e-02
1.839080452919006348e-02
1.937602460384368896e-02
1.871921308338642120e-02
2.627257630228996277e-02
3.678161278367042542e-02
4.400656744837760925e-02
5.615763366222381592e-02
7.027914375066757202e-02
8.538587391376495361e-02
9.786534309387207031e-02
9.983579069375991821e-02
1.008210182189941406e-01
1.133004948496818542e-01
1.244663372635841370e-01
1.264367848634719849e-01
1.359605938196182251e-01
1.425287127494812012e-01
1.546798050403594971e-01
1.573070585727691650e-01
1.632183939218521118e-01
1.681444942951202393e-01
1.776682883501052856e-01
1.852216720581054688e-01
1.904761940240859985e-01
1.986863613128662109e-01
1.996715962886810303e-01
2.239737212657928467e-01
2.183908075094223022e-01
2.272577881813049316e-01
2.285714298486709595e-01
2.446633875370025635e-01
2.509030997753143311e-01
2.610837221145629883e-01
2.597701251506805420e-01
2.778325378894805908e-01
2.824302017688751221e-01
2.880131304264068604e-01
3.011494278907775879e-01
3.004926145076751709e-01
3.152709305286407471e-01
3.185549974441528320e-01
3.300492763519287109e-01
3.362889885902404785e-01
3.520525693893432617e-01
3.497536778450012207e-01
3.589491248130798340e-01
3.612479269504547119e-01
3.678160905838012695e-01
3.661740422248840332e-01
3.789819180965423584e-01
3.776682913303375244e-01
3.865352571010589600e-01
3.954022824764251709e-01
4.042692780494689941e-01
4.062396883964538574e-01
4.180623888969421387e-01
4.174055457115173340e-01
4.157635271549224854e-01
4.213464558124542236e-01
4.256157279014587402e-01
4.426929056644439697e-01
4.495894610881805420e-01
4.374383985996246338e-01
4.499178528785705566e-01
4.555007815361022949e-01
4.558291733264923096e-01
4.502463042736053467e-01
4.607552886009216309e-01
4.646962285041809082e-01
4.742200076580047607e-01
4.679802656173706055e-01
4.660098552703857422e-01
4.850574433803558350e-01
4.719211459159851074e-01
4.916255474090576172e-01
4.857142567634582520e-01
5.133004188537597656e-01
5.014777779579162598e-01
5.054186582565307617e-01
5.073891282081604004e-01
5.172413587570190430e-01
5.188833475112915039e-01
5.165845155715942383e-01
5.218390822410583496e-01
5.096880197525024414e-01
5.139572620391845703e-01
5.316911935806274414e-01
5.280787944793701172e-01
5.297208428382873535e-01
5.412150621414184570e-01
5.320196747779846191e-01
5.303776264190673828e-01
5.540229082107543945e-01
5.402298569679260254e-01
5.474548339843750000e-01
5.533661246299743652e-01
5.540229678153991699e-01
5.533661246299743652e-01
5.366173982620239258e-01
5.559933781623840332e-01
5.550081729888916016e-01
5.628899931907653809e-01
5.711001157760620117e-01
5.586206316947937012e-01
5.671591758728027344e-01
5.694580674171447754e-01
5.602626800537109375e-01
5.684728026390075684e-01
5.747126340866088867e-01
5.763546228408813477e-01
5.825943946838378906e-01
5.793102979660034180e-01
5.809522867202758789e-01
5.825943946838378906e-01
5.809523463249206543e-01
5.704432725906372070e-01
5.921182036399841309e-01
5.858783721923828125e-01
5.917897820472717285e-01
5.793103575706481934e-01
5.983578562736511230e-01
5.927749872207641602e-01
5.888340473175048828e-01
5.950738191604614258e-01
6.029555797576904297e-01
