1.280788239091634750e-02
1.674876920878887177e-02
1.576354727149009705e-02
1.806239597499370575e-02
1.642036065459251404e-02
1.477832533419132233e-02
1.444991677999496460e-02
1.642036065459251404e-02
1.970443315804004669e-02
1.642036065459251404e-02
1.937602832913398743e-02
1.543513871729373932e-02
1.871921308338642120e-02
1.806239597499370575e-02
1.740558259189128876e-02
1.642036065459251404e-02
2.068965323269367218e-02
2.167487703263759613e-02
2.725780010223388672e-02
1.839080452919006348e-02
2.430213429033756256e-02
3.251231461763381958e-02
3.875205293297767639e-02
4.958948865532875061e-02
5.451560020446777344e-02
6.600984930992126465e-02
6.798028945922851562e-02
7.487684488296508789e-02
8.965516835451126099e-02
1.011494323611259460e-01
1.083743795752525330e-01
1.195402294397354126e-01
1.274220049381256104e-01
1.500820964574813843e-01
1.691297292709350586e-01
1.963875293731689453e-01
2.167487740516662598e-01
2.302134484052658081e-01
2.466338276863098145e-01
2.610837817192077637e-01
2.784893214702606201e-01
2.880131006240844727e-01
3.067323565483093262e-01
3.320196866989135742e-01
3.599343299865722656e-01
3.441707491874694824e-01
3.605911135673522949e-01
3.852216601371765137e-01
3.865352869033813477e-01
3.809523582458496094e-01
4.039408266544342041e-01
4.197044074535369873e-01
4.292281866073608398e-01
4.364531636238098145e-01
4.400656819343566895e-01
4.489326477050781250e-01
4.617405235767364502e-01
4.505746662616729736e-01
4.643678069114685059e-01
4.837437868118286133e-01
4.729063510894775391e-01
4.801313579082489014e-01
4.949096441268920898e-01
5.050902962684631348e-01
5.067323446273803711e-01
4.962233304977416992e-01
5.152708888053894043e-01
5.106732249259948730e-01
5.244663357734680176e-01
5.343185663223266602e-01
5.313628315925598145e-01
5.346469283103942871e-01
5.349753499031066895e-01
5.523809194564819336e-01
5.481116175651550293e-01
5.533661842346191406e-01
5.474547743797302246e-01
5.586206316947937012e-01
5.573070049285888672e-01
5.553365945816040039e-01
5.691296458244323730e-01
5.756978392601013184e-01
5.740557909011840820e-01
5.760262012481689453e-01
5.789818763732910156e-01
5.786535143852233887e-01
5.760261416435241699e-01
5.822659134864807129e-01
5.770114660263061523e-01
5.950738191604614258e-01
6.091953516006469727e-01
6.016419529914855957e-01
5.999999642372131348e-01
6.032840609550476074e-01
6.137930154800415039e-01
6.022987961769104004e-01
6.085385084152221680e-01
6.101805567741394043e-01
6.170771121978759766e-01
6.193759441375732422e-01
6.121510267257690430e-01
6.134645938873291016e-01
6.180623173713684082e-01
6.243019700050354004e-01
6.239736080169677734e-01
6.302133798599243164e-01
6.308701634407043457e-01
6.272577643394470215e-01
6.302133798599243164e-01
6.440064907073974609e-01
6.331690549850463867e-01
6.298849582672119141e-01
6.463053226470947266e-01
6.456485390663146973e-01
6.472905874252319336e-01
6.499177813529968262e-01
6.594416499137878418e-01
6.433497071266174316e-01
6.423644423484802246e-01
6.538587212562561035e-01
6.420360803604125977e-01
6.535302996635437012e-01
6.456485390663146973e-01
6.548439860343933105e-01
6.676517724990844727e-01
6.584564447402954102e-01
6.509030461311340332e-01
6.604268550872802734e-01
6.676517724990844727e-01
6.623973250389099121e-01
6.653529405593872070e-01
6.584564447402954102e-01
6.617404222488403320e-01
6.656814217567443848e-01
6.686370372772216797e-01
6.686370968818664551e-01
6.709358692169189453e-01
6.637109518051147461e-01
6.788176298141479492e-01
6.669950485229492188e-01
6.738915443420410156e-01
6.791460514068603516e-01
6.765187978744506836e-01
6.761903762817382812e-01
6.827585697174072266e-01
6.715926527976989746e-01
6.827585697174072266e-01
6.834154129028320312e-01
6.811165213584899902e-01
6.857142448425292969e-01
6.929391622543334961e-01
6.903119683265686035e-01
6.870278716087341309e-01
6.847289800643920898e-01
6.765188574790954590e-01
6.837438344955444336e-01
6.817732453346252441e-01
6.824301481246948242e-01
6.880130767822265625e-01
6.886698603630065918e-01
6.968799829483032227e-01
6.929391622543334961e-01
6.926107406616210938e-01
6.958948373794555664e-01
7.047617435455322266e-01
6.899834871292114258e-01
6.916255354881286621e-01
6.972085237503051758e-01
6.899834871292114258e-01
7.044333815574645996e-01
6.972085237503051758e-01
6.916254758834838867e-01
6.912971735000610352e-01
6.965516805648803711e-01
7.018061280250549316e-01
7.067322134971618652e-01
6.926107406616210938e-01
7.064039111137390137e-01
6.952380537986755371e-01
7.067322731018066406e-01
6.958948373794555664e-01
7.047618627548217773e-01
7.050902247428894043e-01
7.018061280250549316e-01
7.064038515090942383e-01
6.995072364807128906e-01
7.037765383720397949e-01
7.070606946945190430e-01
7.001641392707824707e-01
7.073891162872314453e-01
7.018061280250549316e-01
7.090311050415039062e-01
7.027914524078369141e-01
7.119867801666259766e-01
7.208537459373474121e-01
7.155992984771728516e-01
7.178981304168701172e-01
7.169128656387329102e-01
7.182265520095825195e-01
7.146140336990356445e-01
