4.576251268386840820e+00
8.453521728515625000e+00
1.231626605987548828e+01
1.624659347534179688e+01
2.011298871040344238e+01
2.403427505493164062e+01
2.792453813552856445e+01
3.181129908561706543e+01
3.570956921577453613e+01
3.964136219024658203e+01
4.370224666595458984e+01
4.774261713027954102e+01
5.181751680374145508e+01
5.580286908149719238e+01
5.978519845008850098e+01
6.365246438980102539e+01
6.755923867225646973e+01
7.148202562332153320e+01
7.545384716987609863e+01
7.942666912078857422e+01
8.339849090576171875e+01
8.738532304763793945e+01
9.129159879684448242e+01
9.521088290214538574e+01
9.918270397186279297e+01
1.033846895694732666e+02
1.079299182891845703e+02
1.128589198589324951e+02
1.174506819248199463e+02
1.215816168785095215e+02
1.255889647006988525e+02
1.296208338737487793e+02
1.337232484817504883e+02
1.377681214809417725e+02
1.417639608383178711e+02
1.458238441944122314e+02
1.498697190284729004e+02
1.538500466346740723e+02
1.578498878479003906e+02
1.618437259197235107e+02
1.658175482749938965e+02
1.698949513435363770e+02
1.738657712936401367e+02
1.778666143417358398e+02
1.818314571380615234e+02
1.858317985534667969e+02
1.897961146831512451e+02
1.938334829807281494e+02
1.978608446121215820e+02
2.018441765308380127e+02
2.058510203361511230e+02
2.098884115219116211e+02
2.138111984729766846e+02
2.177495038509368896e+02
2.216933052539825439e+02
2.257957203388214111e+02
2.297295150756835938e+02
2.337468755245208740e+02
2.377577247619628906e+02
2.418756506443023682e+02
2.458749914169311523e+02
2.498538179397583008e+02
2.538876910209655762e+02
2.579240586757659912e+02
2.618868737220764160e+02
2.659778134822845459e+02
2.699471323490142822e+02
2.739274599552154541e+02
2.779608254432678223e+02
2.819181368350982666e+02
2.858429250717163086e+02
2.899258334636688232e+02
2.939361827373504639e+02
2.979312200546264648e+02
3.019285550117492676e+02
3.059439077377319336e+02
3.099602608680725098e+02
3.139876224994659424e+02
3.185578761100769043e+02
3.225422070026397705e+02
3.265745773315429688e+02
3.305649120807647705e+02
3.345942742824554443e+02
3.385781047344207764e+02
3.425859513282775879e+02
3.465817902088165283e+02
3.505506100654602051e+02
3.545869767665863037e+02
3.586123366355895996e+02
3.628663592338562012e+02
3.668837225437164307e+02
3.709180889129638672e+02
3.749219639301300049e+02
3.789343192577362061e+02
3.828696146011352539e+02
3.868489413261413574e+02
3.907782328128814697e+02
3.948336136341094971e+02
3.988139419555664062e+02
4.027727596759796143e+02
4.068476545810699463e+02
4.108224904537200928e+02
4.148168287277221680e+02
4.188652040958404541e+02
4.228185126781463623e+02
4.267673177719116211e+02
4.307281320095062256e+02
4.347519903182983398e+02
4.387213103771209717e+02
4.427706873416900635e+02
4.466914725303649902e+02
4.507418560981750488e+02
4.547982652187347412e+02
4.587595794200897217e+02
4.630861530303955078e+02
4.673341703414916992e+02
4.712750384807586670e+02
4.753179109096527100e+02
4.792582101821899414e+02
4.833526186943054199e+02
4.873694725036621094e+02
4.913793258666992188e+02
4.955993237495422363e+02
4.997347612380981445e+02
5.037576186656951904e+02
5.078510272502899170e+02
5.118448643684387207e+02
5.159037485122680664e+02
5.198510518074035645e+02
5.241841428279876709e+02
5.282050082683563232e+02
5.321618194580078125e+02
5.361511535644531250e+02
5.400904517173767090e+02
5.440537745952606201e+02
5.479480421543121338e+02
5.519488844871520996e+02
5.559257171154022217e+02
5.599510762691497803e+02
5.639058856964111328e+02
5.678797092437744141e+02
5.718490293025970459e+02
5.761135585308074951e+02
5.802785222530364990e+02
5.841842970848083496e+02
5.881296007633209229e+02
5.920503852367401123e+02
5.960477249622344971e+02
5.999910261631011963e+02
6.039583449363708496e+02
6.078624851703643799e+02
6.118107898235321045e+02
6.158161349296569824e+02
6.197954616546630859e+02
6.237773761749267578e+02
6.277406919002532959e+02
6.316864950656890869e+02
6.356097822189331055e+02
6.395731050968170166e+02
6.434658718109130859e+02
6.473771495819091797e+02
6.513314583301544189e+02
6.553127865791320801e+02
6.592425787448883057e+02
6.631704132556915283e+02
6.671247222423553467e+02
6.710515196323394775e+02
6.749547917842864990e+02
6.788780801296234131e+02
6.827698445320129395e+02
6.866866266727447510e+02
6.906059234142303467e+02
6.945527269840240479e+02
6.984600031375885010e+02
7.023867924213409424e+02
7.063781282901763916e+02
7.102403714656829834e+02
7.141871752738952637e+02
7.181835143566131592e+02
7.221623408794403076e+02
7.261096541881561279e+02
7.301270072460174561e+02
7.340988357067108154e+02
7.382808070182800293e+02
7.422171306610107422e+02
7.462074496746063232e+02
7.501942818164825439e+02
7.541515932083129883e+02
7.580583686828613281e+02
7.620301899909973145e+02
7.659764935970306396e+02
7.704691853523254395e+02
7.751810328960418701e+02
7.790793018341064453e+02
7.828384721279144287e+02
7.865194091796875000e+02
7.902205386161804199e+02
7.938946490287780762e+02
7.979300155639648438e+02
8.019118440151214600e+02
