1.587301678955554962e-02
2.319902367889881134e-02
2.197802253067493439e-02
1.221001334488391876e-02
1.221001241356134415e-02
8.547008968889713287e-03
1.953602023422718048e-02
9.768010117113590240e-03
2.197802253067493439e-02
1.343101449310779572e-02
1.465201564133167267e-02
1.831501908600330353e-02
2.319902367889881134e-02
1.709401793777942657e-02
2.197802253067493439e-02
1.587301678955554962e-02
1.343101449310779572e-02
1.465201564133167267e-02
1.587301678955554962e-02
2.197802253067493439e-02
3.052503243088722229e-02
2.564102597534656525e-02
2.319902367889881134e-02
2.075702138245105743e-02
2.319902367889881134e-02
2.564102783799171448e-02
4.151404276490211487e-02
4.273504391312599182e-02
3.296703472733497620e-02
3.052503243088722229e-02
3.785103932023048401e-02
3.540903702378273010e-02
3.296703472733497620e-02
3.663003817200660706e-02
3.540903702378273010e-02
3.174603357911109924e-02
4.639804735779762268e-02
4.517704620957374573e-02
5.250305682420730591e-02
6.105006486177444458e-02
5.616605654358863831e-02
5.860805884003639221e-02
5.616606026887893677e-02
6.471306830644607544e-02
7.936508208513259888e-02
6.593406945466995239e-02
8.180708438158035278e-02
8.180708438158035278e-02
9.401709586381912231e-02
9.401710331439971924e-02
1.037851125001907349e-01
8.791209757328033447e-02
1.001221016049385071e-01
1.172161251306533813e-01
1.233211308717727661e-01
1.196581274271011353e-01
1.330891400575637817e-01
1.416361480951309204e-01
1.221001297235488892e-01
1.379731446504592896e-01
1.501831561326980591e-01
1.452991515398025513e-01
1.684981733560562134e-01
1.636141687631607056e-01
1.440781503915786743e-01
2.063492238521575928e-01
1.904761940240859985e-01
2.014652043581008911e-01
1.904761940240859985e-01
1.868131905794143677e-01
2.124542295932769775e-01
2.124542146921157837e-01
2.307692468166351318e-01
2.368742525577545166e-01
2.661782801151275635e-01
2.515262663364410400e-01
2.393162548542022705e-01
2.686202824115753174e-01
2.735042870044708252e-01
3.015873134136199951e-01
2.942613065242767334e-01
2.796092927455902100e-01
2.857142984867095947e-01
3.223443329334259033e-01
3.040293157100677490e-01
3.101343214511871338e-01
3.333333432674407959e-01
3.308913409709930420e-01
3.284493386745452881e-01
3.211233317852020264e-01
3.479853570461273193e-01
3.321123421192169189e-01
3.626373708248138428e-01
3.907203972339630127e-01
3.638583719730377197e-01
3.675213754177093506e-01
3.858363926410675049e-01
3.943834006786346436e-01
3.833943903446197510e-01
4.126984179019927979e-01
4.236874282360076904e-01
3.809523880481719971e-01
3.931624293327331543e-01
4.175824224948883057e-01
3.980464041233062744e-01
3.846153914928436279e-01
4.346764385700225830e-01
4.102564156055450439e-01
4.395604431629180908e-01
4.249084591865539551e-01
4.261294305324554443e-01
4.444444775581359863e-01
4.273504614830017090e-01
4.432234466075897217e-01
4.468864798545837402e-01
4.542124569416046143e-01
4.468864798545837402e-01
4.615384936332702637e-01
4.786325097084045410e-01
4.407814443111419678e-01
4.615384638309478760e-01
4.786325097084045410e-01
4.676434993743896484e-01
4.932845234870910645e-01
4.578754901885986328e-01
4.896215200424194336e-01
4.969475269317626953e-01
5.054945349693298340e-01
4.749695062637329102e-01
5.006105303764343262e-01
5.018315315246582031e-01
5.323565602302551270e-01
5.091575384140014648e-01
5.018315315246582031e-01
4.871795177459716797e-01
5.079365372657775879e-01
5.018315315246582031e-01
4.945055246353149414e-01
5.103785395622253418e-01
5.115995407104492188e-01
5.311355590820312500e-01
5.360195636749267578e-01
5.018315315246582031e-01
5.140415430068969727e-01
5.250305533409118652e-01
5.225885510444641113e-01
5.286935567855834961e-01
5.347985625267028809e-01
5.238095521926879883e-01
5.335775613784790039e-01
5.360195636749267578e-01
5.494505763053894043e-01
5.250305533409118652e-01
5.665445923805236816e-01
5.409035682678222656e-01
5.323565602302551270e-01
5.592185854911804199e-01
5.824176073074340820e-01
5.286935567855834961e-01
5.470085740089416504e-01
5.445665717124938965e-01
5.274725556373596191e-01
5.579975843429565430e-01
5.421245694160461426e-01
5.555555820465087891e-01
5.665445923805236816e-01
5.738705992698669434e-01
5.628815889358520508e-01
5.360195636749267578e-01
5.396825671195983887e-01
5.689865946769714355e-01
5.775336027145385742e-01
5.763126015663146973e-01
5.579975843429565430e-01
5.531135797500610352e-01
5.811966061592102051e-01
5.799756050109863281e-01
5.763126015663146973e-01
5.579975843429565430e-01
5.824176073074340820e-01
5.677655935287475586e-01
5.787546038627624512e-01
5.665445923805236816e-01
5.604395866394042969e-01
5.799756050109863281e-01
5.689865946769714355e-01
5.811966061592102051e-01
5.934066176414489746e-01
5.775336027145385742e-01
5.799756050109863281e-01
5.897436141967773438e-01
5.567765831947326660e-01
5.824176073074340820e-01
5.824176073074340820e-01
5.775336027145385742e-01
5.750916004180908203e-01
6.043956279754638672e-01
6.019536256790161133e-01
5.946276187896728516e-01
5.946276187896728516e-01
