1.098901219666004181e-02
2.075702138245105743e-02
1.831501908600330353e-02
9.768010117113590240e-03
1.709401793777942657e-02
2.564102597534656525e-02
2.197802253067493439e-02
1.709401793777942657e-02
2.075702138245105743e-02
2.197802253067493439e-02
1.587301678955554962e-02
1.098901126533746719e-02
2.930402942001819611e-02
2.564102597534656525e-02
1.831501908600330353e-02
1.587301678955554962e-02
2.197802253067493439e-02
3.907204046845436096e-02
2.808302827179431915e-02
2.442002482712268829e-02
2.808302827179431915e-02
2.808303013443946838e-02
3.663003817200660706e-02
2.930402942001819611e-02
3.418803587555885315e-02
2.930402942001819611e-02
3.907204046845436096e-02
3.785103932023048401e-02
3.540903702378273010e-02
3.052503243088722229e-02
5.738705769181251526e-02
5.616605654358863831e-02
5.982905998826026917e-02
3.785103932023048401e-02
5.250305682420730591e-02
5.494505539536476135e-02
5.860805884003639221e-02
6.593406945466995239e-02
5.372405424714088440e-02
7.081807404756546021e-02
6.837607175111770630e-02
7.814408093690872192e-02
8.058608323335647583e-02
7.936508208513259888e-02
9.157509356737136841e-02
1.098901107907295227e-01
1.013431027531623840e-01
1.172161176800727844e-01
1.184371188282966614e-01
9.890110045671463013e-02
1.367521435022354126e-01
1.123321130871772766e-01
1.294261366128921509e-01
1.391941457986831665e-01
1.623931676149368286e-01
1.611721664667129517e-01
1.599511653184890747e-01
1.721611768007278442e-01
1.697191745042800903e-01
1.868131905794143677e-01
1.843711882829666138e-01
1.941391974687576294e-01
2.393162399530410767e-01
2.173382192850112915e-01
2.197802364826202393e-01
2.124542295932769775e-01
2.380952537059783936e-01
2.478632628917694092e-01
2.197802364826202393e-01
2.625152766704559326e-01
2.515262663364410400e-01
2.478632628917694092e-01
2.686202824115753174e-01
2.808302938938140869e-01
2.673992812633514404e-01
2.869352996349334717e-01
3.125763237476348877e-01
3.089133203029632568e-01
3.076923191547393799e-01
3.223443329334259033e-01
3.150183260440826416e-01
3.199023306369781494e-01
3.272283375263214111e-01
3.431013524532318115e-01
3.467643558979034424e-01
3.553113639354705811e-01
3.772893846035003662e-01
3.736263811588287354e-01
3.785103857517242432e-01
3.772893846035003662e-01
3.650793731212615967e-01
3.968254029750823975e-01
3.907203972339630127e-01
3.882783949375152588e-01
3.772893846035003662e-01
3.968254029750823975e-01
3.943834006786346436e-01
4.041514396667480469e-01
4.065934121608734131e-01
4.310134649276733398e-01
4.188034236431121826e-01
4.029304087162017822e-01
4.334554374217987061e-01
4.420024752616882324e-01
4.358974695205688477e-01
4.273504316806793213e-01
4.236874580383300781e-01
4.420024454593658447e-01
4.261294305324554443e-01
4.554334878921508789e-01
4.261294305324554443e-01
4.395604431629180908e-01
4.908425211906433105e-01
4.566544890403747559e-01
4.517704546451568604e-01
4.566544890403747559e-01
4.505494534969329834e-01
4.749695062637329102e-01
4.505494832992553711e-01
4.884005188941955566e-01
4.798535108566284180e-01
4.688645005226135254e-01
4.749695062637329102e-01
4.761904776096343994e-01
5.030525326728820801e-01
4.761905074119567871e-01
4.847375154495239258e-01
5.091575384140014648e-01
5.054945349693298340e-01
4.798535108566284180e-01
4.871795177459716797e-01
4.981685280799865723e-01
5.140415430068969727e-01
5.372405648231506348e-01
5.201465487480163574e-01
5.164835453033447266e-01
5.238095521926879883e-01
5.140415430068969727e-01
4.932845234870910645e-01
5.189255475997924805e-01
5.274725556373596191e-01
5.274725556373596191e-01
5.299145579338073730e-01
5.567765831947326660e-01
5.250305533409118652e-01
5.286935567855834961e-01
5.518925786018371582e-01
5.213675498962402344e-01
5.445665717124938965e-01
5.604395866394042969e-01
5.372405648231506348e-01
5.482295751571655273e-01
5.457875728607177734e-01
5.384615659713745117e-01
5.433455705642700195e-01
5.482295751571655273e-01
5.506715774536132812e-01
5.628815889358520508e-01
5.543345808982849121e-01
5.372405648231506348e-01
5.494505763053894043e-01
5.213675498962402344e-01
5.567765831947326660e-01
5.506715774536132812e-01
5.702075958251953125e-01
5.750916004180908203e-01
5.518925786018371582e-01
5.787546038627624512e-01
5.653235912322998047e-01
5.689865946769714355e-01
5.860806107521057129e-01
5.653235912322998047e-01
5.848596096038818359e-01
5.641025900840759277e-01
5.592185854911804199e-01
5.921856164932250977e-01
5.689865946769714355e-01
5.921856164932250977e-01
5.921856164932250977e-01
5.616605877876281738e-01
5.665445923805236816e-01
5.873016119003295898e-01
5.702075958251953125e-01
5.750916004180908203e-01
5.677655935287475586e-01
5.677655935287475586e-01
5.897436141967773438e-01
5.799756050109863281e-01
6.031746268272399902e-01
5.909646153450012207e-01
5.518925786018371582e-01
5.750916004180908203e-01
5.750916004180908203e-01
5.824176073074340820e-01
5.811966061592102051e-01
5.848596096038818359e-01
6.019536256790161133e-01
5.714285969734191895e-01
5.665445923805236816e-01
5.995116233825683594e-01
