1.368523947894573212e-02
1.466275658458471298e-02
1.466275658458471298e-02
1.857282593846321106e-02
9.775171056389808655e-03
1.466275658458471298e-02
1.759530790150165558e-02
1.759530790150165558e-02
1.075268816202878952e-02
1.564027369022369385e-02
1.564027369022369385e-02
1.661778986454010010e-02
1.564027369022369385e-02
2.150537818670272827e-02
2.052785828709602356e-02
2.052785828709602356e-02
1.661778986454010010e-02
1.759530790150165558e-02
1.368523947894573212e-02
1.857282407581806183e-02
1.759530790150165558e-02
1.270772237330675125e-02
2.052785828709602356e-02
1.075268816202878952e-02
1.564027369022369385e-02
1.564027369022369385e-02
1.661778986454010010e-02
1.857282407581806183e-02
2.150537446141242981e-02
1.857282593846321106e-02
1.564027369022369385e-02
1.564027369022369385e-02
2.443792857229709625e-02
1.857282593846321106e-02
1.564027369022369385e-02
1.661778986454010010e-02
1.466275658458471298e-02
1.564027369022369385e-02
1.466275658458471298e-02
1.661778986454010010e-02
1.368523947894573212e-02
2.052785828709602356e-02
1.564027369022369385e-02
1.661778986454010010e-02
1.759530603885650635e-02
1.661778986454010010e-02
1.759530603885650635e-02
1.759530790150165558e-02
2.346041053533554077e-02
1.270772237330675125e-02
2.541544288396835327e-02
1.955034211277961731e-02
2.150537818670272827e-02
1.564027369022369385e-02
1.759530790150165558e-02
1.270772237330675125e-02
1.368523947894573212e-02
1.759530790150165558e-02
2.541544288396835327e-02
2.248289436101913452e-02
2.346041053533554077e-02
1.368523947894573212e-02
2.346041053533554077e-02
1.661778986454010010e-02
1.759530790150165558e-02
1.955034211277961731e-02
1.368523947894573212e-02
2.150537818670272827e-02
1.075268816202878952e-02
1.564027369022369385e-02
1.955034211277961731e-02
2.150537818670272827e-02
1.759530790150165558e-02
1.661778986454010010e-02
1.564027369022369385e-02
1.857282593846321106e-02
1.857282593846321106e-02
1.466275658458471298e-02
1.955034211277961731e-02
1.955034211277961731e-02
1.661778986454010010e-02
1.661778986454010010e-02
1.564027369022369385e-02
7.820136845111846924e-03
1.564027369022369385e-02
1.857282407581806183e-02
1.857282407581806183e-02
1.564027369022369385e-02
2.052785828709602356e-02
1.564027369022369385e-02
2.150537446141242981e-02
1.466275658458471298e-02
1.270772237330675125e-02
1.955034025013446808e-02
2.248289436101913452e-02
1.270772237330675125e-02
1.564027369022369385e-02
1.759530790150165558e-02
1.759530603885650635e-02
2.052785828709602356e-02
2.150537632405757904e-02
2.248289436101913452e-02
1.661778986454010010e-02
2.150537446141242981e-02
1.564027369022369385e-02
1.955034211277961731e-02
2.052785828709602356e-02
2.443792670965194702e-02
2.639296278357505798e-02
1.955034211277961731e-02
2.052785828709602356e-02
1.857282593846321106e-02
1.857282593846321106e-02
2.639296278357505798e-02
2.932551503181457520e-02
3.519061580300331116e-02
2.834799513220787048e-02
3.225806355476379395e-02
3.323558345437049866e-02
3.421309962868690491e-02
3.616813197731971741e-02
4.496578499674797058e-02
3.421309590339660645e-02
4.594330489635467529e-02
4.594330489635467529e-02
5.571847409009933472e-02
4.887585341930389404e-02
5.571847409009933472e-02
5.767350643873214722e-02
5.767350643873214722e-02
7.135874778032302856e-02
7.820136845111846924e-02
7.233627140522003174e-02
6.940371543169021606e-02
8.993157744407653809e-02
1.055718436837196350e-01
1.045943275094032288e-01
1.182795763015747070e-01
1.212121248245239258e-01
1.388074159622192383e-01
1.417399793863296509e-01
1.407624632120132446e-01
1.319648027420043945e-01
1.612903177738189697e-01
1.456500440835952759e-01
1.710654795169830322e-01
1.652003973722457886e-01
1.779080927371978760e-01
1.994134932756423950e-01
2.052786052227020264e-01
2.003910094499588013e-01
1.984359622001647949e-01
1.857282519340515137e-01
1.974584460258483887e-01
2.150537669658660889e-01
2.160312831401824951e-01
2.228738963603973389e-01
2.336265891790390015e-01
2.375366538763046265e-01
2.463343143463134766e-01
2.737047672271728516e-01
2.580645084381103516e-01
2.629520893096923828e-01
2.825024425983428955e-01
2.766373157501220703e-01
2.746823132038116455e-01
2.795698642730712891e-01
2.864125072956085205e-01
2.854349911212921143e-01
2.971651852130889893e-01
2.795698940753936768e-01
3.088954091072082520e-01
3.069403767585754395e-01
2.932551205158233643e-01
3.147605359554290771e-01
3.333333134651184082e-01
3.391984105110168457e-01
3.294232487678527832e-01
3.616813421249389648e-01
3.196480870246887207e-01
3.587487936019897461e-01
3.558162450790405273e-01
3.421309590339660645e-01
3.460410535335540771e-01
3.597263097763061523e-01
3.567937612533569336e-01
3.499510884284973145e-01
3.597263097763061523e-01
3.587487936019897461e-01
3.841642141342163086e-01
3.851417005062103271e-01
4.017595052719116211e-01
4.037145674228668213e-01
3.968719840049743652e-01
3.822091817855834961e-01
3.988269567489624023e-01
4.046921133995056152e-01
4.144672751426696777e-01
3.890518248081207275e-01
4.037145972251892090e-01
