1.709401793777942657e-02
1.221001241356134415e-02
1.343101356178522110e-02
2.075702138245105743e-02
1.221001241356134415e-02
1.953602023422718048e-02
1.098901219666004181e-02
2.075702138245105743e-02
1.587301678955554962e-02
1.465201471000909805e-02
1.953602023422718048e-02
2.075702138245105743e-02
1.831501908600330353e-02
2.686202712357044220e-02
2.564102597534656525e-02
2.197802253067493439e-02
2.808302827179431915e-02
2.564102597534656525e-02
2.319902367889881134e-02
2.319902367889881134e-02
3.785103932023048401e-02
3.540903702378273010e-02
3.540903702378273010e-02
2.686202898621559143e-02
2.686202712357044220e-02
3.418803587555885315e-02
3.785103932023048401e-02
4.029304161667823792e-02
3.540903702378273010e-02
6.837607175111770630e-02
5.006105080246925354e-02
4.639804735779762268e-02
7.203907519578933716e-02
5.982905998826026917e-02
6.959707289934158325e-02
7.326007634401321411e-02
1.013431027531623840e-01
8.547008782625198364e-02
9.645909816026687622e-02
1.098901107907295227e-01
1.147741153836250305e-01
9.768010675907135010e-02
1.111111119389533997e-01
1.526251584291458130e-01
1.269841343164443970e-01
1.318681389093399048e-01
1.379731446504592896e-01
1.465201526880264282e-01
1.709401756525039673e-01
1.623931676149368286e-01
1.807081848382949829e-01
1.880341917276382446e-01
1.941391974687576294e-01
2.039072066545486450e-01
2.112332284450531006e-01
2.307692319154739380e-01
2.271062284708023071e-01
2.185592353343963623e-01
2.246642410755157471e-01
2.380952537059783936e-01
2.673992812633514404e-01
3.028083145618438721e-01
2.490842640399932861e-01
2.515262663364410400e-01
2.918193042278289795e-01
2.844932973384857178e-01
3.150183260440826416e-01
3.199023306369781494e-01
3.174603283405303955e-01
3.174603283405303955e-01
3.186813294887542725e-01
3.064713180065155029e-01
3.321123421192169189e-01
3.345543444156646729e-01
3.589743673801422119e-01
3.333333432674407959e-01
3.418803513050079346e-01
3.736263811588287354e-01
4.029304087162017822e-01
3.431013524532318115e-01
4.078144133090972900e-01
3.821733891963958740e-01
4.139194488525390625e-01
4.114774167537689209e-01
3.711843788623809814e-01
4.017094075679779053e-01
4.065934121608734131e-01
4.188034236431121826e-01
4.200244545936584473e-01
4.273504614830017090e-01
4.200244247913360596e-01
4.383394420146942139e-01
4.468864500522613525e-01
4.493284523487091064e-01
4.456654787063598633e-01
4.627594947814941406e-01
4.542124867439270020e-01
4.676434993743896484e-01
4.395604729652404785e-01
4.725275039672851562e-01
4.578754901885986328e-01
4.835165143013000488e-01
4.761905074119567871e-01
4.615384638309478760e-01
4.578754603862762451e-01
4.810745120048522949e-01
4.847375154495239258e-01
4.798535108566284180e-01
4.908425211906433105e-01
5.238095521926879883e-01
4.969475269317626953e-01
5.152625441551208496e-01
5.018315315246582031e-01
4.908425211906433105e-01
4.835165143013000488e-01
4.957265257835388184e-01
5.042735338211059570e-01
5.250305533409118652e-01
5.286935567855834961e-01
5.091575384140014648e-01
5.054945349693298340e-01
5.335775613784790039e-01
5.225885510444641113e-01
5.323565602302551270e-01
5.311355590820312500e-01
5.347985625267028809e-01
5.189255475997924805e-01
5.177045464515686035e-01
5.433455705642700195e-01
5.616605877876281738e-01
5.225885510444641113e-01
5.274725556373596191e-01
5.543345808982849121e-01
5.592185854911804199e-01
5.506715774536132812e-01
5.714285969734191895e-01
5.494505763053894043e-01
5.531135797500610352e-01
5.787546038627624512e-01
5.445665717124938965e-01
5.616605877876281738e-01
5.628815889358520508e-01
5.396825671195983887e-01
5.555555820465087891e-01
5.506715774536132812e-01
5.531135797500610352e-01
5.860806107521057129e-01
5.433455705642700195e-01
5.653235912322998047e-01
5.763126015663146973e-01
5.958486199378967285e-01
5.592185854911804199e-01
5.518925786018371582e-01
5.457875728607177734e-01
6.007326245307922363e-01
5.714285969734191895e-01
5.653235912322998047e-01
5.689865946769714355e-01
5.958486199378967285e-01
5.885226130485534668e-01
5.738705992698669434e-01
6.019536256790161133e-01
5.824176073074340820e-01
5.982906222343444824e-01
5.714285969734191895e-01
5.934066176414489746e-01
5.738705992698669434e-01
5.787546038627624512e-01
5.934066176414489746e-01
5.848596096038818359e-01
5.665445923805236816e-01
5.909646153450012207e-01
5.921856164932250977e-01
6.068376302719116211e-01
5.897436141967773438e-01
5.995116233825683594e-01
6.007326245307922363e-01
6.019536256790161133e-01
6.031746268272399902e-01
5.958486199378967285e-01
5.848596096038818359e-01
5.946276187896728516e-01
6.117216348648071289e-01
5.763126015663146973e-01
5.921856164932250977e-01
6.105006337165832520e-01
6.117216348648071289e-01
6.361416578292846680e-01
6.324786543846130371e-01
6.288156509399414062e-01
6.068376302719116211e-01
6.105006337165832520e-01
6.178266406059265137e-01
5.897436141967773438e-01
6.019536256790161133e-01
6.214896440505981445e-01
6.153846383094787598e-01
6.129426360130310059e-01
6.214896440505981445e-01
6.178266406059265137e-01
