1.343767166137695312e+00
2.703166723251342773e+00
3.968803644180297852e+00
5.203195333480834961e+00
6.405496835708618164e+00
7.648728609085083008e+00
9.073292732238769531e+00
1.033796548843383789e+01
1.154110908508300781e+01
1.274424815177917480e+01
1.396301555633544922e+01
1.519740867614746094e+01
1.640054941177368164e+01
1.761931538581848145e+01
1.883808255195617676e+01
2.010372519493103027e+01
2.132249069213867188e+01
2.255688285827636719e+01
2.376002430915832520e+01
2.496316599845886230e+01
2.616630768775939941e+01
2.744757485389709473e+01
2.865072941780090332e+01
2.985385656356811523e+01
3.104138827323913574e+01
3.226013851165771484e+01
3.346327972412109375e+01
3.466642355918884277e+01
3.590081334114074707e+01
3.705709385871887207e+01
3.818210744857788086e+01
3.933837318420410156e+01
4.046337509155273438e+01
4.158839011192321777e+01
4.269777989387512207e+01
4.380717062950134277e+01
4.496343660354614258e+01
4.608845090866088867e+01
4.721346616744995117e+01
4.835410761833190918e+01
4.947912287712097168e+01
5.058851385116577148e+01
5.172916722297668457e+01
5.283855581283569336e+01
5.397919797897338867e+01
5.508857440948486328e+01
5.618233895301818848e+01
5.730735325813293457e+01
5.841674423217773438e+01
5.955738425254821777e+01
6.068241310119628906e+01
6.182305288314819336e+01
6.294805574417114258e+01
6.405744671821594238e+01
6.521372365951538086e+01
6.633873987197875977e+01
6.743254208564758301e+01
6.855750703811645508e+01
6.969814729690551758e+01
7.083879995346069336e+01
7.193256521224975586e+01
7.308883380889892578e+01
7.421383309364318848e+01
7.535447335243225098e+01
7.646387767791748047e+01
7.758888030052185059e+01
7.871390700340270996e+01
7.982328438758850098e+01
8.094831371307373047e+01
8.207331585884094238e+01
8.321396923065185547e+01
8.432335853576660156e+01
8.543273591995239258e+01
8.655775117874145508e+01
8.768276643753051758e+01
8.880779480934143066e+01
8.993279790878295898e+01
9.108906316757202148e+01
9.221409082412719727e+01
9.333909320831298828e+01
9.446410870552062988e+01
9.560474896430969238e+01
9.672977828979492188e+01
9.787041068077087402e+01
9.899543166160583496e+01
1.001360609531402588e+02
1.012610752582550049e+02
1.023860914707183838e+02
1.035267312526702881e+02
1.046517462730407715e+02
1.057767615318298340e+02
1.069017786979675293e+02
1.080424311161041260e+02
1.091674330234527588e+02
1.102924494743347168e+02
1.114487142562866211e+02
1.125893683433532715e+02
1.137143697738647461e+02
1.148550233840942383e+02
1.159800391197204590e+02
1.171206657886505127e+02
1.182613196372985840e+02
1.193863358497619629e+02
1.205113370418548584e+02
1.216519777774810791e+02
1.227926323413848877e+02
1.239332737922668457e+02
1.250582742691040039e+02
1.261989290714263916e+02
1.273239431381225586e+02
1.284645700454711914e+02
1.295739600658416748e+02
1.306833505630493164e+02
1.318239910602569580e+02
1.331365094184875488e+02
1.342771630287170410e+02
1.354802911281585693e+02
1.366053056716918945e+02
1.377615728378295898e+02
1.388865866661071777e+02
1.400272269248962402e+02
1.411834931373596191e+02
1.423397595882415771e+02
1.434960269927978516e+02
1.446210522651672363e+02
1.457460677623748779e+02
1.468710708618164062e+02
1.480117113590240479e+02
1.491367406845092773e+02
1.502617549896240234e+02
1.514023823738098145e+02
1.525273969173431396e+02
1.536524126529693604e+02
1.547774269580841064e+02
1.559024438858032227e+02
1.570430827140808105e+02
1.581837244033813477e+02
1.592931156158447266e+02
1.604493808746337891e+02
1.615743951797485352e+02
1.627150356769561768e+02
1.638556759357452393e+02
1.649650664329528809e+02
1.661057064533233643e+02
1.672619853019714355e+02
1.684026262760162354e+02
1.695745036602020264e+02
1.707307693958282471e+02
1.718557848930358887e+02
1.729964251518249512e+02
1.741370663642883301e+02
1.752777194976806641e+02
1.764339718818664551e+02
1.775746271610260010e+02
1.787308778762817383e+02
1.798871452808380127e+02
1.810121591091156006e+02
1.821527993679046631e+02
1.832778148651123047e+02
1.844184551239013672e+02
1.855590956211090088e+02
1.866997516155242920e+02
1.878247523307800293e+02
1.889810175895690918e+02
1.901216578483581543e+02
1.912466735839843750e+02
1.923716888427734375e+02
1.935123291015625000e+02
1.946373455524444580e+02
1.957936105728149414e+02
1.969811275005340576e+02
1.981217670440673828e+02
1.992624068260192871e+02
2.003874216079711914e+02
2.015436882972717285e+02
2.026687045097351074e+02
2.038093442916870117e+02
2.049499840736389160e+02
2.061218755245208740e+02
2.072625160217285156e+02
2.083875319957733154e+02
2.095594220161437988e+02
2.107156887054443359e+02
2.118563292026519775e+02
2.129969689846038818e+02
2.141532349586486816e+02
2.153095004558563232e+02
2.164657795429229736e+02
2.176220331192016602e+02
2.187470479011535645e+02
2.199345626831054688e+02
2.210752029418945312e+02
2.222314691543579102e+02
2.234189851284027100e+02
2.245596261024475098e+02
2.257315161228179932e+02
2.268877830505371094e+02
2.280440490245819092e+02
2.292003138065338135e+02
2.303409550189971924e+02
