1.187503337860107422e+00
2.359406471252441406e+00
3.515657663345336914e+00
4.687562942504882812e+00
5.828202486038208008e+00
7.015719175338745117e+00
8.187608718872070312e+00
9.343863725662231445e+00
1.053137850761413574e+01
1.167202043533325195e+01
1.282829904556274414e+01
1.396892428398132324e+01
1.512518978118896484e+01
1.628146982192993164e+01
1.743772244453430176e+01
1.859400105476379395e+01
1.976587867736816406e+01
2.092215728759765625e+01
2.209403514862060547e+01
2.325030088424682617e+01
2.440657925605773926e+01
2.556284427642822266e+01
2.670347309112548828e+01
2.785975241661071777e+01
2.903163051605224609e+01
3.021914553642272949e+01
3.137541055679321289e+01
3.251605367660522461e+01
3.365670657157897949e+01
3.481297230720520020e+01
3.598486280441284180e+01
3.712550258636474609e+01
3.831301856040954590e+01
3.948490977287292480e+01
4.064117622375488281e+01
4.181305289268493652e+01
4.296933102607727051e+01
4.414122343063354492e+01
4.528186273574829102e+01
4.645375490188598633e+01
4.762563157081604004e+01
4.881314897537231445e+01
4.998503899574279785e+01
5.114130592346191406e+01
5.231319618225097656e+01
5.348508691787719727e+01
5.464135241508483887e+01
5.579761791229248047e+01
5.696952247619628906e+01
5.814141368865966797e+01
5.931329083442687988e+01
6.048519492149353027e+01
6.167269778251647949e+01
6.284458923339843750e+01
6.401647996902465820e+01
6.518837046623229980e+01
6.636026120185852051e+01
6.751652765274047852e+01
6.868841838836669922e+01
6.984473514556884766e+01
7.101658892631530762e+01
7.218847846984863281e+01
7.337599515914916992e+01
7.451662373542785645e+01
7.570415043830871582e+01
7.686041808128356934e+01
7.804793524742126465e+01
7.918856191635131836e+01
8.037607812881469727e+01
8.154798054695129395e+01
8.270424771308898926e+01
8.387612676620483398e+01
8.523551845550537109e+01
8.639179730415344238e+01
8.754804944992065430e+01
8.871993970870971680e+01
8.989183068275451660e+01
9.104809641838073730e+01
9.222000217437744141e+01
9.339189219474792480e+01
9.456376934051513672e+01
9.572004866600036621e+01
9.690756416320800781e+01
9.811069250106811523e+01
9.926695847511291504e+01
1.004232382774353027e+02
1.015794909000396729e+02
1.027513942718505859e+02
1.039232721328735352e+02
1.051420519351959229e+02
1.063295564651489258e+02
1.075170700550079346e+02
1.087202117443084717e+02
1.098921027183532715e+02
1.110796318054199219e+02
1.122515234947204590e+02
1.134390387535095215e+02
1.146265432834625244e+02
1.157828080654144287e+02
1.169547002315521240e+02
1.181266031265258789e+02
1.193141057491302490e+02
1.205016214847564697e+02
1.216735126972198486e+02
1.228297796249389648e+02
1.240954341888427734e+02
1.252673256397247314e+02
1.264392161369323730e+02
1.276423561573028564e+02
1.288298730850219727e+02
1.300173890590667725e+02
1.312049052715301514e+02
1.323611707687377930e+02
1.335330488681793213e+02
1.346893157958984375e+02
1.358768439292907715e+02
1.370487351417541504e+02
1.382206130027770996e+02
1.393925044536590576e+02
1.405956590175628662e+02
1.417675485610961914e+02
1.429706768989562988e+02
1.441425676345825195e+02
1.453300983905792236e+02
1.465332391262054443e+02
1.477207555770874023e+02
1.488926470279693604e+02
1.500801489353179932e+02
1.512676646709442139e+02
1.524551808834075928e+02
1.536426966190338135e+02
1.548302276134490967e+02
1.560333688259124756e+02
1.572365090847015381e+02
1.584240138530731201e+02
1.595959031581878662e+02
1.607677943706512451e+02
1.619865603446960449e+02
1.631897149085998535e+02
1.643615922927856445e+02
1.655491249561309814e+02
1.667366259098052979e+02
1.679241549968719482e+02
1.691272819042205811e+02
1.703148124217987061e+02
1.715023274421691895e+02
1.727054555416107178e+02
1.739086105823516846e+02
1.750961134433746338e+02
1.762836303710937500e+02
1.774555344581604004e+02
1.786274254322052002e+02
1.798149404525756836e+02
1.810337073802947998e+02
1.822212228775024414e+02
1.834087393283843994e+02
1.846118671894073486e+02
1.857837584018707275e+02
1.869869010448455811e+02
1.882056677341461182e+02
1.893931834697723389e+02
1.905963373184204102e+02
1.917682278156280518e+02
1.929557440280914307e+02
1.941588866710662842e+02
1.953463890552520752e+02
1.965182812213897705e+02
1.977214345932006836e+02
1.989245631694793701e+02
2.001277041435241699e+02
2.013152213096618652e+02
2.025183608531951904e+02
2.037371282577514648e+02
2.049246439933776855e+02
2.061121604442596436e+02
2.073153152465820312e+02
2.085184552669525146e+02
2.097059710025787354e+02
2.109091014862060547e+02
2.121278665065765381e+02
2.133153991699218750e+02
2.145185370445251465e+02
2.156904151439666748e+02
2.168935701847076416e+02
2.181123361587524414e+02
2.193154640197753906e+02
2.205186057090759277e+02
2.217061219215393066e+02
2.228936393260955811e+02
2.241280429363250732e+02
2.253467960357666016e+02
2.265343248844146729e+02
2.277374665737152100e+02
2.289249696731567383e+02
2.301437358856201172e+02
2.313312518596649170e+02
2.325500187873840332e+02
2.337531604766845703e+02
2.349563021659851074e+02
2.361594564914703369e+02
