1.234392642974853516e+00
2.421907663345336914e+00
3.625048637390136719e+00
4.828190326690673828e+00
6.031344413757324219e+00
7.234473943710327148e+00
8.406365156173706055e+00
9.609505414962768555e+00
1.081266093254089355e+01
1.201580119132995605e+01
1.320330476760864258e+01
1.442207098007202148e+01
1.562522435188293457e+01
1.682835340499877930e+01
1.801588249206542969e+01
1.921901178359985352e+01
2.040652680397033691e+01
2.159404325485229492e+01
2.278155899047851562e+01
2.396907567977905273e+01
2.520346736907958984e+01
2.639098286628723145e+01
2.757854938507080078e+01
2.878164219856262207e+01
2.996917057037353516e+01
3.118792319297790527e+01
3.239106678962707520e+01
3.359420609474182129e+01
3.479734706878662109e+01
3.596923947334289551e+01
3.717237949371337891e+01
3.837552118301391602e+01
3.959428882598876953e+01
4.081305456161499023e+01
4.200058507919311523e+01
4.321933698654174805e+01
4.440685462951660156e+01
4.562561988830566406e+01
4.679751086235046387e+01
4.800065159797668457e+01
4.940693449974060059e+01
5.061006259918212891e+01
5.179757905006408691e+01
5.300071978569030762e+01
5.420387554168701172e+01
5.540700221061706543e+01
5.661015796661376953e+01
5.781329798698425293e+01
5.900080156326293945e+01
6.018831849098205566e+01
6.139145946502685547e+01
6.259460067749023438e+01
6.382900619506835938e+01
6.503214669227600098e+01
6.625090122222900391e+01
6.745404148101806641e+01
6.865718293190002441e+01
6.987594866752624512e+01
7.109471583366394043e+01
7.229785776138305664e+01
7.351662492752075195e+01
7.471977806091308594e+01
7.592290639877319336e+01
7.712604689598083496e+01
7.832918930053710938e+01
7.956358122825622559e+01
8.079797291755676270e+01
8.203236436843872070e+01
8.325113105773925781e+01
8.445427346229553223e+01
8.565741372108459473e+01
8.687618112564086914e+01
8.812619662284851074e+01
8.932934021949768066e+01
9.057937002182006836e+01
9.181374669075012207e+01
9.314190316200256348e+01
9.436067032814025879e+01
9.557942247390747070e+01
9.682944059371948242e+01
9.806383252143859863e+01
9.926698708534240723e+01
1.004857540130615234e+02
1.017045063972473145e+02
1.029232742786407471e+02
1.041264138221740723e+02
1.053608193397521973e+02
1.065639600753784180e+02
1.077670888900756836e+02
1.089702296257019043e+02
1.102046217918395996e+02
1.114233882427215576e+02
1.126421563625335693e+02
1.138609340190887451e+02
1.150640630722045898e+02
1.162828297615051270e+02
1.174703464508056641e+02
1.187047522068023682e+02
1.199078791141510010e+02
1.211266462802886963e+02
1.223610382080078125e+02
1.236110539436340332e+02
1.248141963481903076e+02
1.260642254352569580e+02
1.272986037731170654e+02
1.285017609596252441e+02
1.297205119132995605e+02
1.309392797946929932e+02
1.321580450534820557e+02
1.333611876964569092e+02
1.345955789089202881e+02
1.358143444061279297e+02
1.370018615722656250e+02
1.382362656593322754e+02
1.394862828254699707e+02
1.406894109249114990e+02
1.419081768989562988e+02
1.431113200187683105e+02
1.443144612312316895e+02
1.455332269668579102e+02
1.467676179409027100e+02
1.480020112991333008e+02
1.492207772731781006e+02
1.504551827907562256e+02
1.517051851749420166e+02
1.529239528179168701e+02
1.541895940303802490e+02
1.554083607196807861e+02
1.566271281242370605e+02
1.578615343570709229e+02
1.590802874565124512e+02
1.603303027153015137e+02
1.615803201198577881e+02
1.627990996837615967e+02
1.640491173267364502e+02
1.652834944725036621e+02
1.665178880691528320e+02
1.677523293495178223e+02
1.689866712093353271e+02
1.702210633754730225e+02
1.714710803031921387e+02
1.727367210388183594e+02
1.739711258411407471e+02
1.752055060863494873e+02
1.764086465835571289e+02
1.776586627960205078e+02
1.788930556774139404e+02
1.801118214130401611e+02
1.813462255001068115e+02
1.826882927417755127e+02
1.839972462654113770e+02
1.854857273101806641e+02
1.870013709068298340e+02
1.889486138820648193e+02
1.905580110549926758e+02
1.949177033901214600e+02
1.964177224636077881e+02
1.978239917755126953e+02
1.992146368026733398e+02
2.006677806377410889e+02
2.020896759033203125e+02
2.036053192615509033e+02
2.049959638118743896e+02
2.064022471904754639e+02
2.078085021972656250e+02
2.091991496086120605e+02
2.106054158210754395e+02
2.120429348945617676e+02
2.133633942604064941e+02
2.146290352344512939e+02
2.158634278774261475e+02
2.171290547847747803e+02
2.183634600639343262e+02
2.196134767532348633e+02
2.208634934425354004e+02
2.221135115623474121e+02
2.233635303974151611e+02
2.246291568279266357e+02
2.258791742324829102e+02
2.271292049884796143e+02
2.283792204856872559e+02
2.296448643207550049e+02
2.309105048179626465e+02
2.321605091094970703e+02
2.333949134349822998e+02
2.347230441570281982e+02
2.359574372768402100e+02
2.371918282508850098e+02
2.384730944633483887e+02
2.397387495040893555e+02
2.409731285572052002e+02
2.422387709617614746e+02
2.434887878894805908e+02
2.447388188838958740e+02
2.460200855731964111e+02
2.472700896263122559e+02
2.485044810771942139e+02
2.497388741970062256e+02
2.509889037609100342e+02
2.522545320987701416e+02
