9.768010117113590240e-03
1.465201471000909805e-02
2.197802253067493439e-02
2.075702138245105743e-02
2.319902367889881134e-02
1.343101356178522110e-02
1.953602023422718048e-02
2.319902367889881134e-02
2.075702138245105743e-02
1.709401793777942657e-02
1.587301678955554962e-02
1.953602023422718048e-02
1.953602023422718048e-02
1.831501908600330353e-02
1.953602023422718048e-02
1.953602023422718048e-02
3.174603357911109924e-02
2.075702138245105743e-02
1.831501908600330353e-02
2.564102597534656525e-02
2.075702138245105743e-02
2.686202898621559143e-02
3.052503056824207306e-02
2.564102597534656525e-02
3.663003817200660706e-02
2.564102597534656525e-02
2.564102597534656525e-02
3.785103932023048401e-02
5.006105452775955200e-02
5.128205195069313049e-02
7.326007634401321411e-02
6.105006113648414612e-02
5.982906371355056763e-02
8.913309127092361450e-02
8.302808552980422974e-02
8.669108897447586060e-02
1.050061136484146118e-01
1.062271073460578918e-01
1.050061061978340149e-01
1.367521435022354126e-01
1.221001297235488892e-01
1.501831561326980591e-01
1.684981733560562134e-01
1.758241802453994751e-01
1.855922043323516846e-01
2.185592353343963623e-01
2.075702100992202759e-01
2.112332135438919067e-01
2.588522732257843018e-01
2.442002445459365845e-01
2.283272445201873779e-01
2.661782801151275635e-01
2.600732743740081787e-01
3.076923191547393799e-01
3.076923191547393799e-01
3.076923191547393799e-01
2.930403053760528564e-01
3.113553225994110107e-01
3.492063581943511963e-01
3.553113639354705811e-01
3.455433547496795654e-01
3.553113639354705811e-01
3.772893846035003662e-01
3.724053800106048584e-01
4.090354144573211670e-01
3.687423765659332275e-01
4.065934121608734131e-01
4.090354442596435547e-01
4.261294305324554443e-01
4.420024752616882324e-01
4.273504614830017090e-01
4.261294305324554443e-01
4.542124867439270020e-01
4.395604431629180908e-01
4.664224684238433838e-01
4.786325097084045410e-01
4.700855016708374023e-01
4.908425211906433105e-01
4.993895292282104492e-01
4.945055246353149414e-01
5.103785395622253418e-01
4.920635223388671875e-01
5.347985625267028809e-01
5.201465487480163574e-01
5.201465487480163574e-01
5.128205418586730957e-01
5.347985625267028809e-01
5.274725556373596191e-01
5.360195636749267578e-01
5.470085740089416504e-01
5.445665717124938965e-01
5.433455705642700195e-01
5.384615659713745117e-01
5.506715774536132812e-01
5.873016119003295898e-01
5.641025900840759277e-01
5.873016119003295898e-01
5.714285969734191895e-01
5.921856164932250977e-01
5.665445923805236816e-01
5.811966061592102051e-01
5.970696210861206055e-01
5.811966061592102051e-01
5.836386084556579590e-01
5.946276187896728516e-01
5.763126015663146973e-01
5.811966061592102051e-01
6.202686429023742676e-01
6.031746268272399902e-01
6.251526474952697754e-01
6.141636371612548828e-01
6.190476417541503906e-01
6.031746268272399902e-01
6.373626589775085449e-01
6.190476417541503906e-01
6.349206566810607910e-01
6.361416578292846680e-01
6.300366520881652832e-01
6.288156509399414062e-01
6.324786543846130371e-01
6.544566750526428223e-01
6.227106451988220215e-01
6.556776762008666992e-01
6.410256624221801758e-01
6.532356739044189453e-01
6.666666865348815918e-01
6.788766980171203613e-01
6.727716922760009766e-01
6.678876876831054688e-01
6.788766980171203613e-01
6.581196784973144531e-01
6.715506911277770996e-01
6.886447072029113770e-01
6.727716922760009766e-01
6.727716922760009766e-01
6.910867094993591309e-01
6.837607026100158691e-01
6.837607026100158691e-01
6.837607026100158691e-01
6.752136945724487305e-01
6.642246842384338379e-01
7.142857313156127930e-01
6.910867094993591309e-01
6.727716922760009766e-01
6.886447072029113770e-01
7.032967209815979004e-01
7.118437290191650391e-01
6.678876876831054688e-01
7.057387232780456543e-01
6.959707140922546387e-01
6.996337175369262695e-01
7.020757198333740234e-01
7.203907370567321777e-01
7.081807255744934082e-01
7.057387232780456543e-01
7.020757198333740234e-01
7.191697359085083008e-01
7.130647301673889160e-01
7.277167439460754395e-01
7.106227278709411621e-01
7.032967209815979004e-01
7.277167439460754395e-01
7.435897588729858398e-01
7.264957427978515625e-01
7.167277336120605469e-01
7.387057542800903320e-01
7.118437290191650391e-01
7.435897588729858398e-01
7.167277336120605469e-01
7.326007485389709473e-01
7.252747416496276855e-01
7.423687577247619629e-01
7.191697359085083008e-01
7.362637519836425781e-01
7.423687577247619629e-01
7.362637519836425781e-01
7.496947646141052246e-01
7.460317611694335938e-01
7.387057542800903320e-01
7.191697359085083008e-01
7.521367669105529785e-01
7.448107600212097168e-01
7.521367669105529785e-01
7.582417726516723633e-01
7.521367669105529785e-01
7.753357887268066406e-01
7.423687577247619629e-01
7.472527623176574707e-01
7.411477565765380859e-01
7.741147875785827637e-01
7.496947646141052246e-01
7.313797473907470703e-01
7.704517841339111328e-01
7.789987921714782715e-01
7.838827967643737793e-01
7.533577680587768555e-01
7.484737634658813477e-01
7.496947646141052246e-01
7.753357887268066406e-01
7.631257772445678711e-01
