2.234588861465454102e+00
4.348090887069702148e+00
6.454589366912841797e+00
8.595110654830932617e+00
1.072562551498413086e+01
1.281311082839965820e+01
1.484357142448425293e+01
1.693704175949096680e+01
1.907656383514404297e+01
2.117305421829223633e+01
2.322351217269897461e+01
2.532500696182250977e+01
2.748854446411132812e+01
2.959504175186157227e+01
3.171054601669311523e+01
3.382805132865905762e+01
3.592354226112365723e+01
3.801603031158447266e+01
4.018557262420654297e+01
4.239214110374450684e+01
4.450564455986022949e+01
4.658912467956542969e+01
4.864258480072021484e+01
5.071107172966003418e+01
5.282555937767028809e+01
5.495207071304321289e+01
5.706457376480102539e+01
5.962939667701721191e+01
6.243038988113403320e+01
6.520235919952392578e+01
6.784924125671386719e+01
7.064122700691223145e+01
7.402463221549987793e+01
7.714582848548889160e+01
7.977569818496704102e+01
8.235953521728515625e+01
8.494437384605407715e+01
8.755122852325439453e+01
8.977881073951721191e+01
9.199938988685607910e+01
9.411189079284667969e+01
9.625041151046752930e+01
9.832989072799682617e+01
1.005594761371612549e+02
1.026549658775329590e+02
1.048215057849884033e+02
1.068739655017852783e+02
1.090575175285339355e+02
1.112260601520538330e+02
1.133765897750854492e+02
1.154960956573486328e+02
1.175625650882720947e+02
1.198051598072052002e+02
1.219246659278869629e+02
1.241072187423706055e+02
1.262477409839630127e+02
1.282861893177032471e+02
1.303726742267608643e+02
1.323911080360412598e+02
1.345316309928894043e+02
1.366701514720916748e+02
1.390878701210021973e+02
1.412874338626861572e+02
1.434509723186492920e+02
1.455504646301269531e+02
1.477250111103057861e+02
1.498700978755950928e+02
1.519275610446929932e+02
1.540340597629547119e+02
1.561395559310913086e+02
1.583080976009368896e+02
1.604506206512451172e+02
1.626031510829925537e+02
1.647036440372467041e+02
1.668311579227447510e+02
1.689736800193786621e+02
1.710531587600708008e+02
1.731596579551696777e+02
1.752791643142700195e+02
1.773206152915954590e+02
1.794311165809631348e+02
1.814895796775817871e+02
1.835700585842132568e+02
1.856415317058563232e+02
1.876889870166778564e+02
1.897834763526916504e+02
1.919179937839508057e+02
1.939644494056701660e+02
1.960149075984954834e+02
1.980973873138427734e+02
2.002259166240692139e+02
2.022703542709350586e+02
2.043698472976684570e+02
2.064503414630889893e+02
2.085318074226379395e+02
2.106132864952087402e+02
2.126597423553466797e+02
2.147372195720672607e+02
2.168797428607940674e+02
2.189702293872833252e+02
2.210697212219238281e+02
2.231381921768188477e+02
2.252436897754669189e+02
2.273461863994598389e+02
2.294266636371612549e+02
2.314911456108093262e+02
2.333924844264984131e+02
2.352398447990417480e+02
2.371181802749633789e+02
2.389885101318359375e+02
2.408708622455596924e+02
2.427371892929077148e+02
2.446195261478424072e+02
2.465208659172058105e+02
2.483841910362243652e+02
2.502475152015686035e+02
2.521098394393920898e+02
2.540752992630004883e+02
2.559826428890228271e+02
2.578459815979003906e+02
2.596760280132293701e+02
2.615343496799468994e+02
2.634086821079254150e+02
2.653160383701324463e+02
2.672464106082916260e+02
2.691457624435424805e+02
2.709730598926544189e+02
2.728233761787414551e+02
2.746826982498168945e+02
2.765290107727050781e+02
2.783863317966461182e+02
2.802466540336608887e+02
2.820759549140930176e+02
2.839093384742736816e+02
2.857876739501953125e+02
2.876690757274627686e+02
2.895394451618194580e+02
2.914027836322784424e+02
2.932530853748321533e+02
2.950934081077575684e+02
2.969737315177917480e+02
2.988050332069396973e+02
3.006733806133270264e+02
3.025256783962249756e+02
3.044160227775573730e+02
3.062453231811523438e+02
3.081046454906463623e+02
3.099779784679412842e+02
3.118223016262054443e+02
3.136615979671478271e+02
3.155209181308746338e+02
3.174262735843658447e+02
3.196338422298431396e+02
3.215752229690551758e+02
3.235115995407104492e+02
3.254580347537994385e+02
3.273384068012237549e+02
3.292437613010406494e+02
3.311040837764739990e+02
3.329974300861358643e+02
3.348567671775817871e+02
3.367871258258819580e+02
3.387825431823730469e+02
3.407598619461059570e+02
3.427192416191101074e+02
3.448577618598937988e+02
3.468401708602905273e+02
3.486974918842315674e+02
3.505688221454620361e+02
3.524301459789276123e+02
3.542944719791412354e+02
3.561718058586120605e+02
3.580271253585815430e+02
3.599474911689758301e+02
3.618448395729064941e+02
3.637331821918487549e+02
3.656215248107910156e+02
3.674728410243988037e+02
3.693321633338928223e+02
3.711995093822479248e+02
3.730158009529113770e+02
3.748741364479064941e+02
3.767464547157287598e+02
3.785978317260742188e+02
3.804381408691406250e+02
3.823334879875183105e+02
3.842098221778869629e+02
3.860691583156585693e+02
3.879314241409301758e+02
3.897807383537292480e+02
3.916240489482879639e+02
3.934613556861877441e+02
3.953226802349090576e+02
3.971610989570617676e+02
3.990284152030944824e+02
4.008817465305328369e+02
4.027310461997985840e+02
4.046014242172241211e+02
4.064327654838562012e+02
4.083311154842376709e+02
