2.375031471252441406e+00
4.437559843063354492e+00
6.578213691711425781e+00
8.703242063522338867e+00
1.079702210426330566e+01
1.295329999923706055e+01
1.506270480155944824e+01
1.725024747848510742e+01
1.931276106834411621e+01
2.142216444015502930e+01
2.357844328880310059e+01
2.559409594535827637e+01
2.757849884033203125e+01
2.965665125846862793e+01
3.176605653762817383e+01
3.385983538627624512e+01
3.592236185073852539e+01
3.809426689147949219e+01
4.021929550170898438e+01
4.237557530403137207e+01
4.459435558319091797e+01
4.668813395500183105e+01
4.887566375732421875e+01
5.111006808280944824e+01
5.331322479248046875e+01
5.551637864112854004e+01
5.768828320503234863e+01
5.990706253051757812e+01
6.220396971702575684e+01
6.451650071144104004e+01
6.670403146743774414e+01
6.886031079292297363e+01
7.114159107208251953e+01
7.340724611282348633e+01
7.565727782249450684e+01
7.782917976379394531e+01
7.993858528137207031e+01
8.209486460685729980e+01
8.414176607131958008e+01
8.626679539680480957e+01
8.840744972229003906e+01
9.053247833251953125e+01
9.264188170433044434e+01
9.467316079139709473e+01
9.675131297111511230e+01
9.882946562767028809e+01
1.009701206684112549e+02
1.030639002323150635e+02
1.050795502662658691e+02
1.070952036380767822e+02
1.091108560562133789e+02
1.111890096664428711e+02
1.131265351772308350e+02
1.151578292846679688e+02
1.171890895366668701e+02
1.191422429084777832e+02
1.211422841548919678e+02
1.232360484600067139e+02
1.253454513549804688e+02
1.274392311573028564e+02
1.295642588138580322e+02
1.317049131393432617e+02
1.338611927032470703e+02
1.360174715518951416e+02
1.381893775463104248e+02
1.403612806797027588e+02
1.425488111972808838e+02
1.446894643306732178e+02
1.468769922256469727e+02
1.490020222663879395e+02
1.510958020687103271e+02
1.531739540100097656e+02
1.552208576202392578e+02
1.571896328926086426e+02
1.591427845954895020e+02
1.610646994113922119e+02
1.630491030216217041e+02
1.650491156578063965e+02
1.669866569042205811e+02
1.689710445404052734e+02
1.709221110343933105e+02
1.729065129756927490e+02
1.748596637248992920e+02
1.768128154277801514e+02
1.787276935577392578e+02
1.806618824005126953e+02
1.826980204582214355e+02
1.847590222358703613e+02
1.869934282302856445e+02
1.890559546947479248e+02
1.911028590202331543e+02
1.933216392993927002e+02
1.954935438632965088e+02
1.975404586791992188e+02
1.996029732227325439e+02
2.016498761177062988e+02
2.037905309200286865e+02
2.059155600070953369e+02
2.080814597606658936e+02
2.100815010070800781e+02
2.121596391201019287e+02
2.141909172534942627e+02
2.163784480094909668e+02
2.185816025733947754e+02
2.207691309452056885e+02
2.230035357475280762e+02
2.252066919803619385e+02
2.273004839420318604e+02
2.294202108383178711e+02
2.314514873027801514e+02
2.334671406745910645e+02
2.355921695232391357e+02
2.378265740871429443e+02
2.400609805583953857e+02
2.423735108375549316e+02
2.444204132556915283e+02
2.470142002105712891e+02
2.492798552513122559e+02
2.515611360073089600e+02
2.535952863693237305e+02
2.558410558700561523e+02
2.580910899639129639e+02
2.603098723888397217e+02
2.626380281448364258e+02
2.648568086624145508e+02
2.671537141799926758e+02
2.694818711280822754e+02
2.717944030761718750e+02
2.740131835937500000e+02
2.763882153034210205e+02
2.786694974899291992e+02
2.811226551532745361e+02
2.834039349555969238e+02
2.856852166652679443e+02
2.880289974212646484e+02
2.903102784156799316e+02
2.926860373020172119e+02
2.950575063228607178e+02
2.973940176963806152e+02
2.997266454696655273e+02
3.019690315723419189e+02
3.043958802223205566e+02
3.066591460704803467e+02
3.089612462520599365e+02
3.112081031799316406e+02
3.135617721080780029e+02
3.157914533615112305e+02
3.178057329654693604e+02
3.198615798950195312e+02
3.219149551391601562e+02
3.239083836078643799e+02
3.259322822093963623e+02
3.279238574504852295e+02
3.298880505561828613e+02
3.318888502120971680e+02
3.339357566833496094e+02
3.359357984066009521e+02
3.379514365196228027e+02
3.399358382225036621e+02
3.419202418327331543e+02
3.439827680587768555e+02
3.459827959537506104e+02
3.480296978950500488e+02
3.501703524589538574e+02
3.522016294002532959e+02
3.542641732692718506e+02
3.562954351902008057e+02
3.583735899925231934e+02
3.604204914569854736e+02
3.625298945903778076e+02
3.645924220085144043e+02
3.666862156391143799e+02
3.687799801826477051e+02
3.711110816001892090e+02
3.743223648071289062e+02
3.774850449562072754e+02
3.796050519943237305e+02
3.816620147228240967e+02
3.837429940700531006e+02
3.858464891910552979e+02
3.880286023616790771e+02
3.900752732753753662e+02
3.920779690742492676e+02
3.941906206607818604e+02
3.963602926731109619e+02
3.984157743453979492e+02
4.004802412986755371e+02
4.024996769428253174e+02
4.045821580886840820e+02
4.066326158046722412e+02
4.087861473560333252e+02
4.108205935955047607e+02
4.128840610980987549e+02
4.149084999561309814e+02
4.169376881122589111e+02
4.189941804409027100e+02
4.210276196002960205e+02
4.230890851020812988e+02
4.251485490798950195e+02
4.272520446777343750e+02
