1.740558072924613953e-02
1.609195396304130554e-02
1.806239783763885498e-02
1.510673109441995621e-02
1.444991771131753922e-02
1.806239597499370575e-02
2.003284171223640442e-02
2.167487516999244690e-02
2.003283984959125519e-02
1.740558259189128876e-02
1.642036065459251404e-02
1.576354727149009705e-02
1.773398928344249725e-02
2.167487703263759613e-02
1.674876734614372253e-02
1.609195396304130554e-02
2.167487889528274536e-02
1.970443315804004669e-02
1.937602460384368896e-02
1.871921122074127197e-02
2.101806178689002991e-02
2.200328372418880463e-02
2.528735436499118805e-02
2.036124654114246368e-02
3.251231461763381958e-02
4.170771688222885132e-02
4.893267527222633362e-02
4.991789907217025757e-02
5.090311914682388306e-02
6.108374893665313721e-02
6.666667014360427856e-02
8.341543376445770264e-02
8.407224714756011963e-02
9.293924272060394287e-02
1.027914509177207947e-01
1.008210182189941406e-01
1.129720807075500488e-01
1.290640383958816528e-01
1.267651915550231934e-01
1.444991827011108398e-01
1.520525515079498291e-01
1.638752073049545288e-01
1.793103516101837158e-01
1.917898058891296387e-01
2.147783190011978149e-01
2.259441614151000977e-01
2.400656640529632568e-01
2.397372573614120483e-01
2.614121437072753906e-01
2.637110054492950439e-01
2.863711118698120117e-01
2.745484113693237305e-01
2.935960292816162109e-01
3.136288821697235107e-01
3.110016286373138428e-01
3.267651796340942383e-01
3.277503848075866699e-01
3.307060599327087402e-01
3.474548161029815674e-01
3.642035722732543945e-01
3.576354384422302246e-01
3.770114779472351074e-01
3.908045887947082520e-01
3.868636786937713623e-01
3.904761672019958496e-01
3.931034207344055176e-01
4.065681099891662598e-01
4.131362438201904297e-01
4.151066839694976807e-01
4.239737391471862793e-01
4.203611910343170166e-01
4.298850297927856445e-01
4.472905993461608887e-01
4.387520551681518555e-01
4.394088387489318848e-01
4.571428596973419189e-01
4.689655005931854248e-01
4.732347726821899414e-01
4.758620262145996094e-01
4.798028767108917236e-01
4.712643027305603027e-01
4.758620560169219971e-01
4.794745147228240967e-01
4.916255176067352295e-01
4.896551668643951416e-01
4.922823607921600342e-01
5.014778375625610352e-01
5.044334530830383301e-01
4.945812225341796875e-01
4.975369274616241455e-01
5.064039230346679688e-01
5.162560939788818359e-01
5.238094329833984375e-01
5.188833475112915039e-01
5.185549855232238770e-01
5.290639400482177734e-01
5.274219512939453125e-01
5.343185067176818848e-01
5.408866405487060547e-01
5.399014353752136230e-01
5.376025438308715820e-01
5.362889170646667480e-01
5.589490532875061035e-01
5.425286889076232910e-01
5.408866405487060547e-01
5.395730137825012207e-01
5.605911016464233398e-01
5.500820875167846680e-01
5.573070049285888672e-01
5.533661246299743652e-01
5.632182955741882324e-01
5.520524978637695312e-01
5.671592354774475098e-01
5.655171871185302734e-01
5.638751387596130371e-01
5.760262012481689453e-01
5.796387195587158203e-01
5.750409960746765137e-01
5.858784317970275879e-01
5.835795402526855469e-01
5.806239843368530273e-01
5.809522867202758789e-01
5.885056853294372559e-01
5.862068533897399902e-01
5.934318304061889648e-01
5.819375514984130859e-01
5.934317708015441895e-01
5.901477336883544922e-01
5.802955031394958496e-01
5.999999046325683594e-01
5.839079618453979492e-01
5.875204205513000488e-01
5.973727107048034668e-01
5.973726511001586914e-01
6.124794483184814453e-01
6.088668704032897949e-01
5.954022407531738281e-01
6.045976877212524414e-01
6.055828928947448730e-01
6.065681576728820801e-01
5.931033492088317871e-01
6.078817248344421387e-01
6.068965196609497070e-01
6.183907389640808105e-01
6.098521351814270020e-01
6.121509671211242676e-01
6.121510267257690430e-01
6.147782802581787109e-01
6.236452460289001465e-01
6.177339553833007812e-01
6.256157159805297852e-01
6.272577643394470215e-01
6.256156563758850098e-01
6.367815732955932617e-01
6.236452460289001465e-01
6.292281150817871094e-01
6.239736676216125488e-01
6.151067018508911133e-01
6.311985850334167480e-01
6.380952000617980957e-01
6.410508751869201660e-01
6.249588727951049805e-01
6.321838498115539551e-01
6.321837902069091797e-01
6.453201174736022949e-01
6.397371888160705566e-01
6.351394653320312500e-01
6.275861263275146484e-01
6.440064907073974609e-01
6.384235024452209473e-01
6.302133798599243164e-01
6.390804052352905273e-01
6.390804052352905273e-01
6.502462029457092285e-01
6.338258981704711914e-01
6.446632742881774902e-01
6.463053822517395020e-01
6.479473710060119629e-01
6.528735160827636719e-01
6.486041545867919922e-01
6.502462625503540039e-01
6.630541086196899414e-01
6.571427583694458008e-01
6.525450944900512695e-01
6.413791775703430176e-01
6.512314081192016602e-01
6.492609977722167969e-01
6.597700715065002441e-01
6.453200578689575195e-01
6.617405414581298828e-01
6.466337442398071289e-01
6.509030461311340332e-01
6.509030461311340332e-01
6.515598297119140625e-01
6.476189494132995605e-01
6.545155048370361328e-01
6.561574935913085938e-01
6.518882513046264648e-01
6.509030461311340332e-01
6.630541086196899414e-01
