1.674876734614372253e-02
1.609195396304130554e-02
1.182265952229499817e-02
1.871921122074127197e-02
1.871921308338642120e-02
1.970443502068519592e-02
1.412151195108890533e-02
1.576354727149009705e-02
1.280788145959377289e-02
1.412151008844375610e-02
1.412151101976633072e-02
1.773399114608764648e-02
1.510673202574253082e-02
1.707717590034008026e-02
1.576354727149009705e-02
1.773399114608764648e-02
1.740558445453643799e-02
1.313629001379013062e-02
1.609195396304130554e-02
1.412151101976633072e-02
1.707717403769493103e-02
1.740558259189128876e-02
1.609195396304130554e-02
1.609195396304130554e-02
1.970443315804004669e-02
1.674876920878887177e-02
1.674876734614372253e-02
1.707717590034008026e-02
1.313629001379013062e-02
2.266009710729122162e-02
1.707717590034008026e-02
2.134646847844123840e-02
1.740558445453643799e-02
1.904761791229248047e-02
1.937602646648883820e-02
1.444991864264011383e-02
1.477832440286874771e-02
1.609195396304130554e-02
1.609195396304130554e-02
1.937602646648883820e-02
1.773398928344249725e-02
1.576354540884494781e-02
1.806239597499370575e-02
1.642036065459251404e-02
1.477832533419132233e-02
1.576354727149009705e-02
1.806239597499370575e-02
1.444991771131753922e-02
1.543513964861631393e-02
1.773398928344249725e-02
1.642036251723766327e-02
1.674876734614372253e-02
1.609195582568645477e-02
1.740558259189128876e-02
1.806239597499370575e-02
1.642036065459251404e-02
1.609195396304130554e-02
1.642036065459251404e-02
1.642036065459251404e-02
1.412151101976633072e-02
1.674876920878887177e-02
1.674876734614372253e-02
1.543513964861631393e-02
1.871921308338642120e-02
1.970443315804004669e-02
1.839080452919006348e-02
2.003283984959125519e-02
1.904761791229248047e-02
2.430213615298271179e-02
2.430213429033756256e-02
2.200328372418880463e-02
2.495894767343997955e-02
3.973727673292160034e-02
3.908045589923858643e-02
4.991790279746055603e-02
5.353038012981414795e-02
6.765189021825790405e-02
6.535304337739944458e-02
8.111658692359924316e-02
9.261084347963333130e-02
1.018062382936477661e-01
1.201970428228378296e-01
1.221674829721450806e-01
1.339901536703109741e-01
1.448275893926620483e-01
1.563218384981155396e-01
1.638752073049545288e-01
1.865352988243103027e-01
1.937602609395980835e-01
2.003284096717834473e-01
2.223316878080368042e-01
2.413792908191680908e-01
2.449917942285537720e-01
2.702791392803192139e-01
2.653530240058898926e-01
2.745484411716461182e-01
2.958948910236358643e-01
2.988505661487579346e-01
3.172413408756256104e-01
3.215106725692749023e-01
3.339901566505432129e-01
3.323480784893035889e-01
3.471263945102691650e-01
3.576354682445526123e-01
3.674876689910888672e-01
3.875204920768737793e-01
3.753694593906402588e-01
3.931033909320831299e-01
3.954022526741027832e-01
4.262725710868835449e-01
4.108374118804931641e-01
4.019704163074493408e-01
4.141214787960052490e-01
4.206896126270294189e-01
4.203612208366394043e-01
4.328407049179077148e-01
4.417076706886291504e-01
4.472905695438385010e-01
4.417076706886291504e-01
4.597700834274291992e-01
4.407224953174591064e-01
4.581280648708343506e-01
4.650245904922485352e-01
4.669950604438781738e-01
4.646961688995361328e-01
4.791461229324340820e-01
4.814449548721313477e-01
4.906404018402099609e-01
4.975369274616241455e-01
4.903119504451751709e-01
5.014778375625610352e-01
4.995073676109313965e-01
4.972085356712341309e-01
5.100164413452148438e-01
5.044335126876831055e-01
5.087027549743652344e-01
5.106732249259948730e-01
5.152708888053894043e-01
5.277503728866577148e-01
5.238094329833984375e-01
5.247946977615356445e-01
5.234811305999755859e-01
5.155993103981018066e-01
5.303776264190673828e-01
5.418718457221984863e-01
5.435138940811157227e-01
5.369457602500915527e-01
5.418719053268432617e-01
5.543513298034667969e-01
5.415434241294860840e-01
5.638751387596130371e-01
5.599342584609985352e-01
5.569785833358764648e-01
5.612479448318481445e-01
5.556649565696716309e-01
5.645319819450378418e-01
5.605911016464233398e-01
5.576354265213012695e-01
5.559933781623840332e-01
5.619046688079833984e-01
5.727421045303344727e-01
5.704432725906372070e-01
5.724137425422668457e-01
5.809522867202758789e-01
5.825943350791931152e-01
5.776682496070861816e-01
5.957306623458862305e-01
5.668308138847351074e-01
5.809523463249206543e-01
5.980294942855834961e-01
5.789818763732910156e-01
5.931034088134765625e-01
5.931034088134765625e-01
5.954021811485290527e-01
5.894909501075744629e-01
5.954022407531738281e-01
5.999999642372131348e-01
5.970442891120910645e-01
5.904761552810668945e-01
5.967158675193786621e-01
6.006567478179931641e-01
6.059113144874572754e-01
6.039408445358276367e-01
6.075532436370849609e-01
6.088669300079345703e-01
6.055828332901000977e-01
6.167486906051635742e-01
6.013135910034179688e-01
6.121509671211242676e-01
6.059112548828125000e-01
6.160918474197387695e-01
6.206896305084228516e-01
6.137930750846862793e-01
6.220032572746276855e-01
6.206895709037780762e-01
6.075533032417297363e-01
6.206895709037780762e-01
6.292281746864318848e-01
6.098521351814270020e-01
6.285713315010070801e-01
