1.740558072924613953e-02
1.740558259189128876e-02
1.740558259189128876e-02
1.543514057993888855e-02
1.346469763666391373e-02
2.200328558683395386e-02
1.674876734614372253e-02
1.609195396304130554e-02
1.839080452919006348e-02
1.477832533419132233e-02
1.642036065459251404e-02
1.609195396304130554e-02
1.576354727149009705e-02
1.970443315804004669e-02
1.707717403769493103e-02
1.740558259189128876e-02
1.806239783763885498e-02
1.937602832913398743e-02
1.937602646648883820e-02
2.036124840378761292e-02
1.904761791229248047e-02
2.134646847844123840e-02
2.003283984959125519e-02
2.331691421568393707e-02
2.725779823958873749e-02
2.922824211418628693e-02
3.448275849223136902e-02
4.236453399062156677e-02
5.221674963831901550e-02
5.747126415371894836e-02
6.469622254371643066e-02
7.323480397462844849e-02
8.243021368980407715e-02
9.720852971076965332e-02
1.050903201103210449e-01
1.067323386669158936e-01
1.182265952229499817e-01
1.310344785451889038e-01
1.274220049381256104e-01
1.444991677999496460e-01
1.609195321798324585e-01
1.678160727024078369e-01
1.848932802677154541e-01
1.832512319087982178e-01
1.990147829055786133e-01
2.200328260660171509e-01
2.183908075094223022e-01
2.331691235303878784e-01
2.357963919639587402e-01
2.499178946018218994e-01
2.640393972396850586e-01
2.627257704734802246e-01
2.821018099784851074e-01
2.847290635108947754e-01
2.922824323177337646e-01
3.103448152542114258e-01
2.965517044067382812e-01
3.129720687866210938e-01
3.267651796340942383e-01
3.300492465496063232e-01
3.310344815254211426e-01
3.343185484409332275e-01
3.540229499340057373e-01
3.392446637153625488e-01
3.642036020755767822e-01
3.691296875476837158e-01
3.612479269504547119e-01
3.704433441162109375e-01
3.845648765563964844e-01
3.871921002864837646e-01
3.839080035686492920e-01
3.990147411823272705e-01
3.885057270526885986e-01
4.009852111339569092e-01
4.085385799407958984e-01
4.246304631233215332e-01
4.262725710868835449e-01
4.200327992439270020e-01
4.380952119827270508e-01
4.226600527763366699e-01
4.403940737247467041e-01
4.377667903900146484e-01
4.535303413867950439e-01
4.390804469585418701e-01
4.489326477050781250e-01
4.384236335754394531e-01
4.656814038753509521e-01
4.610837101936340332e-01
4.630541801452636719e-01
4.486042261123657227e-01
4.784893393516540527e-01
4.801313281059265137e-01
4.712643027305603027e-01
4.830870330333709717e-01
4.827585816383361816e-01
4.837438166141510010e-01
5.024629831314086914e-01
4.935960173606872559e-01
4.860426783561706543e-01
4.922824203968048096e-01
5.011493563652038574e-01
5.116584300994873047e-01
5.041050314903259277e-01
5.050902366638183594e-01
5.110015869140625000e-01
5.133004784584045410e-01
5.113300085067749023e-01
5.087027549743652344e-01
5.270935893058776855e-01
5.254515409469604492e-01
5.142856836318969727e-01
5.264367461204528809e-01
5.257799625396728516e-01
5.228242874145507812e-01
5.238094925880432129e-01
5.441707372665405273e-01
5.356321334838867188e-01
5.316912531852722168e-01
5.323480367660522461e-01
5.385878086090087891e-01
5.379309654235839844e-01
5.520524978637695312e-01
5.422003269195556641e-01
5.464695692062377930e-01
5.481116771697998047e-01
5.467979907989501953e-01
5.428571105003356934e-01
5.563217401504516602e-01
5.576354265213012695e-01
5.546798110008239746e-01
5.573070049285888672e-01
5.533661246299743652e-01
5.674877166748046875e-01
5.628899335861206055e-01
5.563217997550964355e-01
5.615763068199157715e-01
5.605911016464233398e-01
5.688012838363647461e-01
5.796386599540710449e-01
5.753694176673889160e-01
5.701148509979248047e-01
5.638751387596130371e-01
5.697864294052124023e-01
5.688012838363647461e-01
5.750409364700317383e-01
5.914613008499145508e-01
5.885056853294372559e-01
5.980295538902282715e-01
5.750409960746765137e-01
5.829228162765502930e-01
5.881773233413696289e-01
5.802954435348510742e-01
5.753693580627441406e-01
5.881772637367248535e-01
5.908045172691345215e-01
5.829226970672607422e-01
5.954021811485290527e-01
6.065680384635925293e-01
5.963874459266662598e-01
6.016419529914855957e-01
5.954022407531738281e-01
6.019703745841979980e-01
5.967158675193786621e-01
6.013135910034179688e-01
6.121510267257690430e-01
6.016420125961303711e-01
6.042692065238952637e-01
6.059112548828125000e-01
6.055828332901000977e-01
6.006567478179931641e-01
6.128078103065490723e-01
6.029555797576904297e-01
6.026271581649780273e-01
6.197043657302856445e-01
6.183907389640808105e-01
6.114941835403442383e-01
6.144499182701110840e-01
6.049260497093200684e-01
6.259441375732421875e-01
6.154350042343139648e-01
6.121509671211242676e-01
6.331690549850463867e-01
6.187191009521484375e-01
6.256157159805297852e-01
6.256156563758850098e-01
6.216748356819152832e-01
6.154350638389587402e-01
6.180622577667236328e-01
6.193759441375732422e-01
6.272577047348022461e-01
6.206896305084228516e-01
6.295565962791442871e-01
6.288997530937194824e-01
6.137930750846862793e-01
6.325122117996215820e-01
6.236451864242553711e-01
6.262725591659545898e-01
6.200327873229980469e-01
6.239736676216125488e-01
6.341542005538940430e-01
