1.360966682434082031e+00
2.683911085128784180e+00
4.042876720428466797e+00
5.360312223434448242e+00
6.674746513366699219e+00
7.965663671493530273e+00
9.246073007583618164e+00
1.054799771308898926e+01
1.186293220520019531e+01
1.318387079238891602e+01
1.449279975891113281e+01
1.580273079872131348e+01
1.710315442085266113e+01
1.844610905647277832e+01
1.971701145172119141e+01
2.101393294334411621e+01
2.232936835289001465e+01
2.361678218841552734e+01
2.493221664428710938e+01
2.624164676666259766e+01
2.757609486579895020e+01
2.891704702377319336e+01
3.021797132492065430e+01
3.153941059112548828e+01
3.287736082077026367e+01
3.421981453895568848e+01
3.554375481605529785e+01
3.691322779655456543e+01
3.824017024040222168e+01
3.957611966133117676e+01
4.088655042648315430e+01
4.224151396751403809e+01
4.356145119667053223e+01
4.490290403366088867e+01
4.623735165596008301e+01
4.755278635025024414e+01
4.885621237754821777e+01
5.018115353584289551e+01
5.151360607147216797e+01
5.283854746818542480e+01
5.412546157836914062e+01
5.545490622520446777e+01
5.679485797882080078e+01
5.812180018424987793e+01
5.943573427200317383e+01
6.086424875259399414e+01
6.216567349433898926e+01
6.356716942787170410e+01
6.489211082458496094e+01
6.619903850555419922e+01
6.756450867652893066e+01
6.888344550132751465e+01
7.021539187431335449e+01
7.152732396125793457e+01
7.285426664352416992e+01
7.418371105194091797e+01
7.555218315124511719e+01
7.688212871551513672e+01
7.822007870674133301e+01
7.956603455543518066e+01
8.087648034095764160e+01
8.221992015838623047e+01
8.354436111450195312e+01
8.487482547760009766e+01
8.625930905342102051e+01
8.767831754684448242e+01
8.916488814353942871e+01
9.053436136245727539e+01
9.188882303237915039e+01
9.320475792884826660e+01
9.453520298004150391e+01
9.588866448402404785e+01
9.721210432052612305e+01
9.853354358673095703e+01
9.986649036407470703e+01
1.011969356536865234e+02
1.025493960380554199e+02
1.038678331375122070e+02
1.052252974510192871e+02
1.065667502880096436e+02
1.078861877918243408e+02
1.092211365699768066e+02
1.105655915737152100e+02
1.119065437316894531e+02
1.132384903430938721e+02
1.145909512042999268e+02
1.159263997077941895e+02
1.172708547115325928e+02
1.186438300609588623e+02
1.199607656002044678e+02
1.212837054729461670e+02
1.226121492385864258e+02
1.239526011943817139e+02
1.252945547103881836e+02
1.266319978237152100e+02
1.279614424705505371e+02
1.292933881282806396e+02
1.306553561687469482e+02
1.319712922573089600e+02
1.333107421398162842e+02
1.346652047634124756e+02
1.360181658267974854e+02
1.373616199493408203e+02
1.387235879898071289e+02
1.400830533504486084e+02
1.414490237236022949e+02
1.427814705371856689e+02
1.441834666728973389e+02
1.455104091167449951e+02
1.468733773231506348e+02
1.482143306732177734e+02
1.495442750453948975e+02
1.509467709064483643e+02
1.523152430057525635e+02
1.536697061061859131e+02
1.550466837882995605e+02
1.563996448516845703e+02
1.577481026649475098e+02
1.590670397281646729e+02
1.604405155181884766e+02
1.617809679508209229e+02
1.631344294548034668e+02
1.644663758277893066e+02
1.658168351650238037e+02
1.671297676563262939e+02
1.684907343387603760e+02
1.698406934738159180e+02
1.711506242752075195e+02
1.724935779571533203e+02
1.738280258178710938e+02
1.751289503574371338e+02
1.768021392822265625e+02
1.782166438102722168e+02
1.795981252193450928e+02
1.809505865573883057e+02
1.823195586204528809e+02
1.838241271972656250e+02
1.852626497745513916e+02
1.869473552703857422e+02
1.884499223232269287e+02
1.898489162921905518e+02
1.912018771171569824e+02
1.925483343601226807e+02
1.939868562221527100e+02
1.953173012733459473e+02
1.966587543487548828e+02
1.979886991977691650e+02
1.994217169284820557e+02
2.007681739330291748e+02
2.021236362457275391e+02
2.034831018447875977e+02
2.048255555629730225e+02
2.061494965553283691e+02
2.075164675712585449e+02
2.088459117412567139e+02
2.102394020557403564e+02
2.116013693809509277e+02
2.129413216114044189e+02
2.142992877960205078e+02
2.156297311782836914e+02
2.169701826572418213e+02
2.183261463642120361e+02
2.196475858688354492e+02
2.210876080989837646e+02
2.224400696754455566e+02
2.238110439777374268e+02
2.251735107898712158e+02
2.265159645080566406e+02
2.278547842502593994e+02
2.291962378025054932e+02
2.305417020320892334e+02
2.319492020606994629e+02
2.333702118396759033e+02
2.346971545219421387e+02
2.360356125831604004e+02
2.374020831584930420e+02
2.387945721149444580e+02
2.402631154060363770e+02
2.417331602573394775e+02
2.432682502269744873e+02
2.446272153854370117e+02
2.460137009620666504e+02
2.476078333854675293e+02
2.489487862586975098e+02
2.503908245563507080e+02
2.517267589569091797e+02
2.533354024887084961e+02
2.547168838977813721e+02
2.560743479728698730e+02
2.575288813114166260e+02
2.588948512077331543e+02
2.603613932132720947e+02
2.617263636589050293e+02
2.630357930660247803e+02
2.644022638797760010e+02
2.658112659454345703e+02
2.671907613277435303e+02
2.685477252006530762e+02
2.698991851806640625e+02
2.712316317558288574e+02
