1.737734794616699219e+00
3.389408111572265625e+00
5.008057594299316406e+00
6.620703458786010742e+00
8.220840215682983398e+00
9.836015462875366211e+00
1.144565796852111816e+01
1.306330680847167969e+01
1.466444468498229980e+01
1.626658248901367188e+01
1.788673353195190430e+01
1.951939392089843750e+01
2.111953043937683105e+01
2.274268341064453125e+01
2.434031891822814941e+01
2.595196342468261719e+01
2.758462309837341309e+01
2.918526005744934082e+01
3.079140090942382812e+01
3.241955828666687012e+01
3.403620648384094238e+01
3.563634276390075684e+01
3.726650094985961914e+01
3.887314271926879883e+01
4.050630283355712891e+01
4.212545275688171387e+01
4.374360275268554688e+01
4.533523321151733398e+01
4.695388293266296387e+01
4.857553529739379883e+01
5.020219111442565918e+01
5.183184862136840820e+01
5.346751070022583008e+01
5.506214451789855957e+01
5.671281599998474121e+01
5.835199546813964844e+01
5.997063040733337402e+01
6.159978795051574707e+01
6.320692968368530273e+01
6.487261295318603516e+01
6.649326395988464355e+01
6.823800349235534668e+01
6.987916898727416992e+01
7.150032114982604980e+01
7.314899277687072754e+01
7.475363254547119141e+01
7.636677885055541992e+01
7.799993848800659180e+01
7.964760947227478027e+01
8.124974751472473145e+01
8.286389422416687012e+01
8.447153615951538086e+01
8.611270213127136230e+01
8.772985124588012695e+01
8.939453363418579102e+01
9.103870105743408203e+01
9.267687225341796875e+01
9.431053185462951660e+01
9.594469285011291504e+01
9.757935476303100586e+01
9.919850444793701172e+01
1.008276617527008057e+02
1.024588205814361572e+02
1.040639612674713135e+02
1.056896386146545410e+02
1.073608257770538330e+02
1.091676094532012939e+02
1.110044150352478027e+02
1.128987677097320557e+02
1.145714559555053711e+02
1.162911779880523682e+02
1.179483549594879150e+02
1.196380560398101807e+02
1.212852253913879395e+02
1.229589140415191650e+02
1.246090865135192871e+02
1.262552559375762939e+02
1.278844141960144043e+02
1.295546002388000488e+02
1.312042722702026367e+02
1.329730288982391357e+02
1.346622283458709717e+02
1.363114001750946045e+02
1.380016007423400879e+02
1.396317591667175293e+02
1.412629177570343018e+02
1.429070854187011719e+02
1.445912821292877197e+02
1.462924909591674805e+02
1.479506690502166748e+02
1.495868315696716309e+02
1.512510128021240234e+02
1.529497199058532715e+02
1.545863826274871826e+02
1.562000286579132080e+02
1.578707158565521240e+02
1.594803600311279297e+02
1.611525473594665527e+02
1.627897102832794189e+02
1.644393820762634277e+02
1.661701118946075439e+02
1.678303146362304688e+02
1.694749829769134521e+02
1.711746971607208252e+02
1.728618957996368408e+02
1.745275785923004150e+02
1.761357226371765137e+02
1.778054082393646240e+02
1.794510774612426758e+02
1.811512849330902100e+02
1.827914495468139648e+02
1.844421224594116211e+02
1.861293430328369141e+02
1.877840030193328857e+02
1.894276707172393799e+02
1.910778427124023438e+02
1.927715456485748291e+02
1.944457352161407471e+02
1.960979089736938477e+02
1.977570879459381104e+02
1.994392824172973633e+02
2.011765165328979492e+02
2.028096768856048584e+02
2.044543457031250000e+02
2.061245315074920654e+02
2.077762053012847900e+02
2.094563994407653809e+02
2.110845558643341064e+02
2.127237203121185303e+02
2.143653857707977295e+02
2.160245649814605713e+02
2.177262737751007080e+02
2.193624360561370850e+02
2.210701491832733154e+02
2.227723584175109863e+02
2.244995858669281006e+02
2.262032954692840576e+02
2.278904950618743896e+02
2.295546767711639404e+02
2.312679011821746826e+02
2.329581019878387451e+02
2.346002688407897949e+02
2.362484395503997803e+02
2.379016332626342773e+02
2.395778336524963379e+02
2.413000571727752686e+02
2.429687666893005371e+02
2.446259438991546631e+02
2.462981319427490234e+02
2.479893333911895752e+02
2.497620925903320312e+02
2.514597988128662109e+02
2.531650295257568359e+02
2.548217060565948486e+02
2.564999222755432129e+02
2.581616013050079346e+02
2.598498008251190186e+02
2.615134830474853516e+02
2.631706600189208984e+02
2.648138275146484375e+02
2.664955222606658936e+02
2.681587033271789551e+02
2.698323926925659180e+02
2.714885690212249756e+02
2.732253029346466064e+02
2.748649678230285645e+02
2.765371563434600830e+02
2.782268564701080322e+02
2.798775284290313721e+02
2.815206961631774902e+02
2.832063934803009033e+02
2.849021131992340088e+02
2.866263375282287598e+02
2.882795140743255615e+02
2.899782187938690186e+02
2.916253893375396729e+02
2.933511149883270264e+02
2.950092930793762207e+02
2.966679716110229492e+02
2.983477108478546143e+02
3.000098910331726074e+02
3.016730728149414062e+02
3.033162400722503662e+02
3.050609796047210693e+02
3.067101511955261230e+02
3.083828396797180176e+02
3.100390160083770752e+02
3.117352213859558105e+02
3.134109120368957520e+02
3.150640861988067627e+02
3.167327711582183838e+02
3.184930214881896973e+02
3.201542019844055176e+02
3.218754246234893799e+02
3.235195927619934082e+02
3.252548248767852783e+02
3.270335891246795654e+02
3.286897656917572021e+02
3.303704602718353271e+02
3.320436484813690186e+02
