1.637663602828979492e+00
3.155242204666137695e+00
4.631289720535278320e+00
6.122849225997924805e+00
7.613909006118774414e+00
9.123981952667236328e+00
1.063255381584167480e+01
1.215713667869567871e+01
1.366220641136169434e+01
1.518178510665893555e+01
1.670336627960205078e+01
1.820893549919128418e+01
1.973301863670349121e+01
2.125510001182556152e+01
2.273214840888977051e+01
2.427424430847167969e+01
2.576880621910095215e+01
2.729689145088195801e+01
2.880346202850341797e+01
3.030803108215332031e+01
3.182010483741760254e+01
3.333067798614501953e+01
3.486476826667785645e+01
3.639185309410095215e+01
3.790792989730834961e+01
3.940299224853515625e+01
4.096059846878051758e+01
4.248568153381347656e+01
4.401076555252075195e+01
4.556136775016784668e+01
4.707694363594055176e+01
4.860152626037597656e+01
5.008057713508605957e+01
5.159965729713439941e+01
5.309622001647949219e+01
5.458627820014953613e+01
5.610035395622253418e+01
5.763894677162170410e+01
5.915752553939819336e+01
6.067710542678833008e+01
6.217667078971862793e+01
6.373227524757385254e+01
6.524235391616821289e+01
6.676843810081481934e+01
6.832654547691345215e+01
6.984812617301940918e+01
7.138021397590637207e+01
7.288928651809692383e+01
7.442137479782104492e+01
7.592744493484497070e+01
7.746853995323181152e+01
7.899912643432617188e+01
8.052771282196044922e+01
8.202777886390686035e+01
8.352334189414978027e+01
8.507744455337524414e+01
8.662754821777343750e+01
8.814512443542480469e+01
8.967671346664428711e+01
9.119979429244995117e+01
9.271908736228942871e+01
9.425868129730224609e+01
9.577776074409484863e+01
9.729633927345275879e+01
9.885647320747375488e+01
1.003930654525756836e+02
1.019316577911376953e+02
1.034342262744903564e+02
1.049648129940032959e+02
1.064953997135162354e+02
1.080555083751678467e+02
1.097126858234405518e+02
1.112377693653106689e+02
1.127513442039489746e+02
1.142704303264617920e+02
1.158230330944061279e+02
1.173821408748626709e+02
1.189227349758148193e+02
1.204808425903320312e+02
1.220479555130004883e+02
1.236040611267089844e+02
1.252036974430084229e+02
1.267482941150665283e+02
1.282623703479766846e+02
1.297709419727325439e+02
1.313175446987152100e+02
1.328566384315490723e+02
1.343992338180541992e+02
1.359363265037536621e+02
1.374248836040496826e+02
1.389229476451873779e+02
1.404910616874694824e+02
1.420236504077911377e+02
1.435732514858245850e+02
1.451308581829071045e+02
1.466244192123413086e+02
1.481840267181396484e+02
1.497311267852783203e+02
1.513342645168304443e+02
1.528618495464324951e+02
1.544079480171203613e+02
1.559530467987060547e+02
1.574991447925567627e+02
1.590292313098907471e+02
1.605898416042327881e+02
1.621014137268066406e+02
1.636470127105712891e+02
1.651956119537353516e+02
1.667517170906066895e+02
1.683043456077575684e+02
1.698144180774688721e+02
1.713470067977905273e+02
1.728961071968078613e+02
1.744237043857574463e+02
1.759713037014007568e+02
1.775068945884704590e+02
1.790269749164581299e+02
1.805690698623657227e+02
1.821176939010620117e+02
1.836612911224365234e+02
1.852289044857025146e+02
1.867609925270080566e+02
1.882955830097198486e+02
1.898241682052612305e+02
1.913822755813598633e+02
1.928838429450988770e+02
1.943964169025421143e+02
1.959345095157623291e+02
1.974906148910522461e+02
1.990527248382568359e+02
2.005968220233917236e+02
2.021229059696197510e+02
2.036760094165802002e+02
2.052341156005859375e+02
2.067832164764404297e+02
2.083198082447052002e+02
2.098569002151489258e+02
2.113819832801818848e+02
2.129420914649963379e+02
2.145132081508636475e+02
2.160422940254211426e+02
2.175833892822265625e+02
2.191029686927795410e+02
2.206445634365081787e+02
2.221651434898376465e+02
2.237449193000793457e+02
2.252755064964294434e+02
2.267980890274047852e+02
2.283551945686340332e+02
2.299188055992126465e+02
2.314513940811157227e+02
2.330130035877227783e+02
2.345561001300811768e+02
2.361167085170745850e+02
2.376507980823516846e+02
2.391958961486816406e+02
2.407580056190490723e+02
2.423276212215423584e+02
2.438732185363769531e+02
2.453777875900268555e+02
2.469303901195526123e+02
2.485845663547515869e+02
2.502007329463958740e+02
2.517598404884338379e+02
2.533139450550079346e+02
2.548630456924438477e+02
2.564111449718475342e+02
2.579677515029907227e+02
2.595118482112884521e+02
2.610809626579284668e+02
2.626465747356414795e+02
2.642261977195739746e+02
2.658023169040679932e+02
2.673319036960601807e+02
2.688975157737731934e+02
2.704506189823150635e+02
2.719752023220062256e+02
2.735428154468536377e+02
2.751054260730743408e+02
2.766750409603118896e+02
2.782146341800689697e+02
2.797672374248504639e+02
2.813378536701202393e+02
2.828734440803527832e+02
2.844380559921264648e+02
2.859891576766967773e+02
2.875307531356811523e+02
2.891043713092803955e+02
2.906634783744812012e+02
2.922195837497711182e+02
2.937841954231262207e+02
2.953503081798553467e+02
2.969219243526458740e+02
2.984805314540863037e+02
3.000341355800628662e+02
3.015897405147552490e+02
3.031293339729309082e+02
3.047329735755920410e+02
3.062865772247314453e+02
3.078436830043792725e+02
