1.379310432821512222e-02
1.674876920878887177e-02
1.707717590034008026e-02
1.543513871729373932e-02
1.773398928344249725e-02
1.970443502068519592e-02
2.331691235303878784e-02
1.740558445453643799e-02
2.003283984959125519e-02
1.937602646648883820e-02
2.397372946143150330e-02
2.266009896993637085e-02
1.839080452919006348e-02
2.068965695798397064e-02
2.266009896993637085e-02
2.660098299384117126e-02
2.758620679378509521e-02
2.627258002758026123e-02
3.152709454298019409e-02
3.218390792608261108e-02
3.973727300763130188e-02
4.761904478073120117e-02
4.794745519757270813e-02
5.911330133676528931e-02
7.060755044221878052e-02
7.290640473365783691e-02
8.407224714756011963e-02
9.359605610370635986e-02
1.077175661921501160e-01
1.185550093650817871e-01
1.244663372635841370e-01
1.300492584705352783e-01
1.533661782741546631e-01
1.658456474542617798e-01
1.730705946683883667e-01
1.911329925060272217e-01
2.078817784786224365e-01
2.338259369134902954e-01
2.426929175853729248e-01
2.571428418159484863e-01
2.722495794296264648e-01
2.791461348533630371e-01
2.942528724670410156e-01
3.133004605770111084e-01
3.234811127185821533e-01
3.323481380939483643e-01
3.415434956550598145e-01
3.474548161029815674e-01
3.727421760559082031e-01
3.704433441162109375e-01
3.901477754116058350e-01
3.986863195896148682e-01
3.973726928234100342e-01
4.279145896434783936e-01
4.288998246192932129e-01
4.288998246192932129e-01
4.459769725799560547e-01
4.354679584503173828e-01
4.459770023822784424e-01
4.486042261123657227e-01
4.715927243232727051e-01
4.683086872100830078e-01
4.706075489521026611e-01
4.850574433803558350e-01
4.791460931301116943e-01
4.883415102958679199e-01
4.853858947753906250e-01
4.991789460182189941e-01
5.054186582565307617e-01
5.041050910949707031e-01
4.995073974132537842e-01
5.119868516921997070e-01
5.353037118911743164e-01
5.346469283103942871e-01
5.356321334838867188e-01
5.349752902984619141e-01
5.474547743797302246e-01
5.323480963706970215e-01
5.356321334838867188e-01
5.540229082107543945e-01
5.379309654235839844e-01
5.510672926902770996e-01
5.612479448318481445e-01
5.648603439331054688e-01
5.658455491065979004e-01
5.773397684097290039e-01
5.737273693084716797e-01
5.779966711997985840e-01
5.671592354774475098e-01
5.638751387596130371e-01
5.858784317970275879e-01
5.783250927925109863e-01
5.776682496070861816e-01
5.839079618453979492e-01
5.891624689102172852e-01
5.934318304061889648e-01
5.852215886116027832e-01
6.036124229431152344e-01
6.078817248344421387e-01
6.154351234436035156e-01
6.006567478179931641e-01
5.990146994590759277e-01
6.203611493110656738e-01
6.022988557815551758e-01
5.980294942855834961e-01
6.098521947860717773e-01
6.206896305084228516e-01
6.239736080169677734e-01
6.216747760772705078e-01
6.243020296096801758e-01
6.220032572746276855e-01
6.325122714042663574e-01
6.311985850334167480e-01
6.246304512023925781e-01
6.282429099082946777e-01
6.262724995613098145e-01
6.384235620498657227e-01
6.249588727951049805e-01
6.239736676216125488e-01
6.341543197631835938e-01
6.374383568763732910e-01
6.456485986709594727e-01
6.384235620498657227e-01
6.449917554855346680e-01
6.463053226470947266e-01
6.420360803604125977e-01
6.351395249366760254e-01
6.456484794616699219e-01
6.482758522033691406e-01
6.436780691146850586e-01
6.463052630424499512e-01
6.538587212562561035e-01
6.463053226470947266e-01
6.574711799621582031e-01
6.623973250389099121e-01
6.712642908096313477e-01
6.574711799621582031e-01
6.492610573768615723e-01
6.558291912078857422e-01
6.532018780708312988e-01
6.692938804626464844e-01
6.617404818534851074e-01
6.637108922004699707e-01
6.673233509063720703e-01
6.729063391685485840e-01
6.456485390663146973e-01
6.656813621520996094e-01
6.732347607612609863e-01
6.722494959831237793e-01
6.827585697174072266e-01
6.715927124023437500e-01
6.702790260314941406e-01
6.863709688186645508e-01
6.706074476242065430e-01
6.686370372772216797e-01
6.821017265319824219e-01
6.804596781730651855e-01
6.748767495155334473e-01
6.794744729995727539e-01
6.748767495155334473e-01
6.738915443420410156e-01
6.896550655364990234e-01
6.807880401611328125e-01
6.883414387702941895e-01
6.958947777748107910e-01
6.837437748908996582e-01
6.837437748908996582e-01
6.863710284233093262e-01
6.932675838470458984e-01
6.857142448425292969e-01
6.817733049392700195e-01
6.834154129028320312e-01
6.912971138954162598e-01
6.939243674278259277e-01
6.978652477264404297e-01
6.880130767822265625e-01
6.939243674278259277e-01
6.919539570808410645e-01
6.886698603630065918e-01
7.008209228515625000e-01
6.995073556900024414e-01
6.942527890205383301e-01
7.024629116058349609e-01
7.004926204681396484e-01
7.027913331985473633e-01
7.077175378799438477e-01
6.991788148880004883e-01
7.027913331985473633e-01
6.962232589721679688e-01
6.981936693191528320e-01
7.037765979766845703e-01
6.949096322059631348e-01
6.975368261337280273e-01
7.054185867309570312e-01
7.067322134971618652e-01
7.087026834487915039e-01
6.972084045410156250e-01
7.060754895210266113e-01
7.172412872314453125e-01
7.041049599647521973e-01
