5.017064332962036133e+00
9.802964687347412109e+00
1.372631859779357910e+01
1.742694711685180664e+01
2.106002759933471680e+01
2.555922412872314453e+01
2.984626960754394531e+01
3.385811924934387207e+01
3.710992908477783203e+01
4.056688499450683594e+01
4.429853630065917969e+01
4.869866275787353516e+01
5.273102712631225586e+01
5.637461757659912109e+01
6.054758810997009277e+01
6.383642315864562988e+01
6.752054047584533691e+01
7.137928175926208496e+01
7.535910868644714355e+01
7.888211178779602051e+01
8.331225919723510742e+01
8.713397407531738281e+01
9.065747737884521484e+01
9.455174326896667480e+01
9.944421911239624023e+01
1.041485612392425537e+02
1.082119479179382324e+02
1.127281572818756104e+02
1.169361453056335449e+02
1.206242656707763672e+02
1.243048803806304932e+02
1.288391017913818359e+02
1.326818313598632812e+02
1.373646585941314697e+02
1.409847400188446045e+02
1.448214654922485352e+02
1.482438967227935791e+02
1.520996527671813965e+02
1.556942057609558105e+02
1.595234267711639404e+02
1.631379940509796143e+02
1.666644995212554932e+02
1.706303172111511230e+02
1.746021404266357422e+02
1.784113450050354004e+02
1.823411366939544678e+02
1.868733561038970947e+02
1.917748546600341797e+02
1.976074976921081543e+02
2.021149103641510010e+02
2.074727168083190918e+02
2.124332494735717773e+02
2.198089976310729980e+02
2.268995423316955566e+02
2.316869423389434814e+02
2.376666908264160156e+02
2.506334128379821777e+02
2.583890016078948975e+02
2.668199913501739502e+02
2.738840098381042480e+02
2.808834819793701172e+02
2.858995451927185059e+02
2.902491359710693359e+02
2.948924334049224854e+02
2.998494551181793213e+02
3.041615190505981445e+02
3.085541393756866455e+02
3.131223843097686768e+02
3.174209377765655518e+02
3.217440090179443359e+02
3.260905969142913818e+02
3.305152401924133301e+02
3.355813398361206055e+02
3.412113392353057861e+02
3.458961668014526367e+02
3.504494013786315918e+02
3.551892693042755127e+02
3.608998267650604248e+02
3.662891547679901123e+02
3.727367351055145264e+02
3.777858228683471680e+02
3.836384794712066650e+02
3.900450310707092285e+02
3.953538026809692383e+02
4.016802968978881836e+02
4.080708365440368652e+02
4.151873919963836670e+02
4.223329687118530273e+02
4.293324413299560547e+02
4.358375620841979980e+02
4.418448293209075928e+02
4.496583805084228516e+02
4.568084602355957031e+02
4.636207988262176514e+02
4.696976168155670166e+02
4.771809327602386475e+02
4.827839136123657227e+02
4.915361311435699463e+02
4.974558360576629639e+02
5.025999906063079834e+02
5.089244842529296875e+02
5.145529818534851074e+02
5.192673308849334717e+02
5.255703084468841553e+02
5.297923078536987305e+02
5.346232402324676514e+02
5.394296543598175049e+02
5.437452206611633301e+02
5.484235439300537109e+02
5.527841413021087646e+02
5.587128536701202393e+02
5.669727218151092529e+02
5.712342495918273926e+02
5.755257978439331055e+02
5.798163454532623291e+02
5.841028909683227539e+02
5.892620563507080078e+02
5.939173636436462402e+02
5.990445058345794678e+02
6.047995941638946533e+02
6.096670527458190918e+02
6.166520142555236816e+02
6.208680090904235840e+02
6.247627758979797363e+02
6.290027880668640137e+02
6.333678891658782959e+02
6.395222613811492920e+02
6.456210937500000000e+02
6.507807598114013672e+02
6.559754498004913330e+02
6.603880848884582520e+02
6.651719923019409180e+02
6.694840557575225830e+02
6.740327873229980469e+02
6.785344848632812500e+02
6.828540849685668945e+02
6.871496360301971436e+02
6.913526220321655273e+02
6.955816268920898438e+02
6.998006234169006348e+02
7.042637941837310791e+02
7.097707064151763916e+02
7.142834129333496094e+02
7.187325727939605713e+02
7.230731563568115234e+02
7.276018738746643066e+02
7.321941361427307129e+02
7.365422253608703613e+02
7.409983906745910645e+02
7.453544859886169434e+02
7.496400299072265625e+02
7.539380850791931152e+02
7.583847429752349854e+02
7.626722881793975830e+02
7.668412504196166992e+02
7.713299384117126465e+02
7.760192711353302002e+02
7.807661421298980713e+02
7.856471099853515625e+02
7.902778995037078857e+02
7.948561518192291260e+02
7.990411250591278076e+02
8.032416093349456787e+02
8.089476625919342041e+02
8.168452725410461426e+02
8.234794867038726807e+02
8.288818240165710449e+02
8.352863740921020508e+02
8.409754152297973633e+02
8.457443029880523682e+02
8.513878118991851807e+02
8.557008767127990723e+02
8.610521783828735352e+02
8.680341379642486572e+02
8.725643613338470459e+02
8.768504064083099365e+02
8.810784101486206055e+02
8.854144904613494873e+02
8.904310550689697266e+02
8.949972984790802002e+02
8.995495316982269287e+02
9.039466562271118164e+02
9.097242608070373535e+02
9.153317570686340332e+02
9.219574623107910156e+02
9.262219920158386230e+02
9.307356986999511719e+02
9.351143090724945068e+02
9.400428102016448975e+02
9.471788804531097412e+02
9.524186031818389893e+02
9.570273773670196533e+02
9.632427916526794434e+02
9.687472028732299805e+02
9.735876410007476807e+02
9.786022036075592041e+02
9.842482149600982666e+02
9.895594873428344727e+02
9.941722640991210938e+02
1.000431711435317993e+03
