8.185460090637207031e+00
1.341941452026367188e+01
1.685407114028930664e+01
2.064024710655212402e+01
2.460356211662292480e+01
2.794228291511535645e+01
3.130201268196105957e+01
3.469857358932495117e+01
3.772228264808654785e+01
4.058747863769531250e+01
4.350897502899169922e+01
4.641441941261291504e+01
4.935059380531311035e+01
5.226189136505126953e+01
5.518692564964294434e+01
5.826746511459350586e+01
6.120791912078857422e+01
6.416798377037048340e+01
6.717182278633117676e+01
7.009734487533569336e+01
7.307342839241027832e+01
7.600905108451843262e+01
7.921702766418457031e+01
8.252691006660461426e+01
8.571953344345092773e+01
9.036902713775634766e+01
9.753511810302734375e+01
1.085089137554168701e+02
1.157974901199340820e+02
1.196051170825958252e+02
1.235649294853210449e+02
1.271950085163116455e+02
1.310204186439514160e+02
1.340809805393218994e+02
1.371290543079376221e+02
1.400790381431579590e+02
1.431175539493560791e+02
1.461969823837280273e+02
1.492618699073791504e+02
1.523184676170349121e+02
1.552953302860260010e+02
1.582374100685119629e+02
1.611596703529357910e+02
1.643559107780456543e+02
1.673550772666931152e+02
1.704260442256927490e+02
1.737300541400909424e+02
1.768154218196868896e+02
1.804752213954925537e+02
1.849514400959014893e+02
1.923236896991729736e+02
2.029368054866790771e+02
2.069691593647003174e+02
2.108892755508422852e+02
2.148141694068908691e+02
2.182896387577056885e+02
2.219317257404327393e+02
2.254988737106323242e+02
2.293830702304840088e+02
2.333863880634307861e+02
2.365055174827575684e+02
2.397289438247680664e+02
2.428330316543579102e+02
2.479374995231628418e+02
2.521328790187835693e+02
2.561069848537445068e+02
2.591958472728729248e+02
2.626188631057739258e+02
2.660296607017517090e+02
2.691277754306793213e+02
2.722440493106842041e+02
2.766107323169708252e+02
2.799748873710632324e+02
2.837003102302551270e+02
2.873418691158294678e+02
2.911364352703094482e+02
2.944564921855926514e+02
2.982055573463439941e+02
3.015795104503631592e+02
3.048615047931671143e+02
3.079875311851501465e+02
3.113820469379425049e+02
3.146268653869628906e+02
3.178149836063385010e+02
3.210305714607238770e+02
3.243995785713195801e+02
3.280566928386688232e+02
3.312110087871551514e+02
3.342482907772064209e+02
3.373603539466857910e+02
3.405149459838867188e+02
3.443807947635650635e+02
3.481574244499206543e+02
3.518034746646881104e+02
3.555756208896636963e+02
3.611315674781799316e+02
3.660000262260437012e+02
3.703441123962402344e+02
3.754453558921813965e+02
3.802133960723876953e+02
3.853275609016418457e+02
3.905938096046447754e+02
3.954052276611328125e+02
4.010122632980346680e+02
4.070799570083618164e+02
4.109460530281066895e+02
4.149367721080780029e+02
4.194585387706756592e+02
4.243073461055755615e+02
4.275449695587158203e+02
4.315126709938049316e+02
4.349042367935180664e+02
4.396326131820678711e+02
4.435252156257629395e+02
4.475531783103942871e+02
4.521817331314086914e+02
4.561485600471496582e+02
4.601040716171264648e+02
4.643205265998840332e+02
4.684259052276611328e+02
4.723918130397796631e+02
4.764495100975036621e+02
4.799825861454010010e+02
4.837713668346405029e+02
4.888439912796020508e+02
4.929749860763549805e+02
4.966819386482238770e+02
4.998759858608245850e+02
5.032146503925323486e+02
5.065134634971618652e+02
5.106087896823883057e+02
5.157858743667602539e+02
5.198100969791412354e+02
5.252367796897888184e+02
5.351898989677429199e+02
5.423411974906921387e+02
5.494504485130310059e+02
5.625002396106719971e+02
5.688832724094390869e+02
5.752608032226562500e+02
5.786594648361206055e+02
5.829822669029235840e+02
5.889637269973754883e+02
5.925657036304473877e+02
5.958009722232818604e+02
5.989377582073211670e+02
6.025407726764678955e+02
6.064189007282257080e+02
6.110415556430816650e+02
6.152810902595520020e+02
6.205038647651672363e+02
6.242594661712646484e+02
6.275161745548248291e+02
6.309164450168609619e+02
6.341009690761566162e+02
6.371349203586578369e+02
6.407313358783721924e+02
6.440700600147247314e+02
6.474244217872619629e+02
6.537053203582763672e+02
6.622514927387237549e+02
6.655962045192718506e+02
6.686064667701721191e+02
6.720934534072875977e+02
6.753450236320495605e+02
6.785963807106018066e+02
6.834159827232360840e+02
6.936234104633331299e+02
7.071219999790191650e+02
7.135115396976470947e+02
7.214739587306976318e+02
7.284696755409240723e+02
7.338085987567901611e+02
7.383063673973083496e+02
7.413566510677337646e+02
7.445927729606628418e+02
7.480468220710754395e+02
7.520042548179626465e+02
7.558911998271942139e+02
7.589806289672851562e+02
7.639341928958892822e+02
7.678639605045318604e+02
7.713404350280761719e+02
7.747010262012481689e+02
7.782379920482635498e+02
7.817130641937255859e+02
7.855731680393218994e+02
7.889808180332183838e+02
7.933048899173736572e+02
7.974172804355621338e+02
8.014617238044738770e+02
8.046905672550201416e+02
8.078829200267791748e+02
8.110537118911743164e+02
8.147982668876647949e+02
8.178818650245666504e+02
8.214148194789886475e+02
8.247062535285949707e+02
8.282863419055938721e+02
8.313596138954162598e+02
